InvoiceID,InvoiceNumber,CustomerID,OrderID,InvoiceDate,DueDate,SubTotal,TaxAmount,TotalAmount,InvoiceStatus,CreatedBy
INV-877a2538-f3f7-4886-99dd-e36d0cbcb385,ID200000,CID-001,877a2538-f3f7-4886-99dd-e36d0cbcb385,2025-02-01,2025-03-03,639.88,38.4,678.28,Issued,SampleGen
INV-007f4b2b-8e41-4979-8fb9-8500aeef5583,ID200001,CID-001,007f4b2b-8e41-4979-8fb9-8500aeef5583,2025-02-06,2025-03-08,737.88,44.28,782.16,Issued,SampleGen
INV-1c8e33f0-8b62-4fc4-bb56-e2cd39a48a7d,ID200002,CID-001,1c8e33f0-8b62-4fc4-bb56-e2cd39a48a7d,2025-02-05,2025-03-07,487.84,29.28,517.12,Issued,SampleGen
INV-61c77950-04dd-43bc-9d41-7a7fcee2929c,ID200003,CID-001,61c77950-04dd-43bc-9d41-7a7fcee2929c,2025-03-16,2025-04-15,975.8,58.56,1034.36,Issued,SampleGen
INV-e1bbe7f7-3c2a-4ce3-bdc8-f67c812f4ef5,ID200004,CID-001,e1bbe7f7-3c2a-4ce3-bdc8-f67c812f4ef5,2025-03-28,2025-04-27,1783.84,107.04,1890.88,Issued,SampleGen
INV-511ee157-a1e9-449b-8788-385ba825acc0,ID200005,CID-001,511ee157-a1e9-449b-8788-385ba825acc0,2025-04-18,2025-05-18,1103.72,66.24,1169.96,Issued,SampleGen
INV-f7362939-7c7f-4bcf-8129-30360712ca68,ID200006,CID-001,f7362939-7c7f-4bcf-8129-30360712ca68,2025-04-16,2025-05-16,1719.76,103.2,1822.96,Issued,SampleGen
INV-92fcb5cd-2f37-434e-bada-72826ba83954,ID200007,CID-001,92fcb5cd-2f37-434e-bada-72826ba83954,2025-04-02,2025-05-02,1871.78,112.32,1984.1,Issued,SampleGen
INV-3daebd4b-e16e-43fe-8e56-aa1764956fec,ID200008,CID-001,3daebd4b-e16e-43fe-8e56-aa1764956fec,2025-05-24,2025-06-23,3959.8,237.6,4197.4,Issued,SampleGen
INV-e641ae1a-7a1f-4c25-a706-5ec993685eae,ID200009,CID-001,e641ae1a-7a1f-4c25-a706-5ec993685eae,2025-05-21,2025-06-20,3095.76,185.76,3281.52,Issued,SampleGen
INV-38acae16-acc0-4002-99e7-234959e5760f,ID200010,CID-001,38acae16-acc0-4002-99e7-234959e5760f,2025-05-04,2025-06-03,1399.82,84.0,1483.82,Issued,SampleGen
INV-b75966e3-c159-48ca-bf89-6b5f4a136811,ID200011,CID-001,b75966e3-c159-48ca-bf89-6b5f4a136811,2025-06-07,2025-07-07,3683.74,221.04,3904.78,Issued,SampleGen
INV-0b566270-b811-4e50-9822-a98e9d16e2f8,ID200012,CID-001,0b566270-b811-4e50-9822-a98e9d16e2f8,2025-06-24,2025-07-24,1695.78,101.76,1797.54,Issued,SampleGen
INV-1faae9d8-e400-4224-b4ab-f1c938bdee89,ID200013,CID-001,1faae9d8-e400-4224-b4ab-f1c938bdee89,2025-06-08,2025-07-08,413.86,24.84,438.7,Issued,SampleGen
INV-17a3d559-416e-404e-a04d-2cdb984e23b7,ID200014,CID-001,17a3d559-416e-404e-a04d-2cdb984e23b7,2025-07-30,2025-08-29,1927.86,115.68,2043.54,Issued,SampleGen
INV-11092df8-6fb8-4e15-89b6-8d5666d1803d,ID200015,CID-001,11092df8-6fb8-4e15-89b6-8d5666d1803d,2025-07-10,2025-08-09,425.88,25.56,451.44,Issued,SampleGen
INV-470a9bf0-feb9-40de-a6d7-b236f49cac4c,ID200016,CID-001,470a9bf0-feb9-40de-a6d7-b236f49cac4c,2025-07-23,2025-08-22,4175.82,250.56,4426.38,Issued,SampleGen
INV-5a3bfa22-bea7-4c38-8501-c2f0aab8129e,ID200017,CID-001,5a3bfa22-bea7-4c38-8501-c2f0aab8129e,2025-09-01,2025-10-01,1587.76,95.28,1683.04,Issued,SampleGen
INV-451af241-9985-497c-b8cb-5721cb3a8340,ID200018,CID-001,451af241-9985-497c-b8cb-5721cb3a8340,2025-08-14,2025-09-13,5111.88,306.72,5418.6,Issued,SampleGen
INV-f7280f15-99c2-424d-8453-5bde0a570aeb,ID200019,CID-001,f7280f15-99c2-424d-8453-5bde0a570aeb,2025-08-24,2025-09-23,621.82,37.32,659.14,Issued,SampleGen
INV-508b7cf8-5a87-4c46-bb6f-70d446d4e762,ID200020,CID-001,508b7cf8-5a87-4c46-bb6f-70d446d4e762,2025-09-05,2025-10-05,357.86,21.48,379.34,Issued,SampleGen
INV-4ce41412-e13e-4c9c-95f8-9c91f6cb2221,ID200021,CID-001,4ce41412-e13e-4c9c-95f8-9c91f6cb2221,2025-09-17,2025-10-17,4167.88,250.08,4417.96,Issued,SampleGen
INV-2ac3fb01-262d-4fe1-9686-5a4dc3d56b0c,ID200022,CID-001,2ac3fb01-262d-4fe1-9686-5a4dc3d56b0c,2025-09-23,2025-10-23,3739.74,224.4,3964.14,Issued,SampleGen
INV-6cdb49f8-7978-42be-8fa1-e0cd7546a9cf,ID200023,CID-001,6cdb49f8-7978-42be-8fa1-e0cd7546a9cf,2025-10-16,2025-11-15,507.86,30.48,538.34,Issued,SampleGen
INV-7868de53-70b7-49c0-ae6c-a84fd5f6133f,ID200024,CID-001,7868de53-70b7-49c0-ae6c-a84fd5f6133f,2025-10-31,2025-11-30,1729.86,103.8,1833.66,Issued,SampleGen
INV-96aececb-0f8d-4fe7-ba65-4fecc53657f7,ID200025,CID-001,96aececb-0f8d-4fe7-ba65-4fecc53657f7,2025-10-25,2025-11-24,2615.8,156.96,2772.76,Issued,SampleGen
INV-40a4e500-8a13-444c-927b-a426c96b03b9,ID200026,CID-001,40a4e500-8a13-444c-927b-a426c96b03b9,2025-10-03,2025-11-02,1075.78,64.56,1140.34,Issued,SampleGen
INV-ec09d4b1-8777-4f32-8c78-2479398d8773,ID200027,CID-001,ec09d4b1-8777-4f32-8c78-2479398d8773,2025-11-23,2025-12-23,911.72,54.72,966.44,Issued,SampleGen
INV-662e6d76-5912-41f2-b099-eacd35e4d411,ID200028,CID-001,662e6d76-5912-41f2-b099-eacd35e4d411,2025-11-14,2025-12-14,1715.88,102.96,1818.84,Issued,SampleGen
INV-a4ab0e3d-6498-4576-89ed-99e230c31b71,ID200029,CID-001,a4ab0e3d-6498-4576-89ed-99e230c31b71,2025-11-15,2025-12-15,5081.76,304.92,5386.68,Issued,SampleGen
INV-d66fd549-b4e9-4ba1-8617-c000fa4c8092,ID200030,CID-001,d66fd549-b4e9-4ba1-8617-c000fa4c8092,2025-11-22,2025-12-22,3831.82,229.92,4061.74,Issued,SampleGen
INV-81b0eb47-5a1b-44e7-947e-05e0118eab5b,ID200031,CID-001,81b0eb47-5a1b-44e7-947e-05e0118eab5b,2025-12-20,2026-01-19,3671.84,220.32,3892.16,Issued,SampleGen
INV-7b01164c-58be-48d0-9e8c-3fa2513a0181,ID200032,CID-001,7b01164c-58be-48d0-9e8c-3fa2513a0181,2025-12-22,2026-01-21,713.8,42.84,756.64,Issued,SampleGen
INV-31aee1db-e315-4284-b3ed-804c10cee3b6,ID200033,CID-001,31aee1db-e315-4284-b3ed-804c10cee3b6,2025-12-09,2026-01-08,1967.84,118.08,2085.92,Issued,SampleGen
INV-c6216379-6e0a-4028-9a75-5c20d0e3f0a5,ID200034,CID-001,c6216379-6e0a-4028-9a75-5c20d0e3f0a5,2025-12-14,2026-01-13,4167.88,250.08,4417.96,Issued,SampleGen
INV-b0274e51-ac2b-4290-a6ab-a26546bb7da1,ID200035,CID-001,b0274e51-ac2b-4290-a6ab-a26546bb7da1,2026-01-21,2026-02-20,3837.78,230.28,4068.06,Issued,SampleGen
INV-38a59f40-092c-4ec1-a9f9-b45a64804c72,ID200036,CID-001,38a59f40-092c-4ec1-a9f9-b45a64804c72,2026-01-12,2026-02-11,1683.86,101.04,1784.9,Issued,SampleGen
INV-7e5511b3-c007-434c-a4a7-2022dc626e21,ID200037,CID-001,7e5511b3-c007-434c-a4a7-2022dc626e21,2026-01-10,2026-02-09,4927.84,295.68,5223.52,Issued,SampleGen
INV-5b41687a-4159-4c79-9cc5-a9717dbd3060,ID200038,CID-001,5b41687a-4159-4c79-9cc5-a9717dbd3060,2026-01-28,2026-02-27,3721.82,223.32,3945.14,Issued,SampleGen
INV-844442a3-58d6-4641-9780-89decb0696f8,ID200039,CID-001,844442a3-58d6-4641-9780-89decb0696f8,2026-01-15,2026-02-14,211.92,12.72,224.64,Issued,SampleGen
INV-2d945b3e-e6a1-42c3-b88a-2fa8f3840b2b,ID200040,CID-001,2d945b3e-e6a1-42c3-b88a-2fa8f3840b2b,2026-02-28,2026-03-30,419.88,25.2,445.08,Issued,SampleGen
INV-1db670e0-0c19-4dae-bdc5-0c319ba72d66,ID200041,CID-001,1db670e0-0c19-4dae-bdc5-0c319ba72d66,2026-02-06,2026-03-08,887.82,53.28,941.1,Issued,SampleGen
INV-0707a121-40fc-486f-ab89-e2b0fcc44aeb,ID200042,CID-001,0707a121-40fc-486f-ab89-e2b0fcc44aeb,2026-02-03,2026-03-05,1219.9,73.2,1293.1,Issued,SampleGen
INV-77ad3c2f-93b2-45c9-b3c1-f1ed06736672,ID200043,CID-001,77ad3c2f-93b2-45c9-b3c1-f1ed06736672,2026-02-13,2026-03-15,497.8,29.88,527.68,Issued,SampleGen
INV-caf2f83f-2723-4c6e-b814-7d74fa7ccbcb,ID200044,CID-001,caf2f83f-2723-4c6e-b814-7d74fa7ccbcb,2026-03-16,2026-04-15,5019.86,301.2,5321.06,Issued,SampleGen
INV-d3e4c302-edf4-43bb-a58e-288000bfd526,ID200045,CID-001,d3e4c302-edf4-43bb-a58e-288000bfd526,2026-03-12,2026-04-11,2139.84,128.4,2268.24,Issued,SampleGen
INV-d82e116f-3316-4ee4-8d9d-a119ea88ced8,ID200046,CID-001,d82e116f-3316-4ee4-8d9d-a119ea88ced8,2026-03-03,2026-04-02,703.88,42.24,746.12,Issued,SampleGen
INV-7399d8cc-c9cd-4fb1-9946-47ce911b0697,ID200047,CID-001,7399d8cc-c9cd-4fb1-9946-47ce911b0697,2026-03-05,2026-04-04,1359.78,81.6,1441.38,Issued,SampleGen
INV-76599b84-ed94-4296-ac74-8c9f137daf6d,ID200048,CID-001,76599b84-ed94-4296-ac74-8c9f137daf6d,2026-03-23,2026-04-22,2947.82,176.88,3124.7,Issued,SampleGen
INV-28c53a51-676b-4314-a5ba-0b9e6e7c7e18,ID200049,CID-001,28c53a51-676b-4314-a5ba-0b9e6e7c7e18,2026-04-10,2026-05-10,815.8,48.96,864.76,Issued,SampleGen
INV-12120d57-2e03-40c4-83ac-2816e81e764f,ID200050,CID-001,12120d57-2e03-40c4-83ac-2816e81e764f,2026-04-26,2026-05-26,3605.76,216.36,3822.12,Issued,SampleGen
INV-22ccfad7-c126-4cae-abcd-63094787b488,ID200051,CID-001,22ccfad7-c126-4cae-abcd-63094787b488,2026-04-16,2026-05-16,3799.8,228.0,4027.8,Issued,SampleGen
INV-229a3091-4ee8-4e66-ad90-0d143d27bbcf,ID200052,CID-001,229a3091-4ee8-4e66-ad90-0d143d27bbcf,2026-04-27,2026-05-27,2455.82,147.36,2603.18,Issued,SampleGen
INV-97a9a8e1-983f-4899-91c9-8c5179b9bcdc,ID200053,CID-001,97a9a8e1-983f-4899-91c9-8c5179b9bcdc,2026-04-17,2026-05-17,1095.8,65.76,1161.56,Issued,SampleGen
INV-d5539684-bb38-4f33-a21f-ce2840b9db78,ID200054,CID-002,d5539684-bb38-4f33-a21f-ce2840b9db78,2025-04-14,2025-05-14,4205.78,252.36,4458.14,Issued,SampleGen
INV-20879b5e-9e58-4a2d-b2f1-1e48d5a70315,ID200055,CID-002,20879b5e-9e58-4a2d-b2f1-1e48d5a70315,2025-12-03,2026-01-02,1289.88,77.4,1367.28,Issued,SampleGen
INV-28f609a4-fd6d-43b9-ae3d-271eee466344,ID200056,CID-002,28f609a4-fd6d-43b9-ae3d-271eee466344,2026-03-29,2026-04-28,999.8,60.0,1059.8,Issued,SampleGen
INV-49f4a76c-ce05-4d07-afdf-c7b04bafbc8c,ID200057,CID-003,49f4a76c-ce05-4d07-afdf-c7b04bafbc8c,2025-01-04,2025-02-03,815.88,48.96,864.84,Issued,SampleGen
INV-02aba1d5-7243-4475-81c7-be3ee5a4964c,ID200058,CID-003,02aba1d5-7243-4475-81c7-be3ee5a4964c,2025-04-12,2025-05-12,1783.82,107.04,1890.86,Issued,SampleGen
INV-f0c7d258-adc7-4399-a5af-25ab7fb0eae8,ID200059,CID-003,f0c7d258-adc7-4399-a5af-25ab7fb0eae8,2025-05-16,2025-06-15,1389.82,83.4,1473.22,Issued,SampleGen
INV-74b55bd5-4eec-4466-b84f-b416a10503d0,ID200060,CID-003,74b55bd5-4eec-4466-b84f-b416a10503d0,2025-06-07,2025-07-07,1873.8,112.44,1986.24,Issued,SampleGen
INV-c25ffa74-9b0d-4e9f-bb60-5d7ef2ba63b7,ID200061,CID-003,c25ffa74-9b0d-4e9f-bb60-5d7ef2ba63b7,2025-08-29,2025-09-28,743.84,44.64,788.48,Issued,SampleGen
INV-4a967034-a164-4ed5-b429-0e9f42b0fe9f,ID200062,CID-003,4a967034-a164-4ed5-b429-0e9f42b0fe9f,2025-09-23,2025-10-23,347.88,20.88,368.76,Issued,SampleGen
INV-693a55c8-1c70-484e-ab32-76c771581a4e,ID200063,CID-003,693a55c8-1c70-484e-ab32-76c771581a4e,2025-10-26,2025-11-25,1733.86,104.04,1837.9,Issued,SampleGen
INV-45f34c25-c01b-446d-b653-d5d6f05a55d3,ID200064,CID-003,45f34c25-c01b-446d-b653-d5d6f05a55d3,2025-11-13,2025-12-13,767.9,46.08,813.98,Issued,SampleGen
INV-be2eb7fe-91b0-457e-b991-ffd301d46428,ID200065,CID-003,be2eb7fe-91b0-457e-b991-ffd301d46428,2025-12-08,2026-01-07,939.8,56.4,996.2,Issued,SampleGen
INV-f4b07a7b-132b-45d8-a4b9-0ed06c019cf8,ID200066,CID-003,f4b07a7b-132b-45d8-a4b9-0ed06c019cf8,2026-01-26,2026-02-25,319.88,19.2,339.08,Issued,SampleGen
INV-42a34fba-2543-4b13-9b10-d71392f7d0ea,ID200067,CID-003,42a34fba-2543-4b13-9b10-d71392f7d0ea,2026-02-26,2026-03-28,3045.76,182.76,3228.52,Issued,SampleGen
INV-1a3967c2-33a7-42e6-b1e0-a94549c0b200,ID200068,CID-003,1a3967c2-33a7-42e6-b1e0-a94549c0b200,2026-02-24,2026-03-26,431.92,25.92,457.84,Issued,SampleGen
INV-1e4785f3-a5e2-427a-abbd-d0b32b3e9b70,ID200069,CID-003,1e4785f3-a5e2-427a-abbd-d0b32b3e9b70,2026-03-23,2026-04-22,2775.82,166.56,2942.38,Issued,SampleGen
INV-e07d877f-6153-4a70-9f73-424033b1a24b,ID200070,CID-003,e07d877f-6153-4a70-9f73-424033b1a24b,2026-03-09,2026-04-08,1131.82,67.92,1199.74,Issued,SampleGen
INV-c760fb03-dcd6-4ce8-98e2-c87da1abb647,ID200071,CID-003,c760fb03-dcd6-4ce8-98e2-c87da1abb647,2026-04-30,2026-05-30,917.86,55.08,972.94,Issued,SampleGen
INV-2a536a92-78f0-4e10-a15e-733201d1fe7b,ID200072,CID-004,2a536a92-78f0-4e10-a15e-733201d1fe7b,2025-04-14,2025-05-14,981.8,58.92,1040.72,Issued,SampleGen
INV-679cb7b9-b37e-4165-a22e-57191737e2f3,ID200073,CID-004,679cb7b9-b37e-4165-a22e-57191737e2f3,2025-09-22,2025-10-22,1927.8,115.68,2043.48,Issued,SampleGen
INV-9a1fe3d2-bd3f-4a57-9a3b-336e7dec4cf5,ID200074,CID-004,9a1fe3d2-bd3f-4a57-9a3b-336e7dec4cf5,2026-01-29,2026-02-28,1683.86,101.04,1784.9,Issued,SampleGen
INV-e5698b22-2752-4a6f-8fca-1198fe9debcf,ID200075,CID-005,e5698b22-2752-4a6f-8fca-1198fe9debcf,2025-01-03,2025-02-02,1497.8,89.88,1587.68,Issued,SampleGen
INV-2b45331e-c2f0-4efe-8acd-abd5733efbd7,ID200076,CID-005,2b45331e-c2f0-4efe-8acd-abd5733efbd7,2025-03-18,2025-04-17,4771.7,286.32,5058.02,Issued,SampleGen
INV-a5bd75a2-f3de-4d3b-af24-c77ed30430d3,ID200077,CID-005,a5bd75a2-f3de-4d3b-af24-c77ed30430d3,2025-04-05,2025-05-05,2349.78,141.0,2490.78,Issued,SampleGen
INV-d32622de-88c7-43c7-b7b3-eab582bf6a90,ID200078,CID-005,d32622de-88c7-43c7-b7b3-eab582bf6a90,2025-06-01,2025-07-01,995.86,59.76,1055.62,Issued,SampleGen
INV-588c0638-7887-43e8-a912-881a308ef67e,ID200079,CID-005,588c0638-7887-43e8-a912-881a308ef67e,2025-06-02,2025-07-02,1553.8,93.24,1647.04,Issued,SampleGen
INV-b08d864d-9196-4574-a87d-239b9e156276,ID200080,CID-005,b08d864d-9196-4574-a87d-239b9e156276,2025-07-05,2025-08-04,3593.8,215.64,3809.44,Issued,SampleGen
INV-085cc273-da1d-4a26-88e9-c3e88b902053,ID200081,CID-005,085cc273-da1d-4a26-88e9-c3e88b902053,2025-08-25,2025-09-24,2199.82,132.0,2331.82,Issued,SampleGen
INV-1f91ddc8-11d0-4afa-aaa8-853d2a7d034f,ID200082,CID-005,1f91ddc8-11d0-4afa-aaa8-853d2a7d034f,2025-09-18,2025-10-18,1519.92,91.2,1611.12,Issued,SampleGen
INV-0f221c21-4d8b-415d-a63b-887fd79827e3,ID200083,CID-005,0f221c21-4d8b-415d-a63b-887fd79827e3,2025-10-07,2025-11-06,985.86,59.16,1045.02,Issued,SampleGen
INV-70943829-3c6d-4fcb-b23e-d8ff27681b75,ID200084,CID-005,70943829-3c6d-4fcb-b23e-d8ff27681b75,2025-11-22,2025-12-22,4303.76,258.24,4562.0,Issued,SampleGen
INV-52287454-352a-4f5d-a29c-ab696afc7d6b,ID200085,CID-005,52287454-352a-4f5d-a29c-ab696afc7d6b,2025-12-08,2026-01-07,1659.88,99.6,1759.48,Issued,SampleGen
INV-d0273a77-d088-4ffd-8a5a-450a25297cc8,ID200086,CID-005,d0273a77-d088-4ffd-8a5a-450a25297cc8,2026-01-21,2026-02-20,4323.78,259.44,4583.22,Issued,SampleGen
INV-e0112976-00da-4818-b81c-00e25ef5a960,ID200087,CID-005,e0112976-00da-4818-b81c-00e25ef5a960,2026-03-01,2026-03-31,1447.8,86.88,1534.68,Issued,SampleGen
INV-dc1cc5dd-468f-4df9-ab8b-ead25c32ea7b,ID200088,CID-005,dc1cc5dd-468f-4df9-ab8b-ead25c32ea7b,2026-03-12,2026-04-11,1183.8,71.04,1254.84,Issued,SampleGen
INV-93e0fd52-789c-4471-be3a-add7a3939017,ID200089,CID-005,93e0fd52-789c-4471-be3a-add7a3939017,2026-04-25,2026-05-25,1195.8,71.76,1267.56,Issued,SampleGen
INV-44c77ccb-57f0-4b74-b06f-34a4677d7942,ID200090,CID-006,44c77ccb-57f0-4b74-b06f-34a4677d7942,2025-01-06,2025-02-05,551.88,33.12,585.0,Issued,SampleGen
INV-98a1f66f-dece-49de-b1d3-d131ccb1d15b,ID200091,CID-006,98a1f66f-dece-49de-b1d3-d131ccb1d15b,2025-02-23,2025-03-25,4451.76,267.12,4718.88,Issued,SampleGen
INV-c1d8c5cc-eb2d-4e32-a6ba-3b503c49765b,ID200092,CID-006,c1d8c5cc-eb2d-4e32-a6ba-3b503c49765b,2025-02-03,2025-03-05,2111.9,126.72,2238.62,Issued,SampleGen
INV-41d2c892-8600-43d4-b9ec-4a302a4b57cc,ID200093,CID-006,41d2c892-8600-43d4-b9ec-4a302a4b57cc,2025-03-22,2025-04-21,5663.74,339.84,6003.58,Issued,SampleGen
INV-d2664179-c652-4d6d-bd50-d581e20e2ed3,ID200094,CID-006,d2664179-c652-4d6d-bd50-d581e20e2ed3,2025-03-28,2025-04-27,1411.9,84.72,1496.62,Issued,SampleGen
INV-413da57e-7a28-46df-bbf9-5ce680165421,ID200095,CID-006,413da57e-7a28-46df-bbf9-5ce680165421,2025-04-17,2025-05-17,471.88,28.32,500.2,Issued,SampleGen
INV-ed3fc8eb-8c2a-4188-9773-3b4c801bb225,ID200096,CID-006,ed3fc8eb-8c2a-4188-9773-3b4c801bb225,2025-04-24,2025-05-24,743.8,44.64,788.44,Issued,SampleGen
INV-ec3d526d-3ed9-4551-8b6a-7b78bc3d5bc9,ID200097,CID-006,ec3d526d-3ed9-4551-8b6a-7b78bc3d5bc9,2025-05-17,2025-06-16,727.88,43.68,771.56,Issued,SampleGen
INV-9976e900-918f-4587-94ec-7524ed8042f0,ID200098,CID-006,9976e900-918f-4587-94ec-7524ed8042f0,2025-05-17,2025-06-16,2977.74,178.68,3156.42,Issued,SampleGen
INV-10592a66-d1d0-4f69-91e4-a5258b82ece4,ID200099,CID-006,10592a66-d1d0-4f69-91e4-a5258b82ece4,2025-05-31,2025-06-30,3503.82,210.24,3714.06,Issued,SampleGen
INV-b05dc3fb-6089-460c-8df5-66a41360c175,ID200100,CID-006,b05dc3fb-6089-460c-8df5-66a41360c175,2025-06-15,2025-07-15,3869.76,232.2,4101.96,Issued,SampleGen
INV-acc94f0a-7fe6-4c0c-b97f-49b8f7718eb8,ID200101,CID-006,acc94f0a-7fe6-4c0c-b97f-49b8f7718eb8,2025-06-08,2025-07-08,565.86,33.96,599.82,Issued,SampleGen
INV-8ba698c1-7514-4fae-927b-be7f4dc2a024,ID200102,CID-006,8ba698c1-7514-4fae-927b-be7f4dc2a024,2025-07-04,2025-08-03,1303.88,78.24,1382.12,Issued,SampleGen
INV-d6d863b4-9bb4-4da3-8c0e-a409662c4c8b,ID200103,CID-006,d6d863b4-9bb4-4da3-8c0e-a409662c4c8b,2025-07-20,2025-08-19,3095.88,185.76,3281.64,Issued,SampleGen
INV-8c1b6c68-4a42-4e5a-9ef5-f2e3d3f85005,ID200104,CID-006,8c1b6c68-4a42-4e5a-9ef5-f2e3d3f85005,2025-07-19,2025-08-18,1927.86,115.68,2043.54,Issued,SampleGen
INV-e24a4f6e-e138-4655-9bc9-5cd8400e4951,ID200105,CID-006,e24a4f6e-e138-4655-9bc9-5cd8400e4951,2025-08-17,2025-09-16,999.86,60.0,1059.86,Issued,SampleGen
INV-6e7cf0e7-5cea-43bc-9c66-4464f0e35dc4,ID200106,CID-006,6e7cf0e7-5cea-43bc-9c66-4464f0e35dc4,2025-08-17,2025-09-16,931.84,55.92,987.76,Issued,SampleGen
INV-830085a1-84bd-4475-a51a-39b4154c804d,ID200107,CID-006,830085a1-84bd-4475-a51a-39b4154c804d,2025-08-29,2025-09-28,471.88,28.32,500.2,Issued,SampleGen
INV-d4c7ba21-c74a-4139-993a-d96e22618dba,ID200108,CID-006,d4c7ba21-c74a-4139-993a-d96e22618dba,2025-09-25,2025-10-25,1873.82,112.44,1986.26,Issued,SampleGen
INV-4cead6c0-8897-49f0-bc99-029c285e7e8f,ID200109,CID-006,4cead6c0-8897-49f0-bc99-029c285e7e8f,2025-09-09,2025-10-09,1887.84,113.28,2001.12,Issued,SampleGen
INV-38a8b4cb-74ef-498a-a916-37489b97f808,ID200110,CID-006,38a8b4cb-74ef-498a-a916-37489b97f808,2025-09-17,2025-10-17,1651.84,99.12,1750.96,Issued,SampleGen
INV-e3e408bd-1aa8-4e8f-86ab-9867e5a450b7,ID200111,CID-006,e3e408bd-1aa8-4e8f-86ab-9867e5a450b7,2025-10-05,2025-11-04,3015.7,180.96,3196.66,Issued,SampleGen
INV-a5c64c72-0df0-4511-be1a-b6df7afdcd77,ID200112,CID-006,a5c64c72-0df0-4511-be1a-b6df7afdcd77,2025-10-22,2025-11-21,883.72,53.04,936.76,Issued,SampleGen
INV-5ebd68f2-4f4f-4918-847b-886945f37584,ID200113,CID-006,5ebd68f2-4f4f-4918-847b-886945f37584,2025-10-19,2025-11-18,283.88,17.04,300.92,Issued,SampleGen
INV-cd949022-0089-44db-9aea-23560bd15bfb,ID200114,CID-006,cd949022-0089-44db-9aea-23560bd15bfb,2025-11-11,2025-12-11,1707.84,102.48,1810.32,Issued,SampleGen
INV-a78d04dc-8e66-443c-9111-a867ef770ae9,ID200115,CID-006,a78d04dc-8e66-443c-9111-a867ef770ae9,2025-11-14,2025-12-14,659.88,39.6,699.48,Issued,SampleGen
INV-322d043d-0a67-43de-923b-55464e1434ad,ID200116,CID-006,322d043d-0a67-43de-923b-55464e1434ad,2025-11-17,2025-12-17,397.86,23.88,421.74,Issued,SampleGen
INV-2fcf1021-5095-44ba-bc06-95d6563c507c,ID200117,CID-006,2fcf1021-5095-44ba-bc06-95d6563c507c,2025-11-18,2025-12-18,919.88,55.2,975.08,Issued,SampleGen
INV-b1c43cd3-804c-4caa-8196-e9977d54805a,ID200118,CID-006,b1c43cd3-804c-4caa-8196-e9977d54805a,2025-12-23,2026-01-22,3459.88,207.6,3667.48,Issued,SampleGen
INV-ff8b9706-a81b-481b-9f9e-03964b83ef3a,ID200119,CID-006,ff8b9706-a81b-481b-9f9e-03964b83ef3a,2025-12-22,2026-01-21,423.9,25.44,449.34,Issued,SampleGen
INV-6d243656-4bb2-4d38-a20f-c475985fb478,ID200120,CID-006,6d243656-4bb2-4d38-a20f-c475985fb478,2025-12-24,2026-01-23,829.8,49.8,879.6,Issued,SampleGen
INV-9deb3b5e-8278-4fae-917b-0d4095c69c05,ID200121,CID-006,9deb3b5e-8278-4fae-917b-0d4095c69c05,2025-12-04,2026-01-03,3407.92,204.48,3612.4,Issued,SampleGen
INV-de1342ed-8496-4ab3-8ae1-ef549c815477,ID200122,CID-006,de1342ed-8496-4ab3-8ae1-ef549c815477,2026-01-16,2026-02-15,597.8,35.88,633.68,Issued,SampleGen
INV-c61a19e5-9295-4b90-a31d-dce2649c1636,ID200123,CID-006,c61a19e5-9295-4b90-a31d-dce2649c1636,2026-01-12,2026-02-11,1845.74,110.76,1956.5,Issued,SampleGen
INV-03b0ef62-3d89-4a7d-844c-8cc42c8943b2,ID200124,CID-006,03b0ef62-3d89-4a7d-844c-8cc42c8943b2,2026-01-12,2026-02-11,4283.76,257.04,4540.8,Issued,SampleGen
INV-bfbb1f1f-d826-4b5a-9513-48287a8cb24b,ID200125,CID-006,bfbb1f1f-d826-4b5a-9513-48287a8cb24b,2026-01-15,2026-02-14,4075.86,244.56,4320.42,Issued,SampleGen
INV-f87fe1d3-ffb7-41e4-aad9-dd3eaf8d1a4f,ID200126,CID-006,f87fe1d3-ffb7-41e4-aad9-dd3eaf8d1a4f,2026-02-14,2026-03-16,1135.8,68.16,1203.96,Issued,SampleGen
INV-dbecf285-d221-40e8-bec5-022cf80399cf,ID200127,CID-006,dbecf285-d221-40e8-bec5-022cf80399cf,2026-02-15,2026-03-17,4283.84,257.04,4540.88,Issued,SampleGen
INV-60c92a68-a593-4324-bce7-bce335f83427,ID200128,CID-006,60c92a68-a593-4324-bce7-bce335f83427,2026-02-27,2026-03-29,4155.78,249.36,4405.14,Issued,SampleGen
INV-00508ec0-2513-4e7a-8591-f650d426e484,ID200129,CID-006,00508ec0-2513-4e7a-8591-f650d426e484,2026-02-15,2026-03-17,1483.78,89.04,1572.82,Issued,SampleGen
INV-3318c117-c11d-47c1-bae3-e642127582b3,ID200130,CID-006,3318c117-c11d-47c1-bae3-e642127582b3,2026-03-06,2026-04-05,1965.78,117.96,2083.74,Issued,SampleGen
INV-403dac9e-fce3-48db-8ad4-c09a05d300bb,ID200131,CID-006,403dac9e-fce3-48db-8ad4-c09a05d300bb,2026-03-03,2026-04-02,5239.7,314.4,5554.1,Issued,SampleGen
INV-c359c248-e42f-4cdf-a439-49b026598d25,ID200132,CID-006,c359c248-e42f-4cdf-a439-49b026598d25,2026-03-30,2026-04-29,2099.84,126.0,2225.84,Issued,SampleGen
INV-b5df1faa-3578-45f6-9dc4-e41b5ce3f326,ID200133,CID-006,b5df1faa-3578-45f6-9dc4-e41b5ce3f326,2026-03-26,2026-04-25,409.82,24.6,434.42,Issued,SampleGen
INV-a263cb81-c55c-4a46-a63d-ab8ce24d1e67,ID200134,CID-006,a263cb81-c55c-4a46-a63d-ab8ce24d1e67,2026-03-14,2026-04-13,2695.84,161.76,2857.6,Issued,SampleGen
INV-5c9c888b-ff58-4900-912b-70abcabc5653,ID200135,CID-006,5c9c888b-ff58-4900-912b-70abcabc5653,2026-04-18,2026-05-18,1231.8,73.92,1305.72,Issued,SampleGen
INV-45c2fc9b-bf8a-4b11-a4c5-1ded293c4075,ID200136,CID-006,45c2fc9b-bf8a-4b11-a4c5-1ded293c4075,2026-04-16,2026-05-16,743.84,44.64,788.48,Issued,SampleGen
INV-12c2399e-ea08-4350-8da0-61851361f794,ID200137,CID-006,12c2399e-ea08-4350-8da0-61851361f794,2026-04-29,2026-05-29,511.9,30.72,542.62,Issued,SampleGen
INV-a5f27b8e-cbab-4565-a966-584130065912,ID200138,CID-006,a5f27b8e-cbab-4565-a966-584130065912,2026-04-20,2026-05-20,1015.78,60.96,1076.74,Issued,SampleGen
INV-c2c5248d-46bc-4ac1-82a8-c1178ea0cec0,ID200139,CID-006,c2c5248d-46bc-4ac1-82a8-c1178ea0cec0,2026-04-14,2026-05-14,1079.88,64.8,1144.68,Issued,SampleGen
INV-9f6ca59f-e0c2-4af7-950a-91d5d766ddd0,ID200140,CID-007,9f6ca59f-e0c2-4af7-950a-91d5d766ddd0,2025-02-22,2025-03-24,3239.76,194.4,3434.16,Issued,SampleGen
INV-832aaeeb-cac4-4116-a3ad-9bf3530ca361,ID200141,CID-007,832aaeeb-cac4-4116-a3ad-9bf3530ca361,2025-03-22,2025-04-21,1163.78,69.84,1233.62,Issued,SampleGen
INV-537c7a12-5d6c-4e0b-ac79-78e111437ed2,ID200142,CID-007,537c7a12-5d6c-4e0b-ac79-78e111437ed2,2025-05-08,2025-06-07,7423.72,445.44,7869.16,Issued,SampleGen
INV-701b8676-2a05-4b86-a89a-4a55f12bce18,ID200143,CID-007,701b8676-2a05-4b86-a89a-4a55f12bce18,2025-08-24,2025-09-23,2319.86,139.2,2459.06,Issued,SampleGen
INV-7842eb82-a0a5-4797-bf34-22d5add85664,ID200144,CID-007,7842eb82-a0a5-4797-bf34-22d5add85664,2025-09-22,2025-10-22,2099.76,126.0,2225.76,Issued,SampleGen
INV-7f80f22f-895e-4bf3-a47f-4249f845acc8,ID200145,CID-007,7f80f22f-895e-4bf3-a47f-4249f845acc8,2025-10-19,2025-11-18,1547.88,92.88,1640.76,Issued,SampleGen
INV-7b089504-56de-4491-944d-41f5781e4820,ID200146,CID-007,7b089504-56de-4491-944d-41f5781e4820,2025-12-23,2026-01-22,949.9,57.0,1006.9,Issued,SampleGen
INV-9b24f03d-3fa7-4649-85b6-466979d23656,ID200147,CID-007,9b24f03d-3fa7-4649-85b6-466979d23656,2026-01-19,2026-02-18,815.88,48.96,864.84,Issued,SampleGen
INV-34795d42-10b4-4b60-93d6-0ab8dfa14f7f,ID200148,CID-007,34795d42-10b4-4b60-93d6-0ab8dfa14f7f,2026-02-09,2026-03-11,1255.8,75.36,1331.16,Issued,SampleGen
INV-d4f284bb-768b-461c-8218-4d4d0e1108a0,ID200149,CID-007,d4f284bb-768b-461c-8218-4d4d0e1108a0,2026-03-10,2026-04-09,479.86,28.8,508.66,Issued,SampleGen
INV-39a18219-b545-4ae8-921c-c9b63462eab4,ID200150,CID-007,39a18219-b545-4ae8-921c-c9b63462eab4,2026-04-26,2026-05-26,1587.74,95.28,1683.02,Issued,SampleGen
INV-e6fdd467-7733-4674-a83b-9fa91339a1ff,ID200151,CID-008,e6fdd467-7733-4674-a83b-9fa91339a1ff,2025-01-24,2025-02-23,1279.9,76.8,1356.7,Issued,SampleGen
INV-1a3960ea-d6b5-4710-baf5-f130b12d15b2,ID200152,CID-008,1a3960ea-d6b5-4710-baf5-f130b12d15b2,2025-02-06,2025-03-08,3017.8,181.08,3198.88,Issued,SampleGen
INV-3cb628d3-77f8-4d67-a9d5-858cda59b027,ID200153,CID-008,3cb628d3-77f8-4d67-a9d5-858cda59b027,2025-03-31,2025-04-30,1839.78,110.4,1950.18,Issued,SampleGen
INV-401e8842-09af-4904-bb44-10df3bc8c62a,ID200154,CID-008,401e8842-09af-4904-bb44-10df3bc8c62a,2025-04-28,2025-05-28,967.76,58.08,1025.84,Issued,SampleGen
INV-536191d0-561b-48db-8cb6-8abf746f032a,ID200155,CID-008,536191d0-561b-48db-8cb6-8abf746f032a,2025-04-23,2025-05-23,735.84,44.16,780.0,Issued,SampleGen
INV-6f1c8e58-d29c-4e43-bf1d-74d64a5d549c,ID200156,CID-008,6f1c8e58-d29c-4e43-bf1d-74d64a5d549c,2025-05-02,2025-06-01,775.86,46.56,822.42,Issued,SampleGen
INV-086831d6-0599-4360-b2ab-1353fa23d811,ID200157,CID-008,086831d6-0599-4360-b2ab-1353fa23d811,2025-06-06,2025-07-06,1919.86,115.2,2035.06,Issued,SampleGen
INV-eef30860-3608-4135-8444-8c4d5d4ee7a1,ID200158,CID-008,eef30860-3608-4135-8444-8c4d5d4ee7a1,2025-06-04,2025-07-04,799.8,48.0,847.8,Issued,SampleGen
INV-0afe1089-7796-4ab8-9a39-fbc93f02fdcf,ID200159,CID-008,0afe1089-7796-4ab8-9a39-fbc93f02fdcf,2025-08-01,2025-08-31,3671.84,220.32,3892.16,Issued,SampleGen
INV-6dc10c4a-3cd4-4482-b949-12c430b8c45b,ID200160,CID-008,6dc10c4a-3cd4-4482-b949-12c430b8c45b,2025-08-22,2025-09-21,1381.74,82.92,1464.66,Issued,SampleGen
INV-c84c2e04-4f41-4697-a8b8-3a5a64d313b4,ID200161,CID-008,c84c2e04-4f41-4697-a8b8-3a5a64d313b4,2025-09-23,2025-10-23,1039.84,62.4,1102.24,Issued,SampleGen
INV-4f69cf3d-ae61-460a-8a83-8a1f4e6a60c5,ID200162,CID-008,4f69cf3d-ae61-460a-8a83-8a1f4e6a60c5,2025-10-07,2025-11-06,591.88,35.52,627.4,Issued,SampleGen
INV-756e2e39-068b-49b3-ad13-037346f52f8d,ID200163,CID-008,756e2e39-068b-49b3-ad13-037346f52f8d,2025-10-13,2025-11-12,4259.9,255.6,4515.5,Issued,SampleGen
INV-719c201a-1386-483e-bd5b-bc172617a7f0,ID200164,CID-008,719c201a-1386-483e-bd5b-bc172617a7f0,2025-11-03,2025-12-03,2957.78,177.48,3135.26,Issued,SampleGen
INV-f1399bfa-5725-4d2c-b84d-39909199a0ab,ID200165,CID-008,f1399bfa-5725-4d2c-b84d-39909199a0ab,2025-12-17,2026-01-16,2819.86,169.2,2989.06,Issued,SampleGen
INV-56b65f9a-199f-48eb-a2ce-9a44fc0c1629,ID200166,CID-008,56b65f9a-199f-48eb-a2ce-9a44fc0c1629,2025-12-21,2026-01-20,679.9,40.8,720.7,Issued,SampleGen
INV-b1fc3ca0-6edf-44cf-b8d4-f255d91781fc,ID200167,CID-008,b1fc3ca0-6edf-44cf-b8d4-f255d91781fc,2026-01-17,2026-02-16,3755.88,225.36,3981.24,Issued,SampleGen
INV-683731eb-aee5-4957-9407-42b70a19919f,ID200168,CID-008,683731eb-aee5-4957-9407-42b70a19919f,2026-01-25,2026-02-24,789.84,47.4,837.24,Issued,SampleGen
INV-f3630453-80cb-40b1-98d9-82213664ea8e,ID200169,CID-008,f3630453-80cb-40b1-98d9-82213664ea8e,2026-02-20,2026-03-22,539.86,32.4,572.26,Issued,SampleGen
INV-da208a37-7949-4d94-acee-cf4dbfcb8c03,ID200170,CID-008,da208a37-7949-4d94-acee-cf4dbfcb8c03,2026-03-01,2026-03-31,2061.72,123.72,2185.44,Issued,SampleGen
INV-aca4ce7d-0b2b-4084-81e1-8a12095263ba,ID200171,CID-008,aca4ce7d-0b2b-4084-81e1-8a12095263ba,2026-03-02,2026-04-01,727.88,43.68,771.56,Issued,SampleGen
INV-8b9ac376-8954-4863-8d07-e0a45236e0ff,ID200172,CID-008,8b9ac376-8954-4863-8d07-e0a45236e0ff,2026-03-05,2026-04-04,995.86,59.76,1055.62,Issued,SampleGen
INV-21eca28d-e251-49c8-b66d-a80c096f734b,ID200173,CID-008,21eca28d-e251-49c8-b66d-a80c096f734b,2026-04-18,2026-05-18,1659.84,99.6,1759.44,Issued,SampleGen
INV-ae2b4292-21ab-45db-b0b1-f5219ab68f35,ID200174,CID-008,ae2b4292-21ab-45db-b0b1-f5219ab68f35,2026-04-25,2026-05-25,2719.76,163.2,2882.96,Issued,SampleGen
INV-a2ef7e16-923f-4910-93da-70cda997671d,ID200175,CID-008,a2ef7e16-923f-4910-93da-70cda997671d,2026-04-27,2026-05-27,1349.88,81.0,1430.88,Issued,SampleGen
INV-f235ef97-5ec5-4675-bfa9-faa13ac8454d,ID200176,CID-009,f235ef97-5ec5-4675-bfa9-faa13ac8454d,2025-03-22,2025-04-21,879.84,52.8,932.64,Issued,SampleGen
INV-e3531972-404d-45ec-a054-e2308750b780,ID200177,CID-009,e3531972-404d-45ec-a054-e2308750b780,2025-05-27,2025-06-26,1799.84,108.0,1907.84,Issued,SampleGen
INV-993d9d59-1adb-4fef-8358-da436c6c2390,ID200178,CID-009,993d9d59-1adb-4fef-8358-da436c6c2390,2025-08-10,2025-09-09,1975.88,118.56,2094.44,Issued,SampleGen
INV-093da48d-0b66-4bdf-8d19-5933613d8c06,ID200179,CID-009,093da48d-0b66-4bdf-8d19-5933613d8c06,2025-09-03,2025-10-03,1993.78,119.64,2113.42,Issued,SampleGen
INV-464be390-b786-4da4-b06a-d6c8ce360323,ID200180,CID-009,464be390-b786-4da4-b06a-d6c8ce360323,2025-10-30,2025-11-29,567.8,34.08,601.88,Issued,SampleGen
INV-59f4b5d8-eede-41c9-bd05-b0e7b6d0d8d3,ID200181,CID-009,59f4b5d8-eede-41c9-bd05-b0e7b6d0d8d3,2025-12-08,2026-01-07,423.9,25.44,449.34,Issued,SampleGen
INV-31b7bca0-9b06-48b4-b0ee-547cb1bb3b1a,ID200182,CID-009,31b7bca0-9b06-48b4-b0ee-547cb1bb3b1a,2026-02-28,2026-03-30,455.92,27.36,483.28,Issued,SampleGen
INV-2e80cfd0-fbc2-4e69-a04a-a2457453f836,ID200183,CID-009,2e80cfd0-fbc2-4e69-a04a-a2457453f836,2026-04-16,2026-05-16,809.84,48.6,858.44,Issued,SampleGen
INV-c0f7710d-a25b-4e10-af53-5884c4d97f35,ID200184,CID-010,c0f7710d-a25b-4e10-af53-5884c4d97f35,2025-01-11,2025-02-10,1415.88,84.96,1500.84,Issued,SampleGen
INV-8b006a4a-2e81-4098-a447-c2f0d5c36437,ID200185,CID-010,8b006a4a-2e81-4098-a447-c2f0d5c36437,2025-01-05,2025-02-04,1877.9,112.68,1990.58,Issued,SampleGen
INV-d9d74d67-860d-4c2a-baab-9ce505a0dd5b,ID200186,CID-010,d9d74d67-860d-4c2a-baab-9ce505a0dd5b,2025-02-23,2025-03-25,2191.82,131.52,2323.34,Issued,SampleGen
INV-9c875d51-b4ca-465c-a313-5d6a491bf93f,ID200187,CID-010,9c875d51-b4ca-465c-a313-5d6a491bf93f,2025-02-19,2025-03-21,1087.84,65.28,1153.12,Issued,SampleGen
INV-a1406f90-6522-48ee-8520-6ddebf021348,ID200188,CID-010,a1406f90-6522-48ee-8520-6ddebf021348,2025-03-30,2025-04-29,565.86,33.96,599.82,Issued,SampleGen
INV-83dc6ee6-aa2b-4032-886f-06c212ece94d,ID200189,CID-010,83dc6ee6-aa2b-4032-886f-06c212ece94d,2025-03-18,2025-04-17,799.88,48.0,847.88,Issued,SampleGen
INV-1f7f9410-14b5-42f9-9e48-eae212309690,ID200190,CID-010,1f7f9410-14b5-42f9-9e48-eae212309690,2025-04-26,2025-05-26,4537.76,272.28,4810.04,Issued,SampleGen
INV-839a5e87-0130-4726-b8a4-2764df8e7a70,ID200191,CID-010,839a5e87-0130-4726-b8a4-2764df8e7a70,2025-04-25,2025-05-25,299.88,18.0,317.88,Issued,SampleGen
INV-659c1d4b-9a46-4f02-9d0b-b5739a9f7092,ID200192,CID-010,659c1d4b-9a46-4f02-9d0b-b5739a9f7092,2025-05-23,2025-06-22,3663.78,219.84,3883.62,Issued,SampleGen
INV-07925c88-3a6c-42b4-bd2a-2be8a83479b8,ID200193,CID-010,07925c88-3a6c-42b4-bd2a-2be8a83479b8,2025-05-16,2025-06-15,1475.88,88.56,1564.44,Issued,SampleGen
INV-1792978f-1b08-4363-bf53-9b4f5106af4f,ID200194,CID-010,1792978f-1b08-4363-bf53-9b4f5106af4f,2025-06-15,2025-07-15,661.84,39.72,701.56,Issued,SampleGen
INV-dc8467a4-8a35-4cfa-9131-a77ae2b62915,ID200195,CID-010,dc8467a4-8a35-4cfa-9131-a77ae2b62915,2025-06-13,2025-07-13,2815.7,168.96,2984.66,Issued,SampleGen
INV-0f3627c2-f9ad-400a-86da-8671da700921,ID200196,CID-010,0f3627c2-f9ad-400a-86da-8671da700921,2025-07-14,2025-08-13,917.86,55.08,972.94,Issued,SampleGen
INV-ff01e479-ad92-4737-88fa-8fb0b2c5f852,ID200197,CID-010,ff01e479-ad92-4737-88fa-8fb0b2c5f852,2025-07-31,2025-08-30,3115.82,186.96,3302.78,Issued,SampleGen
INV-32d53174-4bfe-4d6d-b5e9-9e380ceeb4d5,ID200198,CID-010,32d53174-4bfe-4d6d-b5e9-9e380ceeb4d5,2025-07-05,2025-08-04,703.88,42.24,746.12,Issued,SampleGen
INV-9961ac42-886d-4d97-969e-a206b42af9b8,ID200199,CID-010,9961ac42-886d-4d97-969e-a206b42af9b8,2025-08-16,2025-09-15,3291.78,197.52,3489.3,Issued,SampleGen
INV-9a6b6b9b-ef85-45b4-85ec-af9a70454246,ID200200,CID-010,9a6b6b9b-ef85-45b4-85ec-af9a70454246,2025-08-25,2025-09-24,287.88,17.28,305.16,Issued,SampleGen
INV-a18c1e8e-fb47-49c8-84af-72ce0134b492,ID200201,CID-010,a18c1e8e-fb47-49c8-84af-72ce0134b492,2025-08-04,2025-09-03,899.82,54.0,953.82,Issued,SampleGen
INV-de82d9f5-cf7d-451e-b4bf-18c98bc95292,ID200202,CID-010,de82d9f5-cf7d-451e-b4bf-18c98bc95292,2025-08-16,2025-09-15,1747.84,104.88,1852.72,Issued,SampleGen
INV-25fc5573-5f29-4feb-b2dd-41b6e7547615,ID200203,CID-010,25fc5573-5f29-4feb-b2dd-41b6e7547615,2025-09-16,2025-10-16,491.92,29.52,521.44,Issued,SampleGen
INV-ccf0611c-4c7f-420d-937d-dbba73b0bf7b,ID200204,CID-010,ccf0611c-4c7f-420d-937d-dbba73b0bf7b,2025-09-12,2025-10-12,569.9,34.2,604.1,Issued,SampleGen
INV-0a08c380-ca5e-4de2-bb86-cbe9143448d8,ID200205,CID-010,0a08c380-ca5e-4de2-bb86-cbe9143448d8,2025-09-15,2025-10-15,1255.8,75.36,1331.16,Issued,SampleGen
INV-791f5f85-3d8f-4908-8cd3-ad356470f8d7,ID200206,CID-010,791f5f85-3d8f-4908-8cd3-ad356470f8d7,2025-09-08,2025-10-08,4927.84,295.68,5223.52,Issued,SampleGen
INV-3c03d126-9666-4f53-a51b-0f076da3c1dd,ID200207,CID-010,3c03d126-9666-4f53-a51b-0f076da3c1dd,2025-10-05,2025-11-04,1063.88,63.84,1127.72,Issued,SampleGen
INV-c8ea015d-e133-4bd7-9438-103e49b5019b,ID200208,CID-010,c8ea015d-e133-4bd7-9438-103e49b5019b,2025-10-22,2025-11-21,3683.86,221.04,3904.9,Issued,SampleGen
INV-5de2675c-0551-43e5-afc8-d841c097a6dd,ID200209,CID-010,5de2675c-0551-43e5-afc8-d841c097a6dd,2025-10-14,2025-11-13,1299.9,78.0,1377.9,Issued,SampleGen
INV-0c0d58c1-150f-4410-8649-17762875ad1b,ID200210,CID-010,0c0d58c1-150f-4410-8649-17762875ad1b,2025-10-06,2025-11-05,2843.9,170.64,3014.54,Issued,SampleGen
INV-d0dcea64-5a4d-4366-8f21-3e854e2d356a,ID200211,CID-010,d0dcea64-5a4d-4366-8f21-3e854e2d356a,2025-11-14,2025-12-14,1413.84,84.84,1498.68,Issued,SampleGen
INV-70c176b0-45d4-462a-a5bf-a1e849aa5e05,ID200212,CID-010,70c176b0-45d4-462a-a5bf-a1e849aa5e05,2025-11-29,2025-12-29,1427.74,85.68,1513.42,Issued,SampleGen
INV-c55f43df-7dd2-43c2-a1ad-10053bb5c2b8,ID200213,CID-010,c55f43df-7dd2-43c2-a1ad-10053bb5c2b8,2025-11-17,2025-12-17,2175.82,130.56,2306.38,Issued,SampleGen
INV-2571149e-c4d2-48fa-b7c4-75dd5c528af4,ID200214,CID-010,2571149e-c4d2-48fa-b7c4-75dd5c528af4,2025-11-25,2025-12-25,463.88,27.84,491.72,Issued,SampleGen
INV-ffb9a6fb-51b7-4391-8527-5830e27125d3,ID200215,CID-010,ffb9a6fb-51b7-4391-8527-5830e27125d3,2025-12-05,2026-01-04,5431.8,325.92,5757.72,Issued,SampleGen
INV-e5d9687e-7163-4752-9934-e2dd98345672,ID200216,CID-010,e5d9687e-7163-4752-9934-e2dd98345672,2025-12-25,2026-01-24,1339.8,80.4,1420.2,Issued,SampleGen
INV-42293c28-768e-40b2-84e7-edaeb588776a,ID200217,CID-010,42293c28-768e-40b2-84e7-edaeb588776a,2025-12-13,2026-01-12,1635.8,98.16,1733.96,Issued,SampleGen
INV-df660f53-6a78-4a39-819e-ff8727dedd14,ID200218,CID-010,df660f53-6a78-4a39-819e-ff8727dedd14,2025-12-16,2026-01-15,4211.74,252.72,4464.46,Issued,SampleGen
INV-edc02716-9201-449b-8ec0-e66d892ec779,ID200219,CID-010,edc02716-9201-449b-8ec0-e66d892ec779,2026-01-20,2026-02-19,1027.8,61.68,1089.48,Issued,SampleGen
INV-062c165b-54a6-4168-b828-7f9621ed9d52,ID200220,CID-010,062c165b-54a6-4168-b828-7f9621ed9d52,2026-01-14,2026-02-13,947.8,56.88,1004.68,Issued,SampleGen
INV-2c63f046-2d97-42ff-b0e3-9df4c7c32121,ID200221,CID-010,2c63f046-2d97-42ff-b0e3-9df4c7c32121,2026-01-19,2026-02-18,1999.76,120.0,2119.76,Issued,SampleGen
INV-dff7aaa5-7901-49f2-8e0a-83f7790a3d58,ID200222,CID-010,dff7aaa5-7901-49f2-8e0a-83f7790a3d58,2026-01-29,2026-02-28,3539.88,212.4,3752.28,Issued,SampleGen
INV-b749beb8-8ba7-459e-bb77-bd99e43c5c87,ID200223,CID-010,b749beb8-8ba7-459e-bb77-bd99e43c5c87,2026-01-17,2026-02-16,3687.76,221.28,3909.04,Issued,SampleGen
INV-bc5ca0fb-8eae-4b89-a8e2-29c98e737f7b,ID200224,CID-010,bc5ca0fb-8eae-4b89-a8e2-29c98e737f7b,2026-02-20,2026-03-22,1487.78,89.28,1577.06,Issued,SampleGen
INV-edccfbdb-830b-4ce1-a43a-b7e1bef1e65a,ID200225,CID-010,edccfbdb-830b-4ce1-a43a-b7e1bef1e65a,2026-02-06,2026-03-08,5399.72,324.0,5723.72,Issued,SampleGen
INV-0282c8cd-7e86-469c-8a4d-4ccb17824931,ID200226,CID-010,0282c8cd-7e86-469c-8a4d-4ccb17824931,2026-02-05,2026-03-07,2021.74,121.32,2143.06,Issued,SampleGen
INV-133ebf7f-17db-4786-8aac-d13548a3ee97,ID200227,CID-010,133ebf7f-17db-4786-8aac-d13548a3ee97,2026-02-22,2026-03-24,3523.88,211.44,3735.32,Issued,SampleGen
INV-8aa21333-979e-4bbe-8327-846f445e7eb9,ID200228,CID-010,8aa21333-979e-4bbe-8327-846f445e7eb9,2026-02-06,2026-03-08,1083.78,65.04,1148.82,Issued,SampleGen
INV-251108a7-dcb0-42bb-adec-e696bd64b280,ID200229,CID-010,251108a7-dcb0-42bb-adec-e696bd64b280,2026-03-03,2026-04-02,1635.8,98.16,1733.96,Issued,SampleGen
INV-9ff4812f-29fd-4942-8fb6-7e796529bf9b,ID200230,CID-010,9ff4812f-29fd-4942-8fb6-7e796529bf9b,2026-03-25,2026-04-24,695.82,41.76,737.58,Issued,SampleGen
INV-4573c2b5-e6f2-4ec9-bc2d-af91f13a1241,ID200231,CID-010,4573c2b5-e6f2-4ec9-bc2d-af91f13a1241,2026-03-19,2026-04-18,3935.82,236.16,4171.98,Issued,SampleGen
INV-b996dd75-8170-4abb-9467-da44fee986d1,ID200232,CID-010,b996dd75-8170-4abb-9467-da44fee986d1,2026-03-23,2026-04-22,2431.72,145.92,2577.64,Issued,SampleGen
INV-c16f00cc-6983-4f17-99d1-9b5c8591b372,ID200233,CID-010,c16f00cc-6983-4f17-99d1-9b5c8591b372,2026-05-01,2026-05-31,811.92,48.72,860.64,Issued,SampleGen
INV-085efa65-86b0-4043-a1b6-a8ba9914ed53,ID200234,CID-010,085efa65-86b0-4043-a1b6-a8ba9914ed53,2026-04-29,2026-05-29,2107.8,126.48,2234.28,Issued,SampleGen
INV-6307e6fc-9792-4f8f-95cc-549f5473bb6f,ID200235,CID-010,6307e6fc-9792-4f8f-95cc-549f5473bb6f,2026-04-02,2026-05-02,329.9,19.8,349.7,Issued,SampleGen
INV-93d211f9-5e09-4fc6-8c50-276220c3cb11,ID200236,CID-010,93d211f9-5e09-4fc6-8c50-276220c3cb11,2026-04-06,2026-05-06,1967.88,118.08,2085.96,Issued,SampleGen
INV-404018b1-5d33-4e5a-9c93-5906a5e57d69,ID200237,CID-010,404018b1-5d33-4e5a-9c93-5906a5e57d69,2026-04-25,2026-05-25,1255.88,75.36,1331.24,Issued,SampleGen
INV-267048b5-41ee-4d38-a14b-d718d65974a8,ID200238,CID-011,267048b5-41ee-4d38-a14b-d718d65974a8,2025-03-04,2025-04-03,499.86,30.0,529.86,Issued,SampleGen
INV-611fda14-9ce4-494f-b9d2-55f6ba769e0d,ID200239,CID-011,611fda14-9ce4-494f-b9d2-55f6ba769e0d,2025-06-26,2025-07-26,2951.82,177.12,3128.94,Issued,SampleGen
INV-be53be10-b78f-4b94-b839-f1676c6bc0cb,ID200240,CID-011,be53be10-b78f-4b94-b839-f1676c6bc0cb,2025-08-02,2025-09-01,1371.72,82.32,1454.04,Issued,SampleGen
INV-430dc4f4-7670-4e8e-b670-ce16d435c188,ID200241,CID-011,430dc4f4-7670-4e8e-b670-ce16d435c188,2025-10-09,2025-11-08,1907.78,114.48,2022.26,Issued,SampleGen
INV-feaa3e77-16e8-4447-9acb-54639de9fd56,ID200242,CID-011,feaa3e77-16e8-4447-9acb-54639de9fd56,2025-11-16,2025-12-16,1715.78,102.96,1818.74,Issued,SampleGen
INV-39c9c891-c1a5-4624-9425-0e436a6d3de4,ID200243,CID-011,39c9c891-c1a5-4624-9425-0e436a6d3de4,2025-12-16,2026-01-15,623.84,37.44,661.28,Issued,SampleGen
INV-f4a410b3-4eb7-494f-a0bf-a910e7df57d3,ID200244,CID-011,f4a410b3-4eb7-494f-a0bf-a910e7df57d3,2026-01-11,2026-02-10,469.84,28.2,498.04,Issued,SampleGen
INV-cbc7a220-3b6f-46b2-a526-cd207ba183b8,ID200245,CID-011,cbc7a220-3b6f-46b2-a526-cd207ba183b8,2026-02-21,2026-03-23,1647.82,98.88,1746.7,Issued,SampleGen
INV-0f636d28-ba37-4bfd-8652-afc9725b32ef,ID200246,CID-011,0f636d28-ba37-4bfd-8652-afc9725b32ef,2026-03-19,2026-04-18,3315.78,198.96,3514.74,Issued,SampleGen
INV-5f5ed46e-66d1-4132-96f4-2b98cdecb6ee,ID200247,CID-011,5f5ed46e-66d1-4132-96f4-2b98cdecb6ee,2026-04-27,2026-05-27,5839.72,350.4,6190.12,Issued,SampleGen
INV-ab039ebf-0b38-4f0c-a60b-b9fb5a50c1eb,ID200248,CID-012,ab039ebf-0b38-4f0c-a60b-b9fb5a50c1eb,2025-01-10,2025-02-09,381.86,22.92,404.78,Issued,SampleGen
INV-4e837a04-a3d6-411c-a6b1-8a929eda8533,ID200249,CID-012,4e837a04-a3d6-411c-a6b1-8a929eda8533,2025-03-31,2025-04-30,3911.8,234.72,4146.52,Issued,SampleGen
INV-fdba298b-5f59-4f81-bbdc-4ea8eb8cd86e,ID200250,CID-012,fdba298b-5f59-4f81-bbdc-4ea8eb8cd86e,2025-04-20,2025-05-20,743.84,44.64,788.48,Issued,SampleGen
INV-6e5c928f-5ec2-43cc-98a0-6ca7b8110444,ID200251,CID-012,6e5c928f-5ec2-43cc-98a0-6ca7b8110444,2025-07-12,2025-08-11,1389.74,83.4,1473.14,Issued,SampleGen
INV-377e6875-6c52-4579-b737-a25c5cb3513e,ID200252,CID-012,377e6875-6c52-4579-b737-a25c5cb3513e,2025-08-18,2025-09-17,1619.88,97.2,1717.08,Issued,SampleGen
INV-d2976361-8bf9-4d0c-b64f-956ad3ca00e8,ID200253,CID-012,d2976361-8bf9-4d0c-b64f-956ad3ca00e8,2025-09-25,2025-10-25,3579.78,214.8,3794.58,Issued,SampleGen
INV-0cb954fb-6584-45db-b6d2-23626e4b206b,ID200254,CID-012,0cb954fb-6584-45db-b6d2-23626e4b206b,2025-10-30,2025-11-29,1319.82,79.2,1399.02,Issued,SampleGen
INV-5940de87-79bc-4d26-ace3-a16bb605e7c3,ID200255,CID-012,5940de87-79bc-4d26-ace3-a16bb605e7c3,2025-11-02,2025-12-02,2359.86,141.6,2501.46,Issued,SampleGen
INV-ec3b9c65-89dc-4a49-b0ef-aaf1c0f02c33,ID200256,CID-012,ec3b9c65-89dc-4a49-b0ef-aaf1c0f02c33,2025-12-30,2026-01-29,2531.82,151.92,2683.74,Issued,SampleGen
INV-f2a6135d-73ce-4ac0-8a68-7a31c3f2e3cb,ID200257,CID-012,f2a6135d-73ce-4ac0-8a68-7a31c3f2e3cb,2026-01-12,2026-02-11,3503.78,210.24,3714.02,Issued,SampleGen
INV-d28a6abb-026f-489c-bb6c-dada7973cae3,ID200258,CID-012,d28a6abb-026f-489c-bb6c-dada7973cae3,2026-02-04,2026-03-06,1035.84,62.16,1098.0,Issued,SampleGen
INV-62c78003-f261-41ca-8a10-4e00057b101f,ID200259,CID-012,62c78003-f261-41ca-8a10-4e00057b101f,2026-03-27,2026-04-26,1327.8,79.68,1407.48,Issued,SampleGen
INV-60904988-9ce7-4fbe-9c2a-d6a94f021d38,ID200260,CID-012,60904988-9ce7-4fbe-9c2a-d6a94f021d38,2026-05-01,2026-05-31,4219.74,253.2,4472.94,Issued,SampleGen
INV-5673f4b5-2a63-4110-bb99-964a0ac4d6f2,ID200261,CID-013,5673f4b5-2a63-4110-bb99-964a0ac4d6f2,2025-01-27,2025-02-26,1299.86,78.0,1377.86,Issued,SampleGen
INV-d7faa7a3-450a-4e2c-8682-972b57c33937,ID200262,CID-013,d7faa7a3-450a-4e2c-8682-972b57c33937,2025-02-26,2025-03-28,1181.72,70.92,1252.64,Issued,SampleGen
INV-e04982b3-fcdf-47cc-8e2a-01fc5611eebd,ID200263,CID-013,e04982b3-fcdf-47cc-8e2a-01fc5611eebd,2025-03-31,2025-04-30,1099.78,66.0,1165.78,Issued,SampleGen
INV-9d9a7dce-ff9b-4090-a82d-504d9041e99a,ID200264,CID-013,9d9a7dce-ff9b-4090-a82d-504d9041e99a,2025-04-29,2025-05-29,4079.8,244.8,4324.6,Issued,SampleGen
INV-15058ac4-f577-4dea-89b3-8ea28c4d6ab7,ID200265,CID-013,15058ac4-f577-4dea-89b3-8ea28c4d6ab7,2025-05-03,2025-06-02,2199.84,132.0,2331.84,Issued,SampleGen
INV-644cd655-f392-4c0f-9ada-f4653f12ed62,ID200266,CID-013,644cd655-f392-4c0f-9ada-f4653f12ed62,2025-06-20,2025-07-20,2019.76,121.2,2140.96,Issued,SampleGen
INV-e5af185b-05a3-4757-bbf2-82a37624eb52,ID200267,CID-013,e5af185b-05a3-4757-bbf2-82a37624eb52,2025-07-01,2025-07-31,1651.88,99.12,1751.0,Issued,SampleGen
INV-5b7b365e-798e-4ecc-8f57-95440af649cc,ID200268,CID-013,5b7b365e-798e-4ecc-8f57-95440af649cc,2025-07-07,2025-08-06,1719.72,103.2,1822.92,Issued,SampleGen
INV-225faef6-abdb-449a-9301-f715a95bbee9,ID200269,CID-013,225faef6-abdb-449a-9301-f715a95bbee9,2025-08-27,2025-09-26,937.8,56.28,994.08,Issued,SampleGen
INV-2ce5b349-02e2-46c8-84d0-b5a10099de0f,ID200270,CID-013,2ce5b349-02e2-46c8-84d0-b5a10099de0f,2025-08-08,2025-09-07,7843.74,470.64,8314.38,Issued,SampleGen
INV-22fce9a8-53ee-4c79-afe2-7ec3186c2860,ID200271,CID-013,22fce9a8-53ee-4c79-afe2-7ec3186c2860,2025-09-06,2025-10-06,5687.8,341.28,6029.08,Issued,SampleGen
INV-7ca9233b-287a-4b9d-8411-7e96b6ed35c4,ID200272,CID-013,7ca9233b-287a-4b9d-8411-7e96b6ed35c4,2025-09-25,2025-10-25,243.88,14.64,258.52,Issued,SampleGen
INV-e98a0a81-3ded-4ed2-9fda-eaf66e09d84c,ID200273,CID-013,e98a0a81-3ded-4ed2-9fda-eaf66e09d84c,2025-10-12,2025-11-11,2023.88,121.44,2145.32,Issued,SampleGen
INV-ff4e60d4-d3de-4d2d-8932-b1a9a1d01fbd,ID200274,CID-013,ff4e60d4-d3de-4d2d-8932-b1a9a1d01fbd,2025-11-25,2025-12-25,1079.88,64.8,1144.68,Issued,SampleGen
INV-8682a130-2aeb-4393-8b4a-e3d9836cae91,ID200275,CID-013,8682a130-2aeb-4393-8b4a-e3d9836cae91,2025-11-26,2025-12-26,1651.88,99.12,1751.0,Issued,SampleGen
INV-6b497246-f5ca-4989-99e2-494ac44fe9fd,ID200276,CID-013,6b497246-f5ca-4989-99e2-494ac44fe9fd,2025-12-19,2026-01-18,2687.9,161.28,2849.18,Issued,SampleGen
INV-ff1a3b00-c915-4cba-8415-7fde0fa05222,ID200277,CID-013,ff1a3b00-c915-4cba-8415-7fde0fa05222,2025-12-25,2026-01-24,551.88,33.12,585.0,Issued,SampleGen
INV-f58b8700-7c88-405d-a87d-1ad4946828d0,ID200278,CID-013,f58b8700-7c88-405d-a87d-1ad4946828d0,2025-12-30,2026-01-29,1317.82,79.08,1396.9,Issued,SampleGen
INV-8a95a3c4-24e2-42cd-994d-51bb875cb7e1,ID200279,CID-013,8a95a3c4-24e2-42cd-994d-51bb875cb7e1,2026-01-12,2026-02-11,1843.8,110.64,1954.44,Issued,SampleGen
INV-a3fb1e29-da09-4e57-aa77-733a74e3883c,ID200280,CID-013,a3fb1e29-da09-4e57-aa77-733a74e3883c,2026-01-20,2026-02-19,1913.9,114.84,2028.74,Issued,SampleGen
INV-238bf623-ecb1-4c99-8bb5-8b85daf0d0f5,ID200281,CID-013,238bf623-ecb1-4c99-8bb5-8b85daf0d0f5,2026-02-19,2026-03-21,2255.84,135.36,2391.2,Issued,SampleGen
INV-86c40dc3-fc33-4de4-9c97-175179e6e3b4,ID200282,CID-013,86c40dc3-fc33-4de4-9c97-175179e6e3b4,2026-02-27,2026-03-29,1111.82,66.72,1178.54,Issued,SampleGen
INV-d133413c-ecf8-497c-8025-796902afa54d,ID200283,CID-013,d133413c-ecf8-497c-8025-796902afa54d,2026-02-02,2026-03-04,1303.88,78.24,1382.12,Issued,SampleGen
INV-ee7ccc39-9501-4673-a169-815b598b09a0,ID200284,CID-013,ee7ccc39-9501-4673-a169-815b598b09a0,2026-03-04,2026-04-03,1751.84,105.12,1856.96,Issued,SampleGen
INV-847c3dbe-9071-45a6-ba93-45d8911eced3,ID200285,CID-013,847c3dbe-9071-45a6-ba93-45d8911eced3,2026-03-13,2026-04-12,489.82,29.4,519.22,Issued,SampleGen
INV-8c1e8097-d26c-4842-ba96-a59d81b22fd6,ID200286,CID-013,8c1e8097-d26c-4842-ba96-a59d81b22fd6,2026-04-25,2026-05-25,2039.76,122.4,2162.16,Issued,SampleGen
INV-da2c3bfa-1a52-414c-8e1f-e78ab1ecc483,ID200287,CID-013,da2c3bfa-1a52-414c-8e1f-e78ab1ecc483,2026-04-03,2026-05-03,1969.8,118.2,2088.0,Issued,SampleGen
INV-b3d47807-ca92-45b6-adce-08b0f9812252,ID200288,CID-014,b3d47807-ca92-45b6-adce-08b0f9812252,2025-02-17,2025-03-19,3603.84,216.24,3820.08,Issued,SampleGen
INV-52d65afd-fbec-46b7-8c70-db1dbb3ac9fb,ID200289,CID-014,52d65afd-fbec-46b7-8c70-db1dbb3ac9fb,2025-04-17,2025-05-17,683.88,41.04,724.92,Issued,SampleGen
INV-2a774f6d-f862-44e0-9760-379049232c23,ID200290,CID-014,2a774f6d-f862-44e0-9760-379049232c23,2025-08-21,2025-09-20,2247.88,134.88,2382.76,Issued,SampleGen
INV-13227161-77ee-49b3-820a-a5ac293583ac,ID200291,CID-014,13227161-77ee-49b3-820a-a5ac293583ac,2025-09-13,2025-10-13,1297.78,77.88,1375.66,Issued,SampleGen
INV-21c530c1-bb0f-4e79-8077-25886a87d26b,ID200292,CID-014,21c530c1-bb0f-4e79-8077-25886a87d26b,2025-11-18,2025-12-18,6107.74,366.48,6474.22,Issued,SampleGen
INV-585d7b61-faee-49ac-88a5-9e7d3dc2fc82,ID200293,CID-014,585d7b61-faee-49ac-88a5-9e7d3dc2fc82,2025-12-07,2026-01-06,8679.76,520.8,9200.56,Issued,SampleGen
INV-c4f548ba-167c-43a9-9402-435c72559e03,ID200294,CID-014,c4f548ba-167c-43a9-9402-435c72559e03,2026-01-19,2026-02-18,3819.8,229.2,4049.0,Issued,SampleGen
INV-136a065d-962b-47ce-9c46-ab6211e30262,ID200295,CID-014,136a065d-962b-47ce-9c46-ab6211e30262,2026-02-18,2026-03-20,3855.8,231.36,4087.16,Issued,SampleGen
INV-c37e7955-76de-4af3-b2c4-2edcb1fb3201,ID200296,CID-014,c37e7955-76de-4af3-b2c4-2edcb1fb3201,2026-04-03,2026-05-03,579.84,34.8,614.64,Issued,SampleGen
INV-734b6960-fcd8-4f8a-a653-8a26f7b5e89a,ID200297,CID-015,734b6960-fcd8-4f8a-a653-8a26f7b5e89a,2025-08-02,2025-09-01,795.78,47.76,843.54,Issued,SampleGen
INV-deea5ed2-e043-44ca-a4b4-c0f4caf285d5,ID200298,CID-015,deea5ed2-e043-44ca-a4b4-c0f4caf285d5,2025-10-17,2025-11-16,883.8,53.04,936.84,Issued,SampleGen
INV-a18fe962-6b48-4ad3-a5e4-2190c9c3bd35,ID200299,CID-015,a18fe962-6b48-4ad3-a5e4-2190c9c3bd35,2026-01-22,2026-02-21,1191.76,71.52,1263.28,Issued,SampleGen
INV-3fc9eac9-a908-49bf-a866-e0db7087d9af,ID200300,CID-015,3fc9eac9-a908-49bf-a866-e0db7087d9af,2026-02-27,2026-03-29,2283.8,137.04,2420.84,Issued,SampleGen
INV-c3730f33-6181-4890-9200-a4572404be17,ID200301,CID-015,c3730f33-6181-4890-9200-a4572404be17,2026-03-24,2026-04-23,851.88,51.12,903.0,Issued,SampleGen
INV-3140aa6f-1a2d-495b-855b-f7c7e27ddfc3,ID200302,CID-016,3140aa6f-1a2d-495b-855b-f7c7e27ddfc3,2025-04-24,2025-05-24,647.82,38.88,686.7,Issued,SampleGen
INV-cc90b303-ff8c-46b8-870d-9e63085a3689,ID200303,CID-016,cc90b303-ff8c-46b8-870d-9e63085a3689,2025-06-16,2025-07-16,5335.74,320.16,5655.9,Issued,SampleGen
INV-ff7ebade-ab6e-4a07-812f-2ec3ac350feb,ID200304,CID-016,ff7ebade-ab6e-4a07-812f-2ec3ac350feb,2025-07-11,2025-08-10,695.76,41.76,737.52,Issued,SampleGen
INV-b93df5de-67ba-46ab-bc0d-94e05eb748e2,ID200305,CID-016,b93df5de-67ba-46ab-bc0d-94e05eb748e2,2026-01-10,2026-02-09,459.9,27.6,487.5,Issued,SampleGen
INV-2479c8ee-e663-42e4-a469-878b96085d06,ID200306,CID-016,2479c8ee-e663-42e4-a469-878b96085d06,2026-02-14,2026-03-16,2685.84,161.16,2847.0,Issued,SampleGen
INV-e23a58ec-c1b9-46a4-b656-75f6f23bdc96,ID200307,CID-016,e23a58ec-c1b9-46a4-b656-75f6f23bdc96,2026-03-14,2026-04-13,671.82,40.32,712.14,Issued,SampleGen
INV-75ced98b-cea8-416d-a3ae-7881dc86d385,ID200308,CID-017,75ced98b-cea8-416d-a3ae-7881dc86d385,2025-01-14,2025-02-13,6787.7,407.28,7194.98,Issued,SampleGen
INV-74ee6ed9-ee77-4311-b1cc-7dfc1f2937a5,ID200309,CID-017,74ee6ed9-ee77-4311-b1cc-7dfc1f2937a5,2025-02-14,2025-03-16,411.92,24.72,436.64,Issued,SampleGen
INV-832cb0e7-27d9-4d35-a280-4ad8faa61c79,ID200310,CID-017,832cb0e7-27d9-4d35-a280-4ad8faa61c79,2025-03-06,2025-04-05,683.8,41.04,724.84,Issued,SampleGen
INV-2a476b41-e6bd-47a4-a0e2-8c517a1ce0b5,ID200311,CID-017,2a476b41-e6bd-47a4-a0e2-8c517a1ce0b5,2025-04-14,2025-05-14,3459.78,207.6,3667.38,Issued,SampleGen
INV-52b28dba-bd3e-489d-940f-a001496b688d,ID200312,CID-017,52b28dba-bd3e-489d-940f-a001496b688d,2025-05-26,2025-06-25,4143.76,248.64,4392.4,Issued,SampleGen
INV-20db330a-5bae-46ad-8ab7-94b41a138350,ID200313,CID-017,20db330a-5bae-46ad-8ab7-94b41a138350,2025-05-11,2025-06-10,1911.8,114.72,2026.52,Issued,SampleGen
INV-ca214f28-e636-40b4-bfc9-b3fe76bf5522,ID200314,CID-017,ca214f28-e636-40b4-bfc9-b3fe76bf5522,2025-06-18,2025-07-18,1229.82,73.8,1303.62,Issued,SampleGen
INV-d99bfe8a-9889-4609-a68b-e8650ec32146,ID200315,CID-017,d99bfe8a-9889-4609-a68b-e8650ec32146,2025-06-29,2025-07-29,355.9,21.36,377.26,Issued,SampleGen
INV-9d7a9bcf-2d44-49ad-9e10-2c6914318853,ID200316,CID-017,9d7a9bcf-2d44-49ad-9e10-2c6914318853,2025-07-26,2025-08-25,891.92,53.52,945.44,Issued,SampleGen
INV-a24e2f8d-90f9-449c-ab86-5de6cba54cb5,ID200317,CID-017,a24e2f8d-90f9-449c-ab86-5de6cba54cb5,2025-07-18,2025-08-17,863.8,51.84,915.64,Issued,SampleGen
INV-d837969b-f760-4fa4-b9ab-8f21fa5fa3fa,ID200318,CID-017,d837969b-f760-4fa4-b9ab-8f21fa5fa3fa,2025-07-12,2025-08-11,1893.8,113.64,2007.44,Issued,SampleGen
INV-9190b4d9-6c3e-493f-9d81-4f5a10733391,ID200319,CID-017,9190b4d9-6c3e-493f-9d81-4f5a10733391,2025-08-14,2025-09-13,757.84,45.48,803.32,Issued,SampleGen
INV-a26cf44c-f9a2-4d5a-b9d8-c94b33e6cb14,ID200320,CID-017,a26cf44c-f9a2-4d5a-b9d8-c94b33e6cb14,2025-08-09,2025-09-08,3647.86,218.88,3866.74,Issued,SampleGen
INV-b8b1e497-c3b7-4b2a-b888-ef9418a4e56a,ID200321,CID-017,b8b1e497-c3b7-4b2a-b888-ef9418a4e56a,2025-08-24,2025-09-23,893.86,53.64,947.5,Issued,SampleGen
INV-4b096fde-69c5-4394-b5ac-ea2026752efa,ID200322,CID-017,4b096fde-69c5-4394-b5ac-ea2026752efa,2025-09-30,2025-10-30,1075.76,64.56,1140.32,Issued,SampleGen
INV-48e5521d-7f2d-42e0-85c3-d69f0401eda7,ID200323,CID-017,48e5521d-7f2d-42e0-85c3-d69f0401eda7,2025-09-08,2025-10-08,395.88,23.76,419.64,Issued,SampleGen
INV-b80be85c-7894-4a1c-862a-cd25158b87b5,ID200324,CID-017,b80be85c-7894-4a1c-862a-cd25158b87b5,2025-09-15,2025-10-15,691.82,41.52,733.34,Issued,SampleGen
INV-cb5a7dc0-2f05-4a93-9ece-1e79c7dd0fed,ID200325,CID-017,cb5a7dc0-2f05-4a93-9ece-1e79c7dd0fed,2025-10-05,2025-11-04,4495.76,269.76,4765.52,Issued,SampleGen
INV-ea8377d6-9a09-42f6-acfa-f23c5d82620f,ID200326,CID-017,ea8377d6-9a09-42f6-acfa-f23c5d82620f,2025-10-30,2025-11-29,823.84,49.44,873.28,Issued,SampleGen
INV-435ae9d7-c875-4bfb-af89-32649ae8809f,ID200327,CID-017,435ae9d7-c875-4bfb-af89-32649ae8809f,2025-10-18,2025-11-17,8335.76,500.16,8835.92,Issued,SampleGen
INV-c4f7d630-e2c9-416b-8bda-9afc86a15fef,ID200328,CID-017,c4f7d630-e2c9-416b-8bda-9afc86a15fef,2025-11-04,2025-12-04,2289.78,137.4,2427.18,Issued,SampleGen
INV-5d1fb5b2-4875-47f5-8065-680763565a75,ID200329,CID-017,5d1fb5b2-4875-47f5-8065-680763565a75,2025-11-23,2025-12-23,2347.8,140.88,2488.68,Issued,SampleGen
INV-fa6c2e77-6e73-4a55-a50b-b63ab3b94122,ID200330,CID-017,fa6c2e77-6e73-4a55-a50b-b63ab3b94122,2025-11-04,2025-12-04,3289.74,197.4,3487.14,Issued,SampleGen
INV-7ed96dda-c357-4f16-ade5-97265d40f0fd,ID200331,CID-017,7ed96dda-c357-4f16-ade5-97265d40f0fd,2025-12-05,2026-01-04,1697.78,101.88,1799.66,Issued,SampleGen
INV-b87e5223-28a2-447a-b760-746cfd28e9ae,ID200332,CID-017,b87e5223-28a2-447a-b760-746cfd28e9ae,2025-12-10,2026-01-09,1799.84,108.0,1907.84,Issued,SampleGen
INV-68bab352-b128-4958-8c76-3e4c55bf0088,ID200333,CID-017,68bab352-b128-4958-8c76-3e4c55bf0088,2025-12-24,2026-01-23,1107.78,66.48,1174.26,Issued,SampleGen
INV-a73394eb-1d27-4258-a226-9562fc5271e8,ID200334,CID-017,a73394eb-1d27-4258-a226-9562fc5271e8,2026-01-28,2026-02-27,4927.84,295.68,5223.52,Issued,SampleGen
INV-d09c5496-ca8f-401a-8e24-76fa226c566f,ID200335,CID-017,d09c5496-ca8f-401a-8e24-76fa226c566f,2026-01-07,2026-02-06,989.82,59.4,1049.22,Issued,SampleGen
INV-53bd20cc-5b0c-4815-9e7f-24a21613cf25,ID200336,CID-017,53bd20cc-5b0c-4815-9e7f-24a21613cf25,2026-01-11,2026-02-10,1477.82,88.68,1566.5,Issued,SampleGen
INV-8ac009e2-95ec-4cdc-9fc2-750bb607a593,ID200337,CID-017,8ac009e2-95ec-4cdc-9fc2-750bb607a593,2026-03-01,2026-03-31,2367.82,142.08,2509.9,Issued,SampleGen
INV-30938416-7ca5-4fb6-adf2-3baa560156b1,ID200338,CID-017,30938416-7ca5-4fb6-adf2-3baa560156b1,2026-02-05,2026-03-07,3095.8,185.76,3281.56,Issued,SampleGen
INV-e3f41478-9627-4e37-9923-bfc36e2ae260,ID200339,CID-017,e3f41478-9627-4e37-9923-bfc36e2ae260,2026-02-19,2026-03-21,4079.74,244.8,4324.54,Issued,SampleGen
INV-413cd07d-65fc-430d-8d45-533c240082ef,ID200340,CID-017,413cd07d-65fc-430d-8d45-533c240082ef,2026-03-15,2026-04-14,1055.78,63.36,1119.14,Issued,SampleGen
INV-6af78ce0-d73a-4db6-8e3b-af9516441ea2,ID200341,CID-017,6af78ce0-d73a-4db6-8e3b-af9516441ea2,2026-03-07,2026-04-06,2455.84,147.36,2603.2,Issued,SampleGen
INV-a0517043-f4c5-4c84-888d-6727098cbc85,ID200342,CID-017,a0517043-f4c5-4c84-888d-6727098cbc85,2026-03-10,2026-04-09,4735.76,284.16,5019.92,Issued,SampleGen
INV-be74320d-1791-4d29-a60a-813833f0a613,ID200343,CID-017,be74320d-1791-4d29-a60a-813833f0a613,2026-04-14,2026-05-14,3149.72,189.0,3338.72,Issued,SampleGen
INV-47a29335-d884-45e1-a7d2-5aae1686f7c8,ID200344,CID-017,47a29335-d884-45e1-a7d2-5aae1686f7c8,2026-04-02,2026-05-02,2281.76,136.92,2418.68,Issued,SampleGen
INV-0efc4128-5fa0-4513-9231-d6e5824fc5d8,ID200345,CID-017,0efc4128-5fa0-4513-9231-d6e5824fc5d8,2026-04-25,2026-05-25,1679.88,100.8,1780.68,Issued,SampleGen
INV-1ced6c00-c615-4fda-b824-9d9f7e6d0be0,ID200346,CID-018,1ced6c00-c615-4fda-b824-9d9f7e6d0be0,2025-02-24,2025-03-26,1281.82,76.92,1358.74,Issued,SampleGen
INV-59e65447-9c60-4b19-bdc5-ed0a5998c651,ID200347,CID-018,59e65447-9c60-4b19-bdc5-ed0a5998c651,2025-05-07,2025-06-06,2975.86,178.56,3154.42,Issued,SampleGen
INV-a5f4829d-7ef5-477b-9e0a-6dc270ab06b0,ID200348,CID-018,a5f4829d-7ef5-477b-9e0a-6dc270ab06b0,2025-06-18,2025-07-18,2915.9,174.96,3090.86,Issued,SampleGen
INV-e4f5ed75-a9d0-4514-baca-87617a23f114,ID200349,CID-018,e4f5ed75-a9d0-4514-baca-87617a23f114,2025-07-18,2025-08-17,1779.74,106.8,1886.54,Issued,SampleGen
INV-a6707e6f-f72a-48ee-abc7-383fca4fe104,ID200350,CID-018,a6707e6f-f72a-48ee-abc7-383fca4fe104,2025-08-11,2025-09-10,813.82,48.84,862.66,Issued,SampleGen
INV-08ad6a9d-4773-43b4-914d-f089907e230d,ID200351,CID-018,08ad6a9d-4773-43b4-914d-f089907e230d,2025-09-26,2025-10-26,1759.86,105.6,1865.46,Issued,SampleGen
INV-1ef286bc-0525-4884-a825-727410575e9e,ID200352,CID-018,1ef286bc-0525-4884-a825-727410575e9e,2025-10-18,2025-11-17,1273.78,76.44,1350.22,Issued,SampleGen
INV-b8090db0-013d-46c8-9f8d-9a7603fa2a63,ID200353,CID-018,b8090db0-013d-46c8-9f8d-9a7603fa2a63,2025-10-15,2025-11-14,7963.76,477.84,8441.6,Issued,SampleGen
INV-3ba3a029-de13-4f83-97c7-e22822ac94dd,ID200354,CID-018,3ba3a029-de13-4f83-97c7-e22822ac94dd,2025-11-07,2025-12-07,859.84,51.6,911.44,Issued,SampleGen
INV-5ff79477-e622-4168-ad50-da58bf4cd988,ID200355,CID-018,5ff79477-e622-4168-ad50-da58bf4cd988,2025-11-30,2025-12-30,599.9,36.0,635.9,Issued,SampleGen
INV-0e32f58a-9cb5-4d78-bcbc-28ce861ec2f4,ID200356,CID-018,0e32f58a-9cb5-4d78-bcbc-28ce861ec2f4,2025-12-16,2026-01-15,4927.84,295.68,5223.52,Issued,SampleGen
INV-ad6afaa4-4b7c-4f82-b5e0-0e69c1189a2e,ID200357,CID-018,ad6afaa4-4b7c-4f82-b5e0-0e69c1189a2e,2025-12-20,2026-01-19,1299.9,78.0,1377.9,Issued,SampleGen
INV-3c1b510f-bc3d-4b34-b2dd-dd1fb58e10a7,ID200358,CID-018,3c1b510f-bc3d-4b34-b2dd-dd1fb58e10a7,2026-01-30,2026-03-01,2767.72,166.08,2933.8,Issued,SampleGen
INV-7df093a4-4443-40b7-b156-aa8d1f977edf,ID200359,CID-018,7df093a4-4443-40b7-b156-aa8d1f977edf,2026-02-15,2026-03-17,4839.72,290.4,5130.12,Issued,SampleGen
INV-729a058f-241d-4fd0-919c-d06ba50848cc,ID200360,CID-018,729a058f-241d-4fd0-919c-d06ba50848cc,2026-03-04,2026-04-03,2423.88,145.44,2569.32,Issued,SampleGen
INV-104be8ed-a740-4742-94e9-4585fcce7044,ID200361,CID-018,104be8ed-a740-4742-94e9-4585fcce7044,2026-04-17,2026-05-17,5437.78,326.28,5764.06,Issued,SampleGen
INV-606f73d3-5f31-4f5a-9450-86720f4c5661,ID200362,CID-019,606f73d3-5f31-4f5a-9450-86720f4c5661,2025-01-15,2025-02-14,2071.8,124.32,2196.12,Issued,SampleGen
INV-edfd436f-a42b-4159-9386-7dec556c1a19,ID200363,CID-019,edfd436f-a42b-4159-9386-7dec556c1a19,2025-02-23,2025-03-25,951.84,57.12,1008.96,Issued,SampleGen
INV-bca163d1-600e-4a41-8b20-1186ed58c8db,ID200364,CID-019,bca163d1-600e-4a41-8b20-1186ed58c8db,2025-02-21,2025-03-23,2835.7,170.16,3005.86,Issued,SampleGen
INV-0ef33b71-294e-44cc-bfdc-376a6838a79f,ID200365,CID-019,0ef33b71-294e-44cc-bfdc-376a6838a79f,2025-03-29,2025-04-28,5111.88,306.72,5418.6,Issued,SampleGen
INV-3063e774-07d9-4081-a14e-613460c9c26a,ID200366,CID-019,3063e774-07d9-4081-a14e-613460c9c26a,2025-03-27,2025-04-26,869.86,52.2,922.06,Issued,SampleGen
INV-b25bc703-4ec3-41f0-a20f-d1c7fba0417f,ID200367,CID-019,b25bc703-4ec3-41f0-a20f-d1c7fba0417f,2025-04-02,2025-05-02,3855.8,231.36,4087.16,Issued,SampleGen
INV-4715aab1-8163-467f-a5ca-a49a37a8af85,ID200368,CID-019,4715aab1-8163-467f-a5ca-a49a37a8af85,2025-05-12,2025-06-11,1043.8,62.64,1106.44,Issued,SampleGen
INV-3a797a7e-3bb2-4b88-9140-e45089f62cbe,ID200369,CID-019,3a797a7e-3bb2-4b88-9140-e45089f62cbe,2025-05-15,2025-06-14,1349.88,81.0,1430.88,Issued,SampleGen
INV-7ea8fbc8-8ac0-429c-af50-1e870f349cdb,ID200370,CID-019,7ea8fbc8-8ac0-429c-af50-1e870f349cdb,2025-06-06,2025-07-06,2899.82,174.0,3073.82,Issued,SampleGen
INV-080a78e2-a645-4e9c-b12d-4a503c25c390,ID200371,CID-019,080a78e2-a645-4e9c-b12d-4a503c25c390,2025-06-15,2025-07-15,745.74,44.76,790.5,Issued,SampleGen
INV-0f1de992-912a-4de3-84e4-302bbb5859f7,ID200372,CID-019,0f1de992-912a-4de3-84e4-302bbb5859f7,2025-07-04,2025-08-03,1749.86,105.0,1854.86,Issued,SampleGen
INV-4e017cf5-80bd-466f-8682-1757659774d8,ID200373,CID-019,4e017cf5-80bd-466f-8682-1757659774d8,2025-07-16,2025-08-15,3639.84,218.4,3858.24,Issued,SampleGen
INV-b623ad85-6e37-4334-8da0-fe6440a87f25,ID200374,CID-019,b623ad85-6e37-4334-8da0-fe6440a87f25,2025-08-03,2025-09-02,463.84,27.84,491.68,Issued,SampleGen
INV-d2ec3c0b-4bdd-4003-8665-0a2f1dac3ab9,ID200375,CID-019,d2ec3c0b-4bdd-4003-8665-0a2f1dac3ab9,2025-08-07,2025-09-06,863.84,51.84,915.68,Issued,SampleGen
INV-563dce0f-578a-4815-b9aa-bf8084fe9516,ID200376,CID-019,563dce0f-578a-4815-b9aa-bf8084fe9516,2025-08-25,2025-09-24,253.86,15.24,269.1,Issued,SampleGen
INV-f5c857fb-4611-4467-902a-ccbbe8ba9cad,ID200377,CID-019,f5c857fb-4611-4467-902a-ccbbe8ba9cad,2025-09-04,2025-10-04,2435.78,146.16,2581.94,Issued,SampleGen
INV-cb4f27b1-76d7-4be2-853b-9eb80a888213,ID200378,CID-019,cb4f27b1-76d7-4be2-853b-9eb80a888213,2025-09-25,2025-10-25,1927.86,115.68,2043.54,Issued,SampleGen
INV-3402a8e0-98a8-4989-a4cd-3c5db0c1ec54,ID200379,CID-019,3402a8e0-98a8-4989-a4cd-3c5db0c1ec54,2025-09-27,2025-10-27,3891.8,233.52,4125.32,Issued,SampleGen
INV-1c18acd5-8a4f-4079-b3a6-5e1f104e3222,ID200380,CID-019,1c18acd5-8a4f-4079-b3a6-5e1f104e3222,2025-10-10,2025-11-09,299.92,18.0,317.92,Issued,SampleGen
INV-d1f9f08f-2fe5-4f33-b0c9-700f3ab2f652,ID200381,CID-019,d1f9f08f-2fe5-4f33-b0c9-700f3ab2f652,2025-10-26,2025-11-25,3903.78,234.24,4138.02,Issued,SampleGen
INV-97a06a71-02cb-44d4-9cc9-55c9b78b2ca7,ID200382,CID-019,97a06a71-02cb-44d4-9cc9-55c9b78b2ca7,2025-10-04,2025-11-03,879.84,52.8,932.64,Issued,SampleGen
INV-73b8c9b3-9e3e-471e-899a-17eaff8fb6de,ID200383,CID-019,73b8c9b3-9e3e-471e-899a-17eaff8fb6de,2025-11-15,2025-12-15,1093.86,65.64,1159.5,Issued,SampleGen
INV-bb8db8a7-ba20-45ea-840c-6aa704ec738c,ID200384,CID-019,bb8db8a7-ba20-45ea-840c-6aa704ec738c,2025-11-24,2025-12-24,503.88,30.24,534.12,Issued,SampleGen
INV-4b85fe5f-4c15-4ca9-b658-324fe35dbda1,ID200385,CID-019,4b85fe5f-4c15-4ca9-b658-324fe35dbda1,2025-11-18,2025-12-18,1107.84,66.48,1174.32,Issued,SampleGen
INV-877044ba-32c8-44d9-b144-bde58a819d33,ID200386,CID-019,877044ba-32c8-44d9-b144-bde58a819d33,2025-12-10,2026-01-09,3951.84,237.12,4188.96,Issued,SampleGen
INV-3c3499fa-64c6-401b-9998-cdccabe93848,ID200387,CID-019,3c3499fa-64c6-401b-9998-cdccabe93848,2025-12-02,2026-01-01,1955.82,117.36,2073.18,Issued,SampleGen
INV-43592747-3742-4794-8ff1-8880feafe154,ID200388,CID-019,43592747-3742-4794-8ff1-8880feafe154,2025-12-17,2026-01-16,2819.82,169.2,2989.02,Issued,SampleGen
INV-0224b340-fb17-426a-8323-335d3e5411fa,ID200389,CID-019,0224b340-fb17-426a-8323-335d3e5411fa,2026-01-18,2026-02-17,1683.78,101.04,1784.82,Issued,SampleGen
INV-41d9c685-018d-4a1f-8eac-74b1d8f1e50b,ID200390,CID-019,41d9c685-018d-4a1f-8eac-74b1d8f1e50b,2026-01-15,2026-02-14,1395.76,83.76,1479.52,Issued,SampleGen
INV-cabce33e-a0af-412a-a18d-36a9ffc959e7,ID200391,CID-019,cabce33e-a0af-412a-a18d-36a9ffc959e7,2026-01-26,2026-02-25,7103.8,426.24,7530.04,Issued,SampleGen
INV-4f42cc61-f87e-4b27-a02e-3c7f8c2a0c1b,ID200392,CID-019,4f42cc61-f87e-4b27-a02e-3c7f8c2a0c1b,2026-02-12,2026-03-14,1219.72,73.2,1292.92,Issued,SampleGen
INV-a1c74a10-c24f-4711-94c8-26ce981d7f2b,ID200393,CID-019,a1c74a10-c24f-4711-94c8-26ce981d7f2b,2026-02-20,2026-03-22,507.86,30.48,538.34,Issued,SampleGen
INV-f3e8cd4f-ee25-41bd-8e2c-94d1453123a9,ID200394,CID-019,f3e8cd4f-ee25-41bd-8e2c-94d1453123a9,2026-02-25,2026-03-27,595.74,35.76,631.5,Issued,SampleGen
INV-6e29eab3-1120-409d-8d1d-299cbd907d07,ID200395,CID-019,6e29eab3-1120-409d-8d1d-299cbd907d07,2026-03-07,2026-04-06,1853.82,111.24,1965.06,Issued,SampleGen
INV-3134905b-6f4b-4f8a-8061-b104091c96c3,ID200396,CID-019,3134905b-6f4b-4f8a-8061-b104091c96c3,2026-03-03,2026-04-02,1719.84,103.2,1823.04,Issued,SampleGen
INV-bec075d6-260c-4ebc-8202-4fd800e32df6,ID200397,CID-019,bec075d6-260c-4ebc-8202-4fd800e32df6,2026-03-14,2026-04-13,4747.76,284.88,5032.64,Issued,SampleGen
INV-c0db78be-cc50-47a9-a7e0-f0549495ed78,ID200398,CID-019,c0db78be-cc50-47a9-a7e0-f0549495ed78,2026-03-31,2026-04-30,2633.82,158.04,2791.86,Issued,SampleGen
INV-500e43f8-d173-4d12-81a8-26bc3b237c0a,ID200399,CID-019,500e43f8-d173-4d12-81a8-26bc3b237c0a,2026-04-02,2026-05-02,737.88,44.28,782.16,Issued,SampleGen
INV-ffac7be2-e49c-4bba-98cf-13beff365fd3,ID200400,CID-019,ffac7be2-e49c-4bba-98cf-13beff365fd3,2026-04-24,2026-05-24,721.76,43.32,765.08,Issued,SampleGen
INV-86a22f1c-743a-4e16-ab88-3d757ffc7066,ID200401,CID-019,86a22f1c-743a-4e16-ab88-3d757ffc7066,2026-04-23,2026-05-23,1239.72,74.4,1314.12,Issued,SampleGen
INV-0e4daf2b-e0c7-426b-bfc3-5dba54d46495,ID200402,CID-020,0e4daf2b-e0c7-426b-bfc3-5dba54d46495,2025-01-17,2025-02-16,2633.88,158.04,2791.92,Issued,SampleGen
INV-7e5654cd-bbb4-4c21-8789-0e54296c6bbd,ID200403,CID-020,7e5654cd-bbb4-4c21-8789-0e54296c6bbd,2025-02-28,2025-03-30,4301.78,258.12,4559.9,Issued,SampleGen
INV-1dbe1132-f1aa-48a2-861e-eb872a6598aa,ID200404,CID-020,1dbe1132-f1aa-48a2-861e-eb872a6598aa,2025-03-06,2025-04-05,1059.88,63.6,1123.48,Issued,SampleGen
INV-b0a7647e-8142-4280-b4c9-41590818fe23,ID200405,CID-020,b0a7647e-8142-4280-b4c9-41590818fe23,2025-04-08,2025-05-08,3583.84,215.04,3798.88,Issued,SampleGen
INV-be33fff5-e757-4432-8498-ff27791141db,ID200406,CID-020,be33fff5-e757-4432-8498-ff27791141db,2025-04-28,2025-05-28,1437.78,86.28,1524.06,Issued,SampleGen
INV-8350a40b-113d-4632-b6a1-28192e6ee8e4,ID200407,CID-020,8350a40b-113d-4632-b6a1-28192e6ee8e4,2025-06-01,2025-07-01,1839.84,110.4,1950.24,Issued,SampleGen
INV-79f49870-035c-4d26-9520-4adaf4395a7b,ID200408,CID-020,79f49870-035c-4d26-9520-4adaf4395a7b,2025-05-19,2025-06-18,1661.8,99.72,1761.52,Issued,SampleGen
INV-c470e1f1-fccf-4e6e-99e1-f021cce1330b,ID200409,CID-020,c470e1f1-fccf-4e6e-99e1-f021cce1330b,2025-05-31,2025-06-30,3407.76,204.48,3612.24,Issued,SampleGen
INV-0b9c19a0-c734-48ac-b8af-766362d9416d,ID200410,CID-020,0b9c19a0-c734-48ac-b8af-766362d9416d,2025-06-07,2025-07-07,845.8,50.76,896.56,Issued,SampleGen
INV-e461ae57-8d6e-4f51-a0b7-33660daf2dba,ID200411,CID-020,e461ae57-8d6e-4f51-a0b7-33660daf2dba,2025-06-27,2025-07-27,1367.82,82.08,1449.9,Issued,SampleGen
INV-4acd2be4-0578-4525-b96e-60306cfe6d08,ID200412,CID-020,4acd2be4-0578-4525-b96e-60306cfe6d08,2025-06-29,2025-07-29,533.8,32.04,565.84,Issued,SampleGen
INV-070e7226-1490-444c-a91e-ac864ea04040,ID200413,CID-020,070e7226-1490-444c-a91e-ac864ea04040,2025-07-25,2025-08-24,1093.76,65.64,1159.4,Issued,SampleGen
INV-91e56e4d-4569-42e7-ae8d-a3b699cbde2c,ID200414,CID-020,91e56e4d-4569-42e7-ae8d-a3b699cbde2c,2025-08-01,2025-08-31,1315.78,78.96,1394.74,Issued,SampleGen
INV-b4a96846-3731-410d-a399-cfa3b03d6147,ID200415,CID-020,b4a96846-3731-410d-a399-cfa3b03d6147,2025-08-03,2025-09-02,3581.76,214.92,3796.68,Issued,SampleGen
INV-954012ed-165e-4023-98ba-a29e29b470a3,ID200416,CID-020,954012ed-165e-4023-98ba-a29e29b470a3,2025-08-18,2025-09-17,1001.82,60.12,1061.94,Issued,SampleGen
INV-83f6f504-6833-4a8c-ae31-7ee00f491dfa,ID200417,CID-020,83f6f504-6833-4a8c-ae31-7ee00f491dfa,2025-08-16,2025-09-15,1571.86,94.32,1666.18,Issued,SampleGen
INV-45f29491-46de-4799-80f5-9d6c076e97ec,ID200418,CID-020,45f29491-46de-4799-80f5-9d6c076e97ec,2025-10-01,2025-10-31,1327.86,79.68,1407.54,Issued,SampleGen
INV-c5d733e1-41af-4616-b606-f8951393c003,ID200419,CID-020,c5d733e1-41af-4616-b606-f8951393c003,2025-10-01,2025-10-31,4579.8,274.8,4854.6,Issued,SampleGen
INV-41b030d2-c3a4-4956-907d-9cfbc0d1da79,ID200420,CID-020,41b030d2-c3a4-4956-907d-9cfbc0d1da79,2025-10-31,2025-11-30,1079.88,64.8,1144.68,Issued,SampleGen
INV-0e980b44-59f7-4e8a-8c07-3b5b90563ae0,ID200421,CID-020,0e980b44-59f7-4e8a-8c07-3b5b90563ae0,2025-11-01,2025-12-01,869.86,52.2,922.06,Issued,SampleGen
INV-e27653a7-bfaa-46c2-bbbe-d70ddb23d622,ID200422,CID-020,e27653a7-bfaa-46c2-bbbe-d70ddb23d622,2025-10-24,2025-11-23,2371.76,142.32,2514.08,Issued,SampleGen
INV-2fb6957c-51ff-45ce-a539-c6f0910fb378,ID200423,CID-020,2fb6957c-51ff-45ce-a539-c6f0910fb378,2025-11-11,2025-12-11,3559.76,213.6,3773.36,Issued,SampleGen
INV-ea5ff953-0aa0-48b0-9fa1-b298b0931717,ID200424,CID-020,ea5ff953-0aa0-48b0-9fa1-b298b0931717,2025-11-20,2025-12-20,1359.8,81.6,1441.4,Issued,SampleGen
INV-08103582-9d2d-49bd-b06d-ad0d6d1c36ff,ID200425,CID-020,08103582-9d2d-49bd-b06d-ad0d6d1c36ff,2025-11-30,2025-12-30,449.88,27.0,476.88,Issued,SampleGen
INV-6ab99cbc-edbd-457b-b227-2ec1ea6cf285,ID200426,CID-020,6ab99cbc-edbd-457b-b227-2ec1ea6cf285,2025-12-26,2026-01-25,643.86,38.64,682.5,Issued,SampleGen
INV-52a92a63-1766-4a92-8a25-f0a395841faa,ID200427,CID-020,52a92a63-1766-4a92-8a25-f0a395841faa,2025-12-08,2026-01-07,1479.88,88.8,1568.68,Issued,SampleGen
INV-e019874d-e105-4fdf-b93a-d747906bf354,ID200428,CID-020,e019874d-e105-4fdf-b93a-d747906bf354,2025-12-31,2026-01-30,1285.78,77.16,1362.94,Issued,SampleGen
INV-294b540e-c76e-4aee-b7bf-1a874c769532,ID200429,CID-020,294b540e-c76e-4aee-b7bf-1a874c769532,2025-12-28,2026-01-27,2275.7,136.56,2412.26,Issued,SampleGen
INV-32bca986-d75b-4500-b515-08073314eef8,ID200430,CID-020,32bca986-d75b-4500-b515-08073314eef8,2026-01-08,2026-02-07,5963.86,357.84,6321.7,Issued,SampleGen
INV-8c53da03-3c42-4d8a-979e-652c41e8eecc,ID200431,CID-020,8c53da03-3c42-4d8a-979e-652c41e8eecc,2026-01-17,2026-02-16,601.84,36.12,637.96,Issued,SampleGen
INV-ac537437-cfc7-4fd4-8e78-58fb50ca0908,ID200432,CID-020,ac537437-cfc7-4fd4-8e78-58fb50ca0908,2026-01-27,2026-02-26,7615.74,456.96,8072.7,Issued,SampleGen
INV-ff1813e2-3125-4c5c-91a1-af76636c1826,ID200433,CID-020,ff1813e2-3125-4c5c-91a1-af76636c1826,2026-02-15,2026-03-17,675.88,40.56,716.44,Issued,SampleGen
INV-24de204a-1b04-442b-8d79-94e76141bcb9,ID200434,CID-020,24de204a-1b04-442b-8d79-94e76141bcb9,2026-02-21,2026-03-23,1943.9,116.64,2060.54,Issued,SampleGen
INV-8bc5638b-2540-4718-a401-36370720611a,ID200435,CID-020,8bc5638b-2540-4718-a401-36370720611a,2026-02-19,2026-03-21,2269.74,136.2,2405.94,Issued,SampleGen
INV-65a0b126-44dc-4e58-b669-5761c3b3b72c,ID200436,CID-020,65a0b126-44dc-4e58-b669-5761c3b3b72c,2026-02-23,2026-03-25,5353.72,321.24,5674.96,Issued,SampleGen
INV-259fdde3-6e35-43b9-9106-8cb85f195876,ID200437,CID-020,259fdde3-6e35-43b9-9106-8cb85f195876,2026-03-23,2026-04-22,2995.82,179.76,3175.58,Issued,SampleGen
INV-54089921-2736-4445-a785-794d9a7fc1cd,ID200438,CID-020,54089921-2736-4445-a785-794d9a7fc1cd,2026-03-12,2026-04-11,965.76,57.96,1023.72,Issued,SampleGen
INV-1eb968de-4ce8-4001-9068-e2eafe85b7d0,ID200439,CID-020,1eb968de-4ce8-4001-9068-e2eafe85b7d0,2026-03-09,2026-04-08,1679.88,100.8,1780.68,Issued,SampleGen
INV-fad3d700-09ad-40e4-ab1f-d10d9a128561,ID200440,CID-020,fad3d700-09ad-40e4-ab1f-d10d9a128561,2026-03-03,2026-04-02,2393.74,143.64,2537.38,Issued,SampleGen
INV-84fde507-72fe-4097-a3ae-11c0db7e7f16,ID200441,CID-020,84fde507-72fe-4097-a3ae-11c0db7e7f16,2026-04-02,2026-05-02,2579.74,154.8,2734.54,Issued,SampleGen
INV-7c916f05-7c7b-4f75-b8eb-ee0e2329ea8c,ID200442,CID-020,7c916f05-7c7b-4f75-b8eb-ee0e2329ea8c,2026-04-06,2026-05-06,719.76,43.2,762.96,Issued,SampleGen
INV-fe74b681-c7fa-4c81-b120-faea96723d13,ID200443,CID-020,fe74b681-c7fa-4c81-b120-faea96723d13,2026-04-06,2026-05-06,779.88,46.8,826.68,Issued,SampleGen
INV-8d47591b-1aa6-4c90-a27a-d6167ec3b23a,ID200444,CID-020,8d47591b-1aa6-4c90-a27a-d6167ec3b23a,2026-04-02,2026-05-02,527.88,31.68,559.56,Issued,SampleGen
INV-54b5319c-538d-4ca7-a216-5b0296b108b8,ID200445,CID-021,54b5319c-538d-4ca7-a216-5b0296b108b8,2025-01-17,2025-02-16,967.82,58.08,1025.9,Issued,SampleGen
INV-0b6ef52f-b3e2-46d8-ab6e-1cc55dae9810,ID200446,CID-021,0b6ef52f-b3e2-46d8-ab6e-1cc55dae9810,2025-02-20,2025-03-22,3815.86,228.96,4044.82,Issued,SampleGen
INV-f253abca-a6ab-4397-9d8f-d3389babcfb1,ID200447,CID-021,f253abca-a6ab-4397-9d8f-d3389babcfb1,2025-03-11,2025-04-10,1501.82,90.12,1591.94,Issued,SampleGen
INV-5f8ae3a7-fccc-4f4e-9b73-cabbe9fbb71c,ID200448,CID-021,5f8ae3a7-fccc-4f4e-9b73-cabbe9fbb71c,2025-04-02,2025-05-02,323.92,19.44,343.36,Issued,SampleGen
INV-7adaf035-499c-41a7-9431-c5a33c28967e,ID200449,CID-021,7adaf035-499c-41a7-9431-c5a33c28967e,2025-05-24,2025-06-23,823.84,49.44,873.28,Issued,SampleGen
INV-a9d88867-7820-419e-9395-9b438a2f1bae,ID200450,CID-021,a9d88867-7820-419e-9395-9b438a2f1bae,2025-06-25,2025-07-25,403.92,24.24,428.16,Issued,SampleGen
INV-d38b87f0-3a36-40f6-bfcb-982fe62bbb72,ID200451,CID-021,d38b87f0-3a36-40f6-bfcb-982fe62bbb72,2025-07-14,2025-08-13,5261.82,315.72,5577.54,Issued,SampleGen
INV-3cd3115b-6631-49e5-a7f7-d07092bdf826,ID200452,CID-021,3cd3115b-6631-49e5-a7f7-d07092bdf826,2025-08-11,2025-09-10,1887.84,113.28,2001.12,Issued,SampleGen
INV-6a7abb29-8a07-4e4b-993c-45b5e475ef79,ID200453,CID-021,6a7abb29-8a07-4e4b-993c-45b5e475ef79,2025-09-19,2025-10-19,3567.88,214.08,3781.96,Issued,SampleGen
INV-981006ac-a73e-4898-875c-c1c5a0ab7cee,ID200454,CID-021,981006ac-a73e-4898-875c-c1c5a0ab7cee,2025-10-19,2025-11-18,3941.82,236.52,4178.34,Issued,SampleGen
INV-083ae1d3-2ee6-459a-9388-952b3784e189,ID200455,CID-021,083ae1d3-2ee6-459a-9388-952b3784e189,2025-11-28,2025-12-28,503.88,30.24,534.12,Issued,SampleGen
INV-5ba903e8-e6e7-4256-ba3b-dd626c780a21,ID200456,CID-021,5ba903e8-e6e7-4256-ba3b-dd626c780a21,2026-01-01,2026-01-31,1043.84,62.64,1106.48,Issued,SampleGen
INV-a4359e7a-2e93-4bb4-8147-8860011850a3,ID200457,CID-021,a4359e7a-2e93-4bb4-8147-8860011850a3,2026-01-22,2026-02-21,543.92,32.64,576.56,Issued,SampleGen
INV-3545f150-cce1-450d-8b14-c0bdde95d22b,ID200458,CID-021,3545f150-cce1-450d-8b14-c0bdde95d22b,2026-01-05,2026-02-04,3107.82,186.48,3294.3,Issued,SampleGen
INV-2c35acb1-5d38-45ab-85c4-3964c3875208,ID200459,CID-021,2c35acb1-5d38-45ab-85c4-3964c3875208,2026-02-21,2026-03-23,3007.84,180.48,3188.32,Issued,SampleGen
INV-b790ec1f-85eb-4dfa-9037-922602101f36,ID200460,CID-021,b790ec1f-85eb-4dfa-9037-922602101f36,2026-02-22,2026-03-24,903.88,54.24,958.12,Issued,SampleGen
INV-7dd19941-7c21-4f62-8bc7-4491a74d922a,ID200461,CID-021,7dd19941-7c21-4f62-8bc7-4491a74d922a,2026-03-11,2026-04-10,2043.76,122.64,2166.4,Issued,SampleGen
INV-b33ca37e-29d9-477d-83d3-9cd24e7c3f3b,ID200462,CID-021,b33ca37e-29d9-477d-83d3-9cd24e7c3f3b,2026-03-24,2026-04-23,1173.78,70.44,1244.22,Issued,SampleGen
INV-5417e8fa-90da-4ba8-8bd5-5fd7ce3333ce,ID200463,CID-021,5417e8fa-90da-4ba8-8bd5-5fd7ce3333ce,2026-04-09,2026-05-09,2095.8,125.76,2221.56,Issued,SampleGen
INV-0c7b71cf-0c27-4aaa-b9c2-ac52275faa36,ID200464,CID-021,0c7b71cf-0c27-4aaa-b9c2-ac52275faa36,2026-04-30,2026-05-30,1055.74,63.36,1119.1,Issued,SampleGen
INV-06b32aa5-0366-4d64-9004-0fa5d9135f7f,ID200465,CID-022,06b32aa5-0366-4d64-9004-0fa5d9135f7f,2025-01-13,2025-02-12,751.84,45.12,796.96,Issued,SampleGen
INV-f53dd8b1-bff9-4ee9-9cdf-b046fef6186f,ID200466,CID-022,f53dd8b1-bff9-4ee9-9cdf-b046fef6186f,2025-03-02,2025-04-01,6871.72,412.32,7284.04,Issued,SampleGen
INV-9dd82cbf-6663-4844-8aa5-02d47610b7d1,ID200467,CID-022,9dd82cbf-6663-4844-8aa5-02d47610b7d1,2025-04-16,2025-05-16,1503.74,90.24,1593.98,Issued,SampleGen
INV-ebf84321-1127-4419-b6c7-37e182eb8a82,ID200468,CID-022,ebf84321-1127-4419-b6c7-37e182eb8a82,2025-06-01,2025-07-01,5647.76,338.88,5986.64,Issued,SampleGen
INV-19cbbf2f-47fb-4d5a-9acd-6dfb827cd493,ID200469,CID-022,19cbbf2f-47fb-4d5a-9acd-6dfb827cd493,2025-06-09,2025-07-09,3099.86,186.0,3285.86,Issued,SampleGen
INV-bff4c32c-f999-40e7-80ad-e5fa39c17aa2,ID200470,CID-022,bff4c32c-f999-40e7-80ad-e5fa39c17aa2,2025-08-18,2025-09-17,1975.88,118.56,2094.44,Issued,SampleGen
INV-ac2b923b-c55d-4b83-b091-59476ce150ad,ID200471,CID-022,ac2b923b-c55d-4b83-b091-59476ce150ad,2025-09-05,2025-10-05,3315.8,198.96,3514.76,Issued,SampleGen
INV-67c91df4-e670-46fa-8c7c-1c038a88b83f,ID200472,CID-022,67c91df4-e670-46fa-8c7c-1c038a88b83f,2025-10-30,2025-11-29,251.9,15.12,267.02,Issued,SampleGen
INV-20c8cc71-67e4-4c2c-80e8-5ef568de188a,ID200473,CID-022,20c8cc71-67e4-4c2c-80e8-5ef568de188a,2025-11-10,2025-12-10,5611.76,336.72,5948.48,Issued,SampleGen
INV-b37d2060-db3a-421f-b5b1-318e79d94274,ID200474,CID-022,b37d2060-db3a-421f-b5b1-318e79d94274,2025-12-24,2026-01-23,3695.88,221.76,3917.64,Issued,SampleGen
INV-70afd2e3-9bdc-4563-9902-941b09896ece,ID200475,CID-022,70afd2e3-9bdc-4563-9902-941b09896ece,2026-01-24,2026-02-23,631.92,37.92,669.84,Issued,SampleGen
INV-0a829366-9cd5-41d7-b567-53cb5aee9f4a,ID200476,CID-022,0a829366-9cd5-41d7-b567-53cb5aee9f4a,2026-02-15,2026-03-17,1679.88,100.8,1780.68,Issued,SampleGen
INV-db732986-e17c-41fb-a9c3-b6282eadef38,ID200477,CID-022,db732986-e17c-41fb-a9c3-b6282eadef38,2026-03-18,2026-04-17,1227.8,73.68,1301.48,Issued,SampleGen
INV-1acf9077-6578-498e-9bf0-ce0887911c25,ID200478,CID-022,1acf9077-6578-498e-9bf0-ce0887911c25,2026-04-29,2026-05-29,539.86,32.4,572.26,Issued,SampleGen
INV-8441c24b-f13d-4d32-b95f-8e45c79d4ed1,ID200479,CID-023,8441c24b-f13d-4d32-b95f-8e45c79d4ed1,2025-01-07,2025-02-06,3099.86,186.0,3285.86,Issued,SampleGen
INV-7ef541a9-87d7-4642-9492-d241b8b8f1b0,ID200480,CID-023,7ef541a9-87d7-4642-9492-d241b8b8f1b0,2025-02-23,2025-03-25,4535.76,272.16,4807.92,Issued,SampleGen
INV-4b0d9128-0930-4885-b7c9-4482e737b507,ID200481,CID-023,4b0d9128-0930-4885-b7c9-4482e737b507,2025-03-13,2025-04-12,4431.68,265.92,4697.6,Issued,SampleGen
INV-0e33d489-3825-421c-81b1-ffd1db85663b,ID200482,CID-023,0e33d489-3825-421c-81b1-ffd1db85663b,2025-04-25,2025-05-25,5631.72,337.92,5969.64,Issued,SampleGen
INV-5632a2ee-4c76-4651-a5d5-09157aa282e9,ID200483,CID-023,5632a2ee-4c76-4651-a5d5-09157aa282e9,2025-05-22,2025-06-21,1519.84,91.2,1611.04,Issued,SampleGen
INV-de185c30-feea-490f-9adb-bae2b5373cd0,ID200484,CID-023,de185c30-feea-490f-9adb-bae2b5373cd0,2025-06-05,2025-07-05,617.82,37.08,654.9,Issued,SampleGen
INV-00c2c54f-0b0d-4834-91c4-d40a50d74350,ID200485,CID-023,00c2c54f-0b0d-4834-91c4-d40a50d74350,2025-07-22,2025-08-21,2687.9,161.28,2849.18,Issued,SampleGen
INV-f5298b94-cc2c-4a18-af64-eca493964cc8,ID200486,CID-023,f5298b94-cc2c-4a18-af64-eca493964cc8,2025-07-21,2025-08-20,1859.86,111.6,1971.46,Issued,SampleGen
INV-508057a5-d5a8-4a1d-b9f9-26104ec1af71,ID200487,CID-023,508057a5-d5a8-4a1d-b9f9-26104ec1af71,2025-08-06,2025-09-05,3827.7,229.68,4057.38,Issued,SampleGen
INV-f2dc92ec-4f31-4339-8902-92a45a0370e3,ID200488,CID-023,f2dc92ec-4f31-4339-8902-92a45a0370e3,2025-09-22,2025-10-22,215.92,12.96,228.88,Issued,SampleGen
INV-9afdf210-5eba-47dd-9323-89f810f26335,ID200489,CID-023,9afdf210-5eba-47dd-9323-89f810f26335,2025-09-21,2025-10-21,551.88,33.12,585.0,Issued,SampleGen
INV-6fdfb3a3-4747-40b9-b38c-07db8b7a8521,ID200490,CID-023,6fdfb3a3-4747-40b9-b38c-07db8b7a8521,2025-10-21,2025-11-20,6195.78,371.76,6567.54,Issued,SampleGen
INV-8fb0e201-6ded-4c2f-a1e6-577deb3834b9,ID200491,CID-023,8fb0e201-6ded-4c2f-a1e6-577deb3834b9,2025-10-09,2025-11-08,565.82,33.96,599.78,Issued,SampleGen
INV-cbd1fd89-68ed-4e99-829b-d6d38df55b57,ID200492,CID-023,cbd1fd89-68ed-4e99-829b-d6d38df55b57,2025-11-06,2025-12-06,5111.88,306.72,5418.6,Issued,SampleGen
INV-aa9b16dc-723a-4129-ad1e-5c1fa7d955b2,ID200493,CID-023,aa9b16dc-723a-4129-ad1e-5c1fa7d955b2,2025-11-03,2025-12-03,1487.82,89.28,1577.1,Issued,SampleGen
INV-da6b3523-0570-4ae5-bd4e-7abc2b1730a2,ID200494,CID-023,da6b3523-0570-4ae5-bd4e-7abc2b1730a2,2025-12-10,2026-01-09,2173.76,130.44,2304.2,Issued,SampleGen
INV-3620a368-447e-4bad-9d90-2315e9de8b9a,ID200495,CID-023,3620a368-447e-4bad-9d90-2315e9de8b9a,2025-12-29,2026-01-28,2075.84,124.56,2200.4,Issued,SampleGen
INV-25752020-6fe9-4802-9b02-0c29a658da8c,ID200496,CID-023,25752020-6fe9-4802-9b02-0c29a658da8c,2026-01-11,2026-02-10,439.92,26.4,466.32,Issued,SampleGen
INV-aaa69c36-21a2-4922-9387-d430acf51d21,ID200497,CID-023,aaa69c36-21a2-4922-9387-d430acf51d21,2026-01-09,2026-02-08,3755.74,225.36,3981.1,Issued,SampleGen
INV-72d38160-245e-4abb-8f48-fd7f8bf92fd9,ID200498,CID-023,72d38160-245e-4abb-8f48-fd7f8bf92fd9,2026-02-13,2026-03-15,2087.84,125.28,2213.12,Issued,SampleGen
INV-35741243-8d08-4019-8c0e-6418e2072154,ID200499,CID-023,35741243-8d08-4019-8c0e-6418e2072154,2026-02-10,2026-03-12,1387.76,83.28,1471.04,Issued,SampleGen
INV-444c165b-813c-40c8-a743-6d5558d2206c,ID200500,CID-023,444c165b-813c-40c8-a743-6d5558d2206c,2026-02-17,2026-03-19,2107.76,126.48,2234.24,Issued,SampleGen
INV-9fdbe1a7-9cec-46a2-a679-727c9622c72a,ID200501,CID-023,9fdbe1a7-9cec-46a2-a679-727c9622c72a,2026-03-14,2026-04-13,783.78,47.04,830.82,Issued,SampleGen
INV-fd2f6863-5f86-4c78-9bd8-b2b9474e257a,ID200502,CID-023,fd2f6863-5f86-4c78-9bd8-b2b9474e257a,2026-03-22,2026-04-21,3407.92,204.48,3612.4,Issued,SampleGen
INV-95a67c0b-4cb0-4e60-95f4-4a0c512c23d8,ID200503,CID-023,95a67c0b-4cb0-4e60-95f4-4a0c512c23d8,2026-04-23,2026-05-23,1671.8,100.32,1772.12,Issued,SampleGen
INV-580cfa9e-1984-4e68-93eb-1328510e5520,ID200504,CID-023,580cfa9e-1984-4e68-93eb-1328510e5520,2026-04-08,2026-05-08,1891.8,113.52,2005.32,Issued,SampleGen
INV-1b875fdb-eba2-4fe3-83d1-67fd4aba8c5d,ID200505,CID-023,1b875fdb-eba2-4fe3-83d1-67fd4aba8c5d,2026-04-22,2026-05-22,1359.8,81.6,1441.4,Issued,SampleGen
INV-b692ed1b-9c4a-466f-b443-14cfdff2ac03,ID200506,CID-024,b692ed1b-9c4a-466f-b443-14cfdff2ac03,2025-01-18,2025-02-17,1271.82,76.32,1348.14,Issued,SampleGen
INV-8e5cd716-1050-444f-beb2-c0a29702fb8e,ID200507,CID-024,8e5cd716-1050-444f-beb2-c0a29702fb8e,2025-02-13,2025-03-15,371.88,22.32,394.2,Issued,SampleGen
INV-f9a1685a-11f9-491d-896e-62be682b3f68,ID200508,CID-024,f9a1685a-11f9-491d-896e-62be682b3f68,2025-03-14,2025-04-13,1039.88,62.4,1102.28,Issued,SampleGen
INV-f89c99ab-0246-46b6-a803-9b0a2176a190,ID200509,CID-024,f89c99ab-0246-46b6-a803-9b0a2176a190,2025-04-24,2025-05-24,331.88,19.92,351.8,Issued,SampleGen
INV-9ca447e0-22dc-469e-b4db-2a75e8c3877e,ID200510,CID-024,9ca447e0-22dc-469e-b4db-2a75e8c3877e,2025-05-27,2025-06-26,2791.82,167.52,2959.34,Issued,SampleGen
INV-4ecad1bf-85bd-4d9d-8f2f-9735175c3aaf,ID200511,CID-024,4ecad1bf-85bd-4d9d-8f2f-9735175c3aaf,2025-06-15,2025-07-15,1279.9,76.8,1356.7,Issued,SampleGen
INV-537f28ec-44db-4820-b814-46b217f80c11,ID200512,CID-024,537f28ec-44db-4820-b814-46b217f80c11,2025-07-24,2025-08-23,507.8,30.48,538.28,Issued,SampleGen
INV-8daa062f-ea50-4b68-aeec-2396ee44fc34,ID200513,CID-024,8daa062f-ea50-4b68-aeec-2396ee44fc34,2025-08-20,2025-09-19,3683.86,221.04,3904.9,Issued,SampleGen
INV-8e53bb49-967b-43f7-bd62-d9cdd572c1a4,ID200514,CID-024,8e53bb49-967b-43f7-bd62-d9cdd572c1a4,2025-08-07,2025-09-06,765.8,45.96,811.76,Issued,SampleGen
INV-71b69572-2eef-4444-8649-b17cbfab769d,ID200515,CID-024,71b69572-2eef-4444-8649-b17cbfab769d,2025-09-09,2025-10-09,2037.82,122.28,2160.1,Issued,SampleGen
INV-e733ff14-d236-41ce-b12f-9182ff55ea4d,ID200516,CID-024,e733ff14-d236-41ce-b12f-9182ff55ea4d,2025-09-07,2025-10-07,609.82,36.6,646.42,Issued,SampleGen
INV-4d3b4b28-cb22-4873-a716-ed5df8a53114,ID200517,CID-024,4d3b4b28-cb22-4873-a716-ed5df8a53114,2025-10-20,2025-11-19,1105.8,66.36,1172.16,Issued,SampleGen
INV-86a04c90-40db-46bf-8ed0-03e2c25dfbba,ID200518,CID-024,86a04c90-40db-46bf-8ed0-03e2c25dfbba,2025-11-13,2025-12-13,1111.84,66.72,1178.56,Issued,SampleGen
INV-8c0622a9-4799-4980-bd67-ea22f029f81a,ID200519,CID-024,8c0622a9-4799-4980-bd67-ea22f029f81a,2025-11-11,2025-12-11,9371.78,562.32,9934.1,Issued,SampleGen
INV-6a1fa898-6e7d-4b4f-8c01-0f158e91e6de,ID200520,CID-024,6a1fa898-6e7d-4b4f-8c01-0f158e91e6de,2025-12-29,2026-01-28,463.88,27.84,491.72,Issued,SampleGen
INV-1ce6d119-9fb8-422e-8ebb-ee3053ce2047,ID200521,CID-024,1ce6d119-9fb8-422e-8ebb-ee3053ce2047,2025-12-22,2026-01-21,4355.74,261.36,4617.1,Issued,SampleGen
INV-d0fb6093-5656-4e40-a9ca-e34d76cd1312,ID200522,CID-024,d0fb6093-5656-4e40-a9ca-e34d76cd1312,2026-01-15,2026-02-14,1651.88,99.12,1751.0,Issued,SampleGen
INV-ac5c53f9-51ed-460b-88c0-8ecff9156efc,ID200523,CID-024,ac5c53f9-51ed-460b-88c0-8ecff9156efc,2026-01-03,2026-02-02,2691.8,161.52,2853.32,Issued,SampleGen
INV-24196e27-fd24-4c78-8209-6001db64c0c3,ID200524,CID-024,24196e27-fd24-4c78-8209-6001db64c0c3,2026-02-02,2026-03-04,687.84,41.28,729.12,Issued,SampleGen
INV-865f5f1a-d1a8-489b-a5ef-73fe1a87ae22,ID200525,CID-024,865f5f1a-d1a8-489b-a5ef-73fe1a87ae22,2026-03-30,2026-04-29,4075.86,244.56,4320.42,Issued,SampleGen
INV-a85baf42-bff1-4937-b49c-0f313ed5b062,ID200526,CID-024,a85baf42-bff1-4937-b49c-0f313ed5b062,2026-03-14,2026-04-13,1759.86,105.6,1865.46,Issued,SampleGen
INV-b8214a57-df84-409c-87a1-ccc97d6cd2e6,ID200527,CID-024,b8214a57-df84-409c-87a1-ccc97d6cd2e6,2026-04-10,2026-05-10,595.86,35.76,631.62,Issued,SampleGen
INV-f6ea93ec-7e4c-46c4-a9ba-c195113119e3,ID200528,CID-024,f6ea93ec-7e4c-46c4-a9ba-c195113119e3,2026-04-11,2026-05-11,949.9,57.0,1006.9,Issued,SampleGen
INV-2e21dcbd-822f-40ce-b3e0-f31862b8cd06,ID200529,CID-025,2e21dcbd-822f-40ce-b3e0-f31862b8cd06,2025-01-02,2025-02-01,559.88,33.6,593.48,Issued,SampleGen
INV-bb20267b-1240-4ba6-8c0c-7dae83f163d1,ID200530,CID-025,bb20267b-1240-4ba6-8c0c-7dae83f163d1,2025-03-07,2025-04-06,1647.84,98.88,1746.72,Issued,SampleGen
INV-d56f305e-17c4-49ac-922e-540b3406dadb,ID200531,CID-025,d56f305e-17c4-49ac-922e-540b3406dadb,2025-05-24,2025-06-23,503.86,30.24,534.1,Issued,SampleGen
INV-24141548-9d91-4474-8a90-97e1c2ac4ce6,ID200532,CID-025,24141548-9d91-4474-8a90-97e1c2ac4ce6,2025-08-09,2025-09-08,1863.84,111.84,1975.68,Issued,SampleGen
INV-6c08781f-bf35-4a21-97bc-5cc5cb33dc33,ID200533,CID-025,6c08781f-bf35-4a21-97bc-5cc5cb33dc33,2025-09-23,2025-10-23,771.86,46.32,818.18,Issued,SampleGen
INV-577ea445-2267-4d83-b572-72fc191e25e6,ID200534,CID-025,577ea445-2267-4d83-b572-72fc191e25e6,2025-11-27,2025-12-27,635.9,38.16,674.06,Issued,SampleGen
INV-43188186-4232-4690-bb2f-363dcd840a1c,ID200535,CID-025,43188186-4232-4690-bb2f-363dcd840a1c,2025-12-22,2026-01-21,4459.74,267.6,4727.34,Issued,SampleGen
INV-b310f597-4f9f-4bcc-a3c8-31631c4a9d26,ID200536,CID-025,b310f597-4f9f-4bcc-a3c8-31631c4a9d26,2026-01-19,2026-02-18,1243.86,74.64,1318.5,Issued,SampleGen
INV-0a5c0ade-8a92-4e90-b9ed-7417c5b18686,ID200537,CID-025,0a5c0ade-8a92-4e90-b9ed-7417c5b18686,2026-04-03,2026-05-03,1635.88,98.16,1734.04,Issued,SampleGen
INV-8e1bd3e9-85d4-42a0-b5e8-c621cc41495d,ID200538,CID-026,8e1bd3e9-85d4-42a0-b5e8-c621cc41495d,2025-02-26,2025-03-28,2041.82,122.52,2164.34,Issued,SampleGen
INV-b0786044-a06c-47d4-9c04-2566a9faf7a8,ID200539,CID-026,b0786044-a06c-47d4-9c04-2566a9faf7a8,2025-04-03,2025-05-03,3975.8,238.56,4214.36,Issued,SampleGen
INV-4b081549-a3d6-46b1-8262-e4c6817b8c2a,ID200540,CID-026,4b081549-a3d6-46b1-8262-e4c6817b8c2a,2025-06-22,2025-07-22,893.82,53.64,947.46,Issued,SampleGen
INV-b15006e0-c651-4815-9546-bd8c26a0abf8,ID200541,CID-026,b15006e0-c651-4815-9546-bd8c26a0abf8,2025-07-28,2025-08-27,1037.72,62.28,1100.0,Issued,SampleGen
INV-81bdd273-41ed-439a-bda9-3fb1771d94b0,ID200542,CID-026,81bdd273-41ed-439a-bda9-3fb1771d94b0,2025-08-15,2025-09-14,1005.76,60.36,1066.12,Issued,SampleGen
INV-0966b6e0-20be-4d09-b8de-6d3ad1b8dff6,ID200543,CID-026,0966b6e0-20be-4d09-b8de-6d3ad1b8dff6,2025-09-19,2025-10-19,3973.78,238.44,4212.22,Issued,SampleGen
INV-74d4e407-75cd-4f08-8652-ea83d9966235,ID200544,CID-026,74d4e407-75cd-4f08-8652-ea83d9966235,2025-10-06,2025-11-05,1167.9,70.08,1237.98,Issued,SampleGen
INV-80b0fc7e-4ec0-42b3-9525-7573e76dc496,ID200545,CID-026,80b0fc7e-4ec0-42b3-9525-7573e76dc496,2025-11-10,2025-12-10,3767.88,226.08,3993.96,Issued,SampleGen
INV-ab8f3be1-33c5-404b-863c-11acf3caf1dc,ID200546,CID-026,ab8f3be1-33c5-404b-863c-11acf3caf1dc,2025-12-08,2026-01-07,1975.92,118.56,2094.48,Issued,SampleGen
INV-9494d591-0c94-4716-b6fc-f07b4dcb9879,ID200547,CID-026,9494d591-0c94-4716-b6fc-f07b4dcb9879,2025-12-23,2026-01-22,3363.74,201.84,3565.58,Issued,SampleGen
INV-b2792436-1a3b-4339-9c30-e1ac71eb9354,ID200548,CID-026,b2792436-1a3b-4339-9c30-e1ac71eb9354,2026-01-16,2026-02-15,381.9,22.92,404.82,Issued,SampleGen
INV-18b3872f-dc21-4fc1-86dc-4b19b7627c2e,ID200549,CID-026,18b3872f-dc21-4fc1-86dc-4b19b7627c2e,2026-02-12,2026-03-14,2479.82,148.8,2628.62,Issued,SampleGen
INV-5475a66c-11bd-449b-ae25-703e06b59d14,ID200550,CID-026,5475a66c-11bd-449b-ae25-703e06b59d14,2026-02-05,2026-03-07,3471.76,208.32,3680.08,Issued,SampleGen
INV-6aecbb6c-417e-4663-8264-dc7950e6480d,ID200551,CID-026,6aecbb6c-417e-4663-8264-dc7950e6480d,2026-03-29,2026-04-28,651.8,39.12,690.92,Issued,SampleGen
INV-37c375fb-db3a-4663-8350-269dde4e98fa,ID200552,CID-026,37c375fb-db3a-4663-8350-269dde4e98fa,2026-04-13,2026-05-13,1435.72,86.16,1521.88,Issued,SampleGen
INV-97104ecf-4e6d-43c2-b293-590c5e81e742,ID200553,CID-026,97104ecf-4e6d-43c2-b293-590c5e81e742,2026-04-26,2026-05-26,449.88,27.0,476.88,Issued,SampleGen
INV-b3f71c11-a11e-4c38-b881-4332cedaf96c,ID200554,CID-027,b3f71c11-a11e-4c38-b881-4332cedaf96c,2025-06-08,2025-07-08,413.86,24.84,438.7,Issued,SampleGen
INV-54598902-1666-46e8-be27-42c733b2e9b4,ID200555,CID-027,54598902-1666-46e8-be27-42c733b2e9b4,2025-07-16,2025-08-15,2393.84,143.64,2537.48,Issued,SampleGen
INV-d801b112-09cf-4481-8219-cc5af39f42d2,ID200556,CID-027,d801b112-09cf-4481-8219-cc5af39f42d2,2025-08-03,2025-09-02,767.9,46.08,813.98,Issued,SampleGen
INV-414acce7-3280-4157-a0b8-0d5b91526551,ID200557,CID-027,414acce7-3280-4157-a0b8-0d5b91526551,2025-10-31,2025-11-30,673.86,40.44,714.3,Issued,SampleGen
INV-2287b9b3-3024-4a51-a31e-f789cf1632f5,ID200558,CID-027,2287b9b3-3024-4a51-a31e-f789cf1632f5,2025-11-19,2025-12-19,2339.74,140.4,2480.14,Issued,SampleGen
INV-95978aa0-b3fb-4b20-983b-d4c4e2b3697f,ID200559,CID-027,95978aa0-b3fb-4b20-983b-d4c4e2b3697f,2026-01-25,2026-02-24,2705.88,162.36,2868.24,Issued,SampleGen
INV-517e8e1f-6eb8-4ec1-b358-e73feec28e7e,ID200560,CID-027,517e8e1f-6eb8-4ec1-b358-e73feec28e7e,2026-02-22,2026-03-24,2061.86,123.72,2185.58,Issued,SampleGen
INV-5da944d9-c43b-40fe-ad3e-84019d363431,ID200561,CID-027,5da944d9-c43b-40fe-ad3e-84019d363431,2026-03-31,2026-04-30,1535.82,92.16,1627.98,Issued,SampleGen
INV-43d87d6b-6254-4e30-9580-fedc62ab971d,ID200562,CID-028,43d87d6b-6254-4e30-9580-fedc62ab971d,2025-01-30,2025-03-01,3855.8,231.36,4087.16,Issued,SampleGen
INV-dac65d67-c2b2-4ee4-9759-05dad3cf3529,ID200563,CID-028,dac65d67-c2b2-4ee4-9759-05dad3cf3529,2025-02-25,2025-03-27,1255.9,75.36,1331.26,Issued,SampleGen
INV-9a54d0b5-1543-403a-bc2f-1852c5775744,ID200564,CID-028,9a54d0b5-1543-403a-bc2f-1852c5775744,2025-04-01,2025-05-01,343.88,20.64,364.52,Issued,SampleGen
INV-6190fed5-785a-49c2-b06e-49d88f52ed9f,ID200565,CID-028,6190fed5-785a-49c2-b06e-49d88f52ed9f,2025-03-25,2025-04-24,3591.88,215.52,3807.4,Issued,SampleGen
INV-f48bb795-15b1-4b69-9185-8f82eacea563,ID200566,CID-028,f48bb795-15b1-4b69-9185-8f82eacea563,2025-04-07,2025-05-07,1771.78,106.32,1878.1,Issued,SampleGen
INV-e2a3dfa1-d81e-4663-bc29-c18f93744df1,ID200567,CID-028,e2a3dfa1-d81e-4663-bc29-c18f93744df1,2025-04-07,2025-05-07,2883.78,173.04,3056.82,Issued,SampleGen
INV-41aac27f-5b70-40bf-9535-a19affa0e3c0,ID200568,CID-028,41aac27f-5b70-40bf-9535-a19affa0e3c0,2025-05-12,2025-06-11,623.88,37.44,661.32,Issued,SampleGen
INV-fe6f22b6-5d51-4f17-a905-7b4a92c8f965,ID200569,CID-028,fe6f22b6-5d51-4f17-a905-7b4a92c8f965,2025-05-12,2025-06-11,2555.82,153.36,2709.18,Issued,SampleGen
INV-e153fa00-0673-401a-909a-0f6f5d075622,ID200570,CID-028,e153fa00-0673-401a-909a-0f6f5d075622,2025-07-01,2025-07-31,635.9,38.16,674.06,Issued,SampleGen
INV-b15907f2-5e0d-4243-b77e-41cec4ebf677,ID200571,CID-028,b15907f2-5e0d-4243-b77e-41cec4ebf677,2025-06-27,2025-07-27,811.9,48.72,860.62,Issued,SampleGen
INV-d96bf4af-dcf3-4275-bcef-74b3f44ba3d6,ID200572,CID-028,d96bf4af-dcf3-4275-bcef-74b3f44ba3d6,2025-07-30,2025-08-29,569.84,34.2,604.04,Issued,SampleGen
INV-58fa73e6-64f5-47d8-8c01-6a0b00eea13d,ID200573,CID-028,58fa73e6-64f5-47d8-8c01-6a0b00eea13d,2025-07-29,2025-08-28,5583.76,335.04,5918.8,Issued,SampleGen
INV-5c01f570-8d14-4646-a914-960f746e551b,ID200574,CID-028,5c01f570-8d14-4646-a914-960f746e551b,2025-08-16,2025-09-15,1003.82,60.24,1064.06,Issued,SampleGen
INV-73db0f20-3849-47e4-9e38-693b6e2a95d5,ID200575,CID-028,73db0f20-3849-47e4-9e38-693b6e2a95d5,2025-08-22,2025-09-21,559.88,33.6,593.48,Issued,SampleGen
INV-bc4fa2db-233d-4313-b858-4e840e4919ff,ID200576,CID-028,bc4fa2db-233d-4313-b858-4e840e4919ff,2025-08-06,2025-09-05,737.72,44.28,782.0,Issued,SampleGen
INV-090a9761-4584-47b9-92c6-f83626d5504a,ID200577,CID-028,090a9761-4584-47b9-92c6-f83626d5504a,2025-09-24,2025-10-24,603.8,36.24,640.04,Issued,SampleGen
INV-1bb9d8d8-ceb3-446d-8059-43224c39f4f5,ID200578,CID-028,1bb9d8d8-ceb3-446d-8059-43224c39f4f5,2025-09-15,2025-10-15,6863.72,411.84,7275.56,Issued,SampleGen
INV-7a08690c-407a-4b95-9582-f84c0b43164d,ID200579,CID-028,7a08690c-407a-4b95-9582-f84c0b43164d,2025-09-24,2025-10-24,437.88,26.28,464.16,Issued,SampleGen
INV-4c1f7c48-cfa2-451e-a373-0f191d7832c9,ID200580,CID-028,4c1f7c48-cfa2-451e-a373-0f191d7832c9,2025-10-14,2025-11-13,1943.9,116.64,2060.54,Issued,SampleGen
INV-b887d480-b6bd-4f60-8d67-1b0dafc7079c,ID200581,CID-028,b887d480-b6bd-4f60-8d67-1b0dafc7079c,2025-10-05,2025-11-04,795.8,47.76,843.56,Issued,SampleGen
INV-16cf4dbc-0fb0-4a87-bd6b-24429374a054,ID200582,CID-028,16cf4dbc-0fb0-4a87-bd6b-24429374a054,2025-10-25,2025-11-24,1999.76,120.0,2119.76,Issued,SampleGen
INV-aba8fba7-8715-42fa-846d-9bf174134fac,ID200583,CID-028,aba8fba7-8715-42fa-846d-9bf174134fac,2025-11-20,2025-12-20,1399.86,84.0,1483.86,Issued,SampleGen
INV-76013893-8699-42c2-abdd-24e5094ae031,ID200584,CID-028,76013893-8699-42c2-abdd-24e5094ae031,2025-11-12,2025-12-12,1155.82,69.36,1225.18,Issued,SampleGen
INV-81142948-3075-40be-9d4d-15b034e6c70e,ID200585,CID-028,81142948-3075-40be-9d4d-15b034e6c70e,2025-12-01,2025-12-31,367.92,22.08,390.0,Issued,SampleGen
INV-f01a6c88-00a7-4241-8801-50250af9d59a,ID200586,CID-028,f01a6c88-00a7-4241-8801-50250af9d59a,2025-12-29,2026-01-28,689.88,41.4,731.28,Issued,SampleGen
INV-0e7599f3-3255-4820-ae57-9dd9fceb941e,ID200587,CID-028,0e7599f3-3255-4820-ae57-9dd9fceb941e,2026-01-01,2026-01-31,4447.76,266.88,4714.64,Issued,SampleGen
INV-5b4d22d0-04d8-4931-8eba-17baa2f466d9,ID200588,CID-028,5b4d22d0-04d8-4931-8eba-17baa2f466d9,2025-12-26,2026-01-25,1139.78,68.4,1208.18,Issued,SampleGen
INV-0efbe101-30c2-406b-912c-c6d12b943331,ID200589,CID-028,0efbe101-30c2-406b-912c-c6d12b943331,2025-12-08,2026-01-07,3425.74,205.56,3631.3,Issued,SampleGen
INV-304b4b47-726d-439b-b051-55cdecac4175,ID200590,CID-028,304b4b47-726d-439b-b051-55cdecac4175,2026-01-21,2026-02-20,4835.82,290.16,5125.98,Issued,SampleGen
INV-e58b5228-9570-408b-b98f-32d387054bc6,ID200591,CID-028,e58b5228-9570-408b-b98f-32d387054bc6,2026-01-16,2026-02-15,1783.84,107.04,1890.88,Issued,SampleGen
INV-b49c7ab7-fa67-460c-825c-c369a5e4a77d,ID200592,CID-028,b49c7ab7-fa67-460c-825c-c369a5e4a77d,2026-01-09,2026-02-08,357.9,21.48,379.38,Issued,SampleGen
INV-69b3a7a1-99c1-4b9f-a6a4-36c26d1c7d20,ID200593,CID-028,69b3a7a1-99c1-4b9f-a6a4-36c26d1c7d20,2026-02-27,2026-03-29,3605.86,216.36,3822.22,Issued,SampleGen
INV-577f1d19-1796-4c9f-a3b9-ec4699d93e63,ID200594,CID-028,577f1d19-1796-4c9f-a3b9-ec4699d93e63,2026-02-27,2026-03-29,4593.76,275.64,4869.4,Issued,SampleGen
INV-7b4b01cc-4c78-4526-bea6-016e7dc3e79e,ID200595,CID-028,7b4b01cc-4c78-4526-bea6-016e7dc3e79e,2026-02-24,2026-03-26,6631.8,397.92,7029.72,Issued,SampleGen
INV-189c1b69-1810-4711-83a8-582ada15ceb1,ID200596,CID-028,189c1b69-1810-4711-83a8-582ada15ceb1,2026-02-14,2026-03-16,5177.74,310.68,5488.42,Issued,SampleGen
INV-16be64ac-af2e-49c2-bac1-b3560a1260ee,ID200597,CID-028,16be64ac-af2e-49c2-bac1-b3560a1260ee,2026-03-27,2026-04-26,2039.78,122.4,2162.18,Issued,SampleGen
INV-5918db51-678e-4e55-af09-202930032641,ID200598,CID-028,5918db51-678e-4e55-af09-202930032641,2026-03-27,2026-04-26,1979.9,118.8,2098.7,Issued,SampleGen
INV-0860fa2a-7304-4ce7-b8dd-90c9fe2437ba,ID200599,CID-028,0860fa2a-7304-4ce7-b8dd-90c9fe2437ba,2026-03-10,2026-04-09,715.8,42.96,758.76,Issued,SampleGen
INV-bf01c86e-66ce-4c4a-84cc-8ad11cfc1da5,ID200600,CID-028,bf01c86e-66ce-4c4a-84cc-8ad11cfc1da5,2026-04-07,2026-05-07,3751.76,225.12,3976.88,Issued,SampleGen
INV-14407b95-bf74-4c1b-84e5-f07853623bc4,ID200601,CID-028,14407b95-bf74-4c1b-84e5-f07853623bc4,2026-04-06,2026-05-06,1703.88,102.24,1806.12,Issued,SampleGen
INV-15b5b1bf-b6e4-450f-913b-6fc33a38406f,ID200602,CID-028,15b5b1bf-b6e4-450f-913b-6fc33a38406f,2026-04-14,2026-05-14,1635.88,98.16,1734.04,Issued,SampleGen
INV-72fb98a0-0293-415c-95a7-563c1f56f4db,ID200603,CID-028,72fb98a0-0293-415c-95a7-563c1f56f4db,2026-04-16,2026-05-16,3027.86,181.68,3209.54,Issued,SampleGen
INV-fecc1974-db49-4bb6-9b42-30dd2dd04fa7,ID200604,CID-029,fecc1974-db49-4bb6-9b42-30dd2dd04fa7,2025-01-28,2025-02-27,1373.88,82.44,1456.32,Issued,SampleGen
INV-064e0af6-5274-494a-b4f4-fec01755ae44,ID200605,CID-029,064e0af6-5274-494a-b4f4-fec01755ae44,2025-02-20,2025-03-22,787.82,47.28,835.1,Issued,SampleGen
INV-949e68ef-7835-4a71-9f5d-850623b189cc,ID200606,CID-029,949e68ef-7835-4a71-9f5d-850623b189cc,2025-04-01,2025-05-01,4941.76,296.52,5238.28,Issued,SampleGen
INV-12c0aa69-921a-4fd0-9753-c729845cea27,ID200607,CID-029,12c0aa69-921a-4fd0-9753-c729845cea27,2025-04-12,2025-05-12,2895.78,173.76,3069.54,Issued,SampleGen
INV-bc5d184f-a8e9-416d-8ae7-96ea519245a2,ID200608,CID-029,bc5d184f-a8e9-416d-8ae7-96ea519245a2,2025-05-18,2025-06-17,539.86,32.4,572.26,Issued,SampleGen
INV-a7563453-515e-4e7b-82f0-90ebb0c3fca2,ID200609,CID-029,a7563453-515e-4e7b-82f0-90ebb0c3fca2,2025-08-05,2025-09-04,557.82,33.48,591.3,Issued,SampleGen
INV-6feda151-7369-4961-b3a7-43d0ca6a7c06,ID200610,CID-029,6feda151-7369-4961-b3a7-43d0ca6a7c06,2025-10-01,2025-10-31,2567.82,154.08,2721.9,Issued,SampleGen
INV-732939fc-ce73-4e48-a07f-5c965f9ebddb,ID200611,CID-029,732939fc-ce73-4e48-a07f-5c965f9ebddb,2025-10-25,2025-11-24,459.9,27.6,487.5,Issued,SampleGen
INV-3d81f937-5a95-4c69-8d1d-70b8e735c867,ID200612,CID-029,3d81f937-5a95-4c69-8d1d-70b8e735c867,2025-11-07,2025-12-07,859.86,51.6,911.46,Issued,SampleGen
INV-38f74e69-04de-404f-97dd-add7138f6191,ID200613,CID-029,38f74e69-04de-404f-97dd-add7138f6191,2025-12-18,2026-01-17,279.88,16.8,296.68,Issued,SampleGen
INV-0658cf82-3b5f-4583-a09d-32079ea5b27f,ID200614,CID-029,0658cf82-3b5f-4583-a09d-32079ea5b27f,2026-01-15,2026-02-14,2165.82,129.96,2295.78,Issued,SampleGen
INV-ec32e055-5509-48aa-8680-85a29f3b2a6c,ID200615,CID-029,ec32e055-5509-48aa-8680-85a29f3b2a6c,2026-02-11,2026-03-13,1939.86,116.4,2056.26,Issued,SampleGen
INV-28db838b-6e6f-409c-b9ec-5b7d7708347a,ID200616,CID-029,28db838b-6e6f-409c-b9ec-5b7d7708347a,2026-03-12,2026-04-11,1079.88,64.8,1144.68,Issued,SampleGen
INV-45a5aefd-b2ea-49eb-8071-3f635f9ba0f4,ID200617,CID-029,45a5aefd-b2ea-49eb-8071-3f635f9ba0f4,2026-03-21,2026-04-20,647.88,38.88,686.76,Issued,SampleGen
INV-81ad5a49-2af7-4af8-9413-fc52e66132d6,ID200618,CID-029,81ad5a49-2af7-4af8-9413-fc52e66132d6,2026-04-16,2026-05-16,4207.72,252.48,4460.2,Issued,SampleGen
INV-81ff8f7b-0200-44a1-b6c8-4d87c08e20de,ID200619,CID-030,81ff8f7b-0200-44a1-b6c8-4d87c08e20de,2025-01-05,2025-02-04,4627.72,277.68,4905.4,Issued,SampleGen
INV-aadb3a74-d53c-4c8e-bf7a-78bcc97ef746,ID200620,CID-030,aadb3a74-d53c-4c8e-bf7a-78bcc97ef746,2025-03-07,2025-04-06,639.88,38.4,678.28,Issued,SampleGen
INV-9c16b456-e919-4b51-a782-45526cd5411e,ID200621,CID-030,9c16b456-e919-4b51-a782-45526cd5411e,2025-05-13,2025-06-12,1947.72,116.88,2064.6,Issued,SampleGen
INV-ca1cf173-773e-442e-8ee1-317a8c10ae9f,ID200622,CID-030,ca1cf173-773e-442e-8ee1-317a8c10ae9f,2025-07-14,2025-08-13,627.8,37.68,665.48,Issued,SampleGen
INV-4d6a93c3-bd5a-4464-b645-3139f72cc8b2,ID200623,CID-030,4d6a93c3-bd5a-4464-b645-3139f72cc8b2,2025-08-15,2025-09-14,4103.82,246.24,4350.06,Issued,SampleGen
INV-84f04c32-b082-43b9-bb63-5974248d7c6e,ID200624,CID-030,84f04c32-b082-43b9-bb63-5974248d7c6e,2025-09-28,2025-10-28,4847.76,290.88,5138.64,Issued,SampleGen
INV-d4aa3158-7bca-4d3b-ae4d-b3637be4dab7,ID200625,CID-030,d4aa3158-7bca-4d3b-ae4d-b3637be4dab7,2025-10-24,2025-11-23,933.9,56.04,989.94,Issued,SampleGen
INV-d4e2a21d-1b61-4314-a1bf-8dd8f59742d3,ID200626,CID-030,d4e2a21d-1b61-4314-a1bf-8dd8f59742d3,2025-11-05,2025-12-05,2309.78,138.6,2448.38,Issued,SampleGen
INV-c1765a64-00ad-4ebe-88e6-e30aba82bd03,ID200627,CID-030,c1765a64-00ad-4ebe-88e6-e30aba82bd03,2025-12-27,2026-01-26,1079.88,64.8,1144.68,Issued,SampleGen
INV-ce405bc8-5a7f-472e-ba23-13783d6cf038,ID200628,CID-030,ce405bc8-5a7f-472e-ba23-13783d6cf038,2026-01-03,2026-02-02,2999.8,180.0,3179.8,Issued,SampleGen
INV-46d8e2b5-4b01-4b73-938d-6975622e4339,ID200629,CID-030,46d8e2b5-4b01-4b73-938d-6975622e4339,2026-02-06,2026-03-08,1547.88,92.88,1640.76,Issued,SampleGen
INV-67e3ea2e-7afd-40f6-b10d-1093aa3a8b38,ID200630,CID-030,67e3ea2e-7afd-40f6-b10d-1093aa3a8b38,2026-03-20,2026-04-19,1639.86,98.4,1738.26,Issued,SampleGen
INV-b8a461bc-eb4e-426c-98a7-9a42d38a32ea,ID200631,CID-030,b8a461bc-eb4e-426c-98a7-9a42d38a32ea,2026-04-04,2026-05-04,533.9,32.04,565.94,Issued,SampleGen
INV-50b3cf0e-5c04-498d-b07e-f00c2843890a,ID200632,CID-031,50b3cf0e-5c04-498d-b07e-f00c2843890a,2025-01-14,2025-02-13,1883.82,113.04,1996.86,Issued,SampleGen
INV-fe27e58a-a543-40ec-8e3b-6e135fc4fc80,ID200633,CID-031,fe27e58a-a543-40ec-8e3b-6e135fc4fc80,2025-02-08,2025-03-10,2071.8,124.32,2196.12,Issued,SampleGen
INV-532611ef-f548-4043-b132-98eb9ecd73ff,ID200634,CID-031,532611ef-f548-4043-b132-98eb9ecd73ff,2025-03-13,2025-04-12,839.78,50.4,890.18,Issued,SampleGen
INV-3a77a6de-9220-4ab1-bd79-39fa5fd343ff,ID200635,CID-031,3a77a6de-9220-4ab1-bd79-39fa5fd343ff,2025-04-09,2025-05-09,395.88,23.76,419.64,Issued,SampleGen
INV-fef699a8-d32e-49fe-af47-44565f6fe200,ID200636,CID-031,fef699a8-d32e-49fe-af47-44565f6fe200,2025-05-30,2025-06-29,2357.7,141.48,2499.18,Issued,SampleGen
INV-a2d5891e-018b-4895-b7b3-8a953fc9f7c8,ID200637,CID-031,a2d5891e-018b-4895-b7b3-8a953fc9f7c8,2025-07-01,2025-07-31,983.84,59.04,1042.88,Issued,SampleGen
INV-919341e6-a6cd-4e38-8ea8-87aa08cda080,ID200638,CID-031,919341e6-a6cd-4e38-8ea8-87aa08cda080,2025-07-06,2025-08-05,955.8,57.36,1013.16,Issued,SampleGen
INV-fe35ce3a-1102-4653-bc44-0e9ab9d213ab,ID200639,CID-031,fe35ce3a-1102-4653-bc44-0e9ab9d213ab,2025-07-28,2025-08-27,2039.84,122.4,2162.24,Issued,SampleGen
INV-d9e44b32-f0c5-4791-ba62-e65f8dedefc6,ID200640,CID-031,d9e44b32-f0c5-4791-ba62-e65f8dedefc6,2025-08-09,2025-09-08,3719.78,223.2,3942.98,Issued,SampleGen
INV-b54cc579-b4a7-4041-8b1b-a393cbde12f2,ID200641,CID-031,b54cc579-b4a7-4041-8b1b-a393cbde12f2,2025-09-21,2025-10-21,305.9,18.36,324.26,Issued,SampleGen
INV-5b5046c9-7c1e-4738-a1d5-5b9d254d059d,ID200642,CID-031,5b5046c9-7c1e-4738-a1d5-5b9d254d059d,2025-09-12,2025-10-12,2335.8,140.16,2475.96,Issued,SampleGen
INV-4defab89-dc38-4c29-a217-e6712a7fd3bd,ID200643,CID-031,4defab89-dc38-4c29-a217-e6712a7fd3bd,2025-10-27,2025-11-26,3775.84,226.56,4002.4,Issued,SampleGen
INV-ebd9b7fd-b677-4bbb-bddb-86e7cc868d4b,ID200644,CID-031,ebd9b7fd-b677-4bbb-bddb-86e7cc868d4b,2025-11-26,2025-12-26,5783.78,347.04,6130.82,Issued,SampleGen
INV-97a9126c-e826-4bf0-8d73-9e8fc1781644,ID200645,CID-031,97a9126c-e826-4bf0-8d73-9e8fc1781644,2025-11-22,2025-12-22,2569.8,154.2,2724.0,Issued,SampleGen
INV-7e548d76-bd10-4458-af5e-e3a19fbe84ad,ID200646,CID-031,7e548d76-bd10-4458-af5e-e3a19fbe84ad,2025-12-07,2026-01-06,1025.82,61.56,1087.38,Issued,SampleGen
INV-4afad366-89f0-42b2-abbb-1826305c3561,ID200647,CID-031,4afad366-89f0-42b2-abbb-1826305c3561,2026-01-31,2026-03-02,3599.74,216.0,3815.74,Issued,SampleGen
INV-32328236-14db-48ac-8198-59a486fb5c25,ID200648,CID-031,32328236-14db-48ac-8198-59a486fb5c25,2026-03-01,2026-03-31,5655.72,339.36,5995.08,Issued,SampleGen
INV-91afcb0b-5690-4025-b90a-31847d7394b5,ID200649,CID-031,91afcb0b-5690-4025-b90a-31847d7394b5,2026-03-18,2026-04-17,4291.78,257.52,4549.3,Issued,SampleGen
INV-b4266122-113e-4937-b35f-c28dd94fa6d8,ID200650,CID-031,b4266122-113e-4937-b35f-c28dd94fa6d8,2026-03-03,2026-04-02,2071.76,124.32,2196.08,Issued,SampleGen
INV-50333856-d46c-4be4-86f1-a6787728067a,ID200651,CID-031,50333856-d46c-4be4-86f1-a6787728067a,2026-04-06,2026-05-06,2427.78,145.68,2573.46,Issued,SampleGen
INV-b871cd5a-f062-46b9-846c-a0955dfd5f37,ID200652,CID-031,b871cd5a-f062-46b9-846c-a0955dfd5f37,2026-04-23,2026-05-23,551.84,33.12,584.96,Issued,SampleGen
INV-961a3b87-acd6-47ce-b024-687698d01183,ID200653,CID-032,961a3b87-acd6-47ce-b024-687698d01183,2025-02-13,2025-03-15,639.9,38.4,678.3,Issued,SampleGen
INV-41b78123-7050-46f1-a341-5bc8a8bb062e,ID200654,CID-032,41b78123-7050-46f1-a341-5bc8a8bb062e,2025-03-02,2025-04-01,3843.78,230.64,4074.42,Issued,SampleGen
INV-e58e1bb8-08db-4851-bfbc-bf9f82a27574,ID200655,CID-032,e58e1bb8-08db-4851-bfbc-bf9f82a27574,2025-04-26,2025-05-26,1197.78,71.88,1269.66,Issued,SampleGen
INV-30261e4b-0f1d-4cb2-ad9d-c8168db70656,ID200656,CID-032,30261e4b-0f1d-4cb2-ad9d-c8168db70656,2025-06-15,2025-07-15,1769.82,106.2,1876.02,Issued,SampleGen
INV-9589f7de-54d9-41ac-ae38-6f78d35a3f4e,ID200657,CID-032,9589f7de-54d9-41ac-ae38-6f78d35a3f4e,2025-07-28,2025-08-27,693.86,41.64,735.5,Issued,SampleGen
INV-60be0617-d762-449e-ab67-1397ae9a6763,ID200658,CID-032,60be0617-d762-449e-ab67-1397ae9a6763,2025-08-02,2025-09-01,1791.82,107.52,1899.34,Issued,SampleGen
INV-16d11747-e729-47cb-9d94-0e010872e65c,ID200659,CID-032,16d11747-e729-47cb-9d94-0e010872e65c,2025-09-19,2025-10-19,3331.76,199.92,3531.68,Issued,SampleGen
INV-93962c49-d3b6-42bc-9075-41034c3a8739,ID200660,CID-032,93962c49-d3b6-42bc-9075-41034c3a8739,2025-10-26,2025-11-25,3605.86,216.36,3822.22,Issued,SampleGen
INV-89dfb7d7-33e1-40e0-b5ad-670de56183e3,ID200661,CID-032,89dfb7d7-33e1-40e0-b5ad-670de56183e3,2025-11-24,2025-12-24,567.86,34.08,601.94,Issued,SampleGen
INV-89bd836d-eb65-477c-80b9-1d334c561dc0,ID200662,CID-032,89bd836d-eb65-477c-80b9-1d334c561dc0,2025-12-12,2026-01-11,607.86,36.48,644.34,Issued,SampleGen
INV-fab1f0fb-e02c-4f81-9046-fb649d82fcb0,ID200663,CID-032,fab1f0fb-e02c-4f81-9046-fb649d82fcb0,2026-02-20,2026-03-22,2819.86,169.2,2989.06,Issued,SampleGen
INV-2721e335-32f2-4ff2-a274-a0c6f0fdf9c3,ID200664,CID-032,2721e335-32f2-4ff2-a274-a0c6f0fdf9c3,2026-03-30,2026-04-29,3075.86,184.56,3260.42,Issued,SampleGen
INV-228d03b8-0e01-4630-9d84-0501c39be50f,ID200665,CID-032,228d03b8-0e01-4630-9d84-0501c39be50f,2026-04-14,2026-05-14,5671.74,340.32,6012.06,Issued,SampleGen
INV-e8e48e0b-9376-4c6c-bca2-8619862b305f,ID200666,CID-033,e8e48e0b-9376-4c6c-bca2-8619862b305f,2025-01-19,2025-02-18,4031.8,241.92,4273.72,Issued,SampleGen
INV-a1171071-64a4-49b3-bd36-cf0f99218245,ID200667,CID-033,a1171071-64a4-49b3-bd36-cf0f99218245,2025-02-09,2025-03-11,3683.86,221.04,3904.9,Issued,SampleGen
INV-7c35ef14-18e2-43b3-b952-3cac04ae8bf6,ID200668,CID-033,7c35ef14-18e2-43b3-b952-3cac04ae8bf6,2025-05-15,2025-06-14,811.9,48.72,860.62,Issued,SampleGen
INV-581cde68-2ab7-4097-a369-48f99a579a95,ID200669,CID-033,581cde68-2ab7-4097-a369-48f99a579a95,2025-06-19,2025-07-19,347.88,20.88,368.76,Issued,SampleGen
INV-df93ccc7-2b5c-4064-abe0-20b6dbe799d1,ID200670,CID-033,df93ccc7-2b5c-4064-abe0-20b6dbe799d1,2025-07-11,2025-08-10,2143.8,128.64,2272.44,Issued,SampleGen
INV-71534f25-57ad-4f40-99a5-4ec892dbbaf4,ID200671,CID-033,71534f25-57ad-4f40-99a5-4ec892dbbaf4,2025-08-29,2025-09-28,727.86,43.68,771.54,Issued,SampleGen
INV-68108eac-2359-4b68-a3f0-1fae876388f0,ID200672,CID-033,68108eac-2359-4b68-a3f0-1fae876388f0,2025-10-02,2025-11-01,309.9,18.6,328.5,Issued,SampleGen
INV-eac78184-5663-4c40-9934-243b7af61632,ID200673,CID-033,eac78184-5663-4c40-9934-243b7af61632,2025-11-20,2025-12-20,1031.88,61.92,1093.8,Issued,SampleGen
INV-ec8e58ae-f5d7-489e-b5e3-181839515da0,ID200674,CID-033,ec8e58ae-f5d7-489e-b5e3-181839515da0,2025-12-25,2026-01-24,3635.82,218.16,3853.98,Issued,SampleGen
INV-3629474a-8951-4cb8-9b31-4ec466dad188,ID200675,CID-033,3629474a-8951-4cb8-9b31-4ec466dad188,2026-01-26,2026-02-25,4615.76,276.96,4892.72,Issued,SampleGen
INV-5550abed-37ac-44bc-a9d5-ae8328baec82,ID200676,CID-033,5550abed-37ac-44bc-a9d5-ae8328baec82,2026-02-26,2026-03-28,1313.88,78.84,1392.72,Issued,SampleGen
INV-8847b14d-10fa-4aaa-a48c-cbc38d7c38be,ID200677,CID-033,8847b14d-10fa-4aaa-a48c-cbc38d7c38be,2026-03-15,2026-04-14,4803.82,288.24,5092.06,Issued,SampleGen
INV-3317398c-cd37-4069-9842-b490cdf2bea6,ID200678,CID-033,3317398c-cd37-4069-9842-b490cdf2bea6,2026-04-20,2026-05-20,863.82,51.84,915.66,Issued,SampleGen
INV-c8d0aec4-f362-4322-85ce-1e5474e1900a,ID200679,CID-034,c8d0aec4-f362-4322-85ce-1e5474e1900a,2025-01-11,2025-02-10,2241.76,134.52,2376.28,Issued,SampleGen
INV-d6eb7a8c-2344-4e58-a07d-8cff22a1686a,ID200680,CID-034,d6eb7a8c-2344-4e58-a07d-8cff22a1686a,2025-09-26,2025-10-26,551.88,33.12,585.0,Issued,SampleGen
INV-d6ba7dff-bfeb-4817-bee2-cb820926a4aa,ID200681,CID-034,d6ba7dff-bfeb-4817-bee2-cb820926a4aa,2025-11-23,2025-12-23,4403.78,264.24,4668.02,Issued,SampleGen
INV-5b8cbd05-cf55-4920-9e52-5521a63c6290,ID200682,CID-034,5b8cbd05-cf55-4920-9e52-5521a63c6290,2025-12-27,2026-01-26,1867.76,112.08,1979.84,Issued,SampleGen
INV-a7be317f-339b-4f1c-b8e6-15ae1524b48b,ID200683,CID-034,a7be317f-339b-4f1c-b8e6-15ae1524b48b,2026-03-05,2026-04-04,1139.76,68.4,1208.16,Issued,SampleGen
INV-39f5d6bd-b7d1-4584-bc9d-c437b7b4dcb6,ID200684,CID-034,39f5d6bd-b7d1-4584-bc9d-c437b7b4dcb6,2026-04-29,2026-05-29,263.88,15.84,279.72,Issued,SampleGen
INV-8034009b-d7b4-4686-8070-5b65c9f6045d,ID200685,CID-035,8034009b-d7b4-4686-8070-5b65c9f6045d,2025-02-09,2025-03-11,4089.76,245.4,4335.16,Issued,SampleGen
INV-f2bfa177-4558-463d-98dd-331db410ead4,ID200686,CID-035,f2bfa177-4558-463d-98dd-331db410ead4,2025-07-13,2025-08-12,1023.88,61.44,1085.32,Issued,SampleGen
INV-2ca231dd-7305-4a09-b617-00a91e237bef,ID200687,CID-035,2ca231dd-7305-4a09-b617-00a91e237bef,2025-08-27,2025-09-26,875.76,52.56,928.32,Issued,SampleGen
INV-b6641cf3-e2fb-44af-91ec-c41085d2aaac,ID200688,CID-035,b6641cf3-e2fb-44af-91ec-c41085d2aaac,2026-02-17,2026-03-19,2539.78,152.4,2692.18,Issued,SampleGen
INV-a3622cb5-556b-4c9d-86a2-5b2910b00a36,ID200689,CID-035,a3622cb5-556b-4c9d-86a2-5b2910b00a36,2026-03-10,2026-04-09,2727.7,163.68,2891.38,Issued,SampleGen
INV-b90cfcdf-20dd-4f65-a286-a0653cf1c288,ID200690,CID-035,b90cfcdf-20dd-4f65-a286-a0653cf1c288,2026-04-15,2026-05-15,2687.88,161.28,2849.16,Issued,SampleGen
INV-9c079621-ec6f-4398-b859-522d836401a5,ID200691,CID-036,9c079621-ec6f-4398-b859-522d836401a5,2025-02-07,2025-03-09,503.88,30.24,534.12,Issued,SampleGen
INV-52d8ea01-d71a-4e1d-bd79-3145161ecf14,ID200692,CID-036,52d8ea01-d71a-4e1d-bd79-3145161ecf14,2025-03-29,2025-04-28,3827.84,229.68,4057.52,Issued,SampleGen
INV-2cc3b337-95ed-467d-a115-c445131f3c5a,ID200693,CID-036,2cc3b337-95ed-467d-a115-c445131f3c5a,2025-04-12,2025-05-12,675.82,40.56,716.38,Issued,SampleGen
INV-b3306f1d-3ffd-4a23-be4d-e0ba71b54477,ID200694,CID-036,b3306f1d-3ffd-4a23-be4d-e0ba71b54477,2025-05-17,2025-06-16,1795.86,107.76,1903.62,Issued,SampleGen
INV-35598dac-9ddf-488e-8dd3-44597e595482,ID200695,CID-036,35598dac-9ddf-488e-8dd3-44597e595482,2025-06-24,2025-07-24,815.88,48.96,864.84,Issued,SampleGen
INV-92a4118d-d162-4ec0-94d2-ce6a4f737223,ID200696,CID-036,92a4118d-d162-4ec0-94d2-ce6a4f737223,2025-07-30,2025-08-29,835.88,50.16,886.04,Issued,SampleGen
INV-9e55e9ad-adde-416f-8537-f01b521a851e,ID200697,CID-036,9e55e9ad-adde-416f-8537-f01b521a851e,2025-08-22,2025-09-21,929.86,55.8,985.66,Issued,SampleGen
INV-77e10d15-56cb-4b0b-97eb-ca10868c4546,ID200698,CID-036,77e10d15-56cb-4b0b-97eb-ca10868c4546,2025-09-03,2025-10-03,2043.82,122.64,2166.46,Issued,SampleGen
INV-e445b15a-f4d9-4e31-bcd8-d6df012e06ef,ID200699,CID-036,e445b15a-f4d9-4e31-bcd8-d6df012e06ef,2025-09-26,2025-10-26,951.84,57.12,1008.96,Issued,SampleGen
INV-1f91f209-aefa-4958-bcca-e4c59707cedc,ID200700,CID-036,1f91f209-aefa-4958-bcca-e4c59707cedc,2025-10-30,2025-11-29,1429.84,85.8,1515.64,Issued,SampleGen
INV-2209a05c-f7f2-4e98-a617-35a62f142a4a,ID200701,CID-036,2209a05c-f7f2-4e98-a617-35a62f142a4a,2025-10-23,2025-11-22,2971.82,178.32,3150.14,Issued,SampleGen
INV-5802756d-174f-4451-87a9-1282ad0fb8a8,ID200702,CID-036,5802756d-174f-4451-87a9-1282ad0fb8a8,2025-11-24,2025-12-24,993.82,59.64,1053.46,Issued,SampleGen
INV-ec0a01c5-ac68-4608-a33f-d8cd30e1869f,ID200703,CID-036,ec0a01c5-ac68-4608-a33f-d8cd30e1869f,2025-11-07,2025-12-07,1831.74,109.92,1941.66,Issued,SampleGen
INV-486cde6f-888e-4735-9a7f-3d740ef5cf10,ID200704,CID-036,486cde6f-888e-4735-9a7f-3d740ef5cf10,2025-12-24,2026-01-23,1173.82,70.44,1244.26,Issued,SampleGen
INV-696f8362-33ba-449d-878f-261d258d7331,ID200705,CID-036,696f8362-33ba-449d-878f-261d258d7331,2025-12-21,2026-01-20,3273.8,196.44,3470.24,Issued,SampleGen
INV-9558e024-f001-4f5b-858a-bfc52ace31ed,ID200706,CID-036,9558e024-f001-4f5b-858a-bfc52ace31ed,2026-01-17,2026-02-16,561.86,33.72,595.58,Issued,SampleGen
INV-9bec6b76-de50-46de-a636-68559118b094,ID200707,CID-036,9bec6b76-de50-46de-a636-68559118b094,2026-01-11,2026-02-10,1787.82,107.28,1895.1,Issued,SampleGen
INV-e78e66b7-1d7f-4527-8d18-194922ab6ce4,ID200708,CID-036,e78e66b7-1d7f-4527-8d18-194922ab6ce4,2026-02-20,2026-03-22,4579.82,274.8,4854.62,Issued,SampleGen
INV-ce82f888-f58e-4b18-89e8-66b2409f494d,ID200709,CID-036,ce82f888-f58e-4b18-89e8-66b2409f494d,2026-02-18,2026-03-20,4231.78,253.92,4485.7,Issued,SampleGen
INV-b6829309-2065-466f-92b8-4942dec56b1b,ID200710,CID-036,b6829309-2065-466f-92b8-4942dec56b1b,2026-03-17,2026-04-16,2059.86,123.6,2183.46,Issued,SampleGen
INV-15f5e773-d6a3-474c-9746-a5ef16f547b5,ID200711,CID-036,15f5e773-d6a3-474c-9746-a5ef16f547b5,2026-03-17,2026-04-16,2775.82,166.56,2942.38,Issued,SampleGen
INV-2bc7401b-e4e9-4e03-bd75-65448a2aad9b,ID200712,CID-036,2bc7401b-e4e9-4e03-bd75-65448a2aad9b,2026-04-28,2026-05-28,3951.84,237.12,4188.96,Issued,SampleGen
INV-babda0bb-05c7-4cdc-8db4-d53eda5f94e4,ID200713,CID-036,babda0bb-05c7-4cdc-8db4-d53eda5f94e4,2026-04-07,2026-05-07,289.9,17.4,307.3,Issued,SampleGen
INV-a746c739-8961-427f-976a-c8b2a60ca085,ID200714,CID-037,a746c739-8961-427f-976a-c8b2a60ca085,2025-02-14,2025-03-16,3021.82,181.32,3203.14,Issued,SampleGen
INV-bd908ab0-fa88-495e-8834-bb51f61893b8,ID200715,CID-037,bd908ab0-fa88-495e-8834-bb51f61893b8,2025-03-15,2025-04-14,4399.8,264.0,4663.8,Issued,SampleGen
INV-4b1c80d8-e50d-4c64-9a52-73126385a480,ID200716,CID-037,4b1c80d8-e50d-4c64-9a52-73126385a480,2025-04-04,2025-05-04,1601.76,96.12,1697.88,Issued,SampleGen
INV-923a4491-3795-4365-940e-533a36e43442,ID200717,CID-037,923a4491-3795-4365-940e-533a36e43442,2025-05-04,2025-06-03,4635.72,278.16,4913.88,Issued,SampleGen
INV-11477911-6d3b-4c74-8d52-5de52c13cf05,ID200718,CID-037,11477911-6d3b-4c74-8d52-5de52c13cf05,2025-07-01,2025-07-31,4207.72,252.48,4460.2,Issued,SampleGen
INV-1c811621-2917-4b68-a061-d9bf6d2a2ae9,ID200719,CID-037,1c811621-2917-4b68-a061-d9bf6d2a2ae9,2025-07-09,2025-08-08,1883.8,113.04,1996.84,Issued,SampleGen
INV-94315295-aad0-4da4-9570-da9cb6acfe81,ID200720,CID-037,94315295-aad0-4da4-9570-da9cb6acfe81,2025-08-13,2025-09-12,297.9,17.88,315.78,Issued,SampleGen
INV-6bb17ac0-dbc1-4032-9731-10edae123ec2,ID200721,CID-037,6bb17ac0-dbc1-4032-9731-10edae123ec2,2025-09-07,2025-10-07,1319.78,79.2,1398.98,Issued,SampleGen
INV-4da6938f-5ab2-4c45-95fa-27b133ad1d50,ID200722,CID-037,4da6938f-5ab2-4c45-95fa-27b133ad1d50,2025-09-22,2025-10-22,3675.86,220.56,3896.42,Issued,SampleGen
INV-a0611068-62c6-4292-9c3f-40c9a6764ba5,ID200723,CID-037,a0611068-62c6-4292-9c3f-40c9a6764ba5,2025-10-18,2025-11-17,3775.84,226.56,4002.4,Issued,SampleGen
INV-905f6db8-6ce3-4ff4-9ffc-8e61d47842d6,ID200724,CID-037,905f6db8-6ce3-4ff4-9ffc-8e61d47842d6,2025-11-20,2025-12-20,1887.84,113.28,2001.12,Issued,SampleGen
INV-3590a1f0-a255-4806-ad54-1a3de84d8a72,ID200725,CID-037,3590a1f0-a255-4806-ad54-1a3de84d8a72,2025-12-28,2026-01-27,675.88,40.56,716.44,Issued,SampleGen
INV-415daca2-ccb0-46cc-a5ab-7aff5eb84af2,ID200726,CID-037,415daca2-ccb0-46cc-a5ab-7aff5eb84af2,2025-12-31,2026-01-30,1307.86,78.48,1386.34,Issued,SampleGen
INV-d2cbd968-0da9-4f0b-b982-2a2c5692eaaa,ID200727,CID-037,d2cbd968-0da9-4f0b-b982-2a2c5692eaaa,2026-01-26,2026-02-25,1239.9,74.4,1314.3,Issued,SampleGen
INV-ac0675d8-69f4-46dd-979c-c293045c45be,ID200728,CID-037,ac0675d8-69f4-46dd-979c-c293045c45be,2026-01-07,2026-02-06,2687.82,161.28,2849.1,Issued,SampleGen
INV-2c5ecfd7-25b5-4d71-b9a5-1bb6bcb1261d,ID200729,CID-037,2c5ecfd7-25b5-4d71-b9a5-1bb6bcb1261d,2026-02-21,2026-03-23,2057.8,123.48,2181.28,Issued,SampleGen
INV-d4a2a43e-1227-448f-8428-72013c37044c,ID200730,CID-037,d4a2a43e-1227-448f-8428-72013c37044c,2026-02-20,2026-03-22,4259.9,255.6,4515.5,Issued,SampleGen
INV-26b90670-2867-470a-9ad5-7961f27b0b2a,ID200731,CID-037,26b90670-2867-470a-9ad5-7961f27b0b2a,2026-03-23,2026-04-22,1445.84,86.76,1532.6,Issued,SampleGen
INV-72131936-7e6c-4509-b06c-093c93aae0fd,ID200732,CID-037,72131936-7e6c-4509-b06c-093c93aae0fd,2026-03-10,2026-04-09,2633.88,158.04,2791.92,Issued,SampleGen
INV-9ce2e922-054f-4978-9571-cdd19bc32ba7,ID200733,CID-037,9ce2e922-054f-4978-9571-cdd19bc32ba7,2026-04-22,2026-05-22,5007.84,300.48,5308.32,Issued,SampleGen
INV-f2a125c2-a1c4-4dc2-ae96-13c13508bb91,ID200734,CID-037,f2a125c2-a1c4-4dc2-ae96-13c13508bb91,2026-05-01,2026-05-31,419.88,25.2,445.08,Issued,SampleGen
INV-df84a5e2-7c53-45e7-a768-92ea8e3c57ed,ID200735,CID-038,df84a5e2-7c53-45e7-a768-92ea8e3c57ed,2025-02-06,2025-03-08,1695.74,101.76,1797.5,Issued,SampleGen
INV-f3513d10-8d8f-4e1c-979d-ff0a7321ad63,ID200736,CID-038,f3513d10-8d8f-4e1c-979d-ff0a7321ad63,2025-04-01,2025-05-01,2823.88,169.44,2993.32,Issued,SampleGen
INV-02c970cd-13b5-4ae0-93f0-7a6478768d11,ID200737,CID-038,02c970cd-13b5-4ae0-93f0-7a6478768d11,2025-04-24,2025-05-24,2739.9,164.4,2904.3,Issued,SampleGen
INV-5c2ee869-52e2-4ff4-8c2e-26dce6b3cdd6,ID200738,CID-038,5c2ee869-52e2-4ff4-8c2e-26dce6b3cdd6,2025-05-16,2025-06-15,3153.8,189.24,3343.04,Issued,SampleGen
INV-d5fa7148-7f63-4174-8c3f-a52e87a7dea3,ID200739,CID-038,d5fa7148-7f63-4174-8c3f-a52e87a7dea3,2025-06-04,2025-07-04,5111.88,306.72,5418.6,Issued,SampleGen
INV-ba942cf6-9365-4a3c-b8f2-9a9458fff02a,ID200740,CID-038,ba942cf6-9365-4a3c-b8f2-9a9458fff02a,2025-07-13,2025-08-12,3547.82,212.88,3760.7,Issued,SampleGen
INV-6107d542-5ffc-41a8-a45c-c9ab5a346ecd,ID200741,CID-038,6107d542-5ffc-41a8-a45c-c9ab5a346ecd,2025-07-08,2025-08-07,977.76,58.68,1036.44,Issued,SampleGen
INV-a0f211b0-9173-4e55-ac24-47665441caec,ID200742,CID-038,a0f211b0-9173-4e55-ac24-47665441caec,2025-08-26,2025-09-25,1887.84,113.28,2001.12,Issued,SampleGen
INV-140c8d22-a3a6-4bc0-8db5-c72100444591,ID200743,CID-038,140c8d22-a3a6-4bc0-8db5-c72100444591,2025-09-19,2025-10-19,2059.86,123.6,2183.46,Issued,SampleGen
INV-4b11f7fc-77e3-4190-b756-84b384b5c417,ID200744,CID-038,4b11f7fc-77e3-4190-b756-84b384b5c417,2025-09-03,2025-10-03,183.92,11.04,194.96,Issued,SampleGen
INV-e9f6fd33-4c20-4876-aa15-aaa4fd49dfd7,ID200745,CID-038,e9f6fd33-4c20-4876-aa15-aaa4fd49dfd7,2025-10-06,2025-11-05,995.86,59.76,1055.62,Issued,SampleGen
INV-556133d7-48b5-4313-b591-7112ccd2e7f2,ID200746,CID-038,556133d7-48b5-4313-b591-7112ccd2e7f2,2025-10-26,2025-11-25,887.84,53.28,941.12,Issued,SampleGen
INV-2766e378-eb0b-4a27-a9bd-c513b3329d81,ID200747,CID-038,2766e378-eb0b-4a27-a9bd-c513b3329d81,2025-11-09,2025-12-09,2555.74,153.36,2709.1,Issued,SampleGen
INV-ac22a086-1da5-4a31-8cde-a527188ce7cf,ID200748,CID-038,ac22a086-1da5-4a31-8cde-a527188ce7cf,2025-11-26,2025-12-26,4781.8,286.92,5068.72,Issued,SampleGen
INV-270d9566-31a9-4d44-8d0a-7217590f0d4e,ID200749,CID-038,270d9566-31a9-4d44-8d0a-7217590f0d4e,2025-12-06,2026-01-05,6375.78,382.56,6758.34,Issued,SampleGen
INV-cdd5be96-2ae2-476f-aeb2-f1af2c25c3e2,ID200750,CID-038,cdd5be96-2ae2-476f-aeb2-f1af2c25c3e2,2025-12-21,2026-01-20,2979.84,178.8,3158.64,Issued,SampleGen
INV-a23518e6-b50f-476d-b07a-4303a85b56af,ID200751,CID-038,a23518e6-b50f-476d-b07a-4303a85b56af,2026-01-22,2026-02-21,355.82,21.36,377.18,Issued,SampleGen
INV-1cae9226-ecac-46da-8131-79f8a7a3e483,ID200752,CID-038,1cae9226-ecac-46da-8131-79f8a7a3e483,2026-01-05,2026-02-04,291.9,17.52,309.42,Issued,SampleGen
INV-45a5bf56-4c25-46f5-95da-a03f48d7869e,ID200753,CID-038,45a5bf56-4c25-46f5-95da-a03f48d7869e,2026-02-15,2026-03-17,951.76,57.12,1008.88,Issued,SampleGen
INV-ebc2be31-0f30-4c64-a944-483c183fbaa2,ID200754,CID-038,ebc2be31-0f30-4c64-a944-483c183fbaa2,2026-02-22,2026-03-24,3605.86,216.36,3822.22,Issued,SampleGen
INV-69efee9b-b681-4b51-af2a-e93858e72c19,ID200755,CID-038,69efee9b-b681-4b51-af2a-e93858e72c19,2026-03-10,2026-04-09,539.86,32.4,572.26,Issued,SampleGen
INV-2e5ee280-eeb8-406e-9fc0-a8774cf2c6c3,ID200756,CID-038,2e5ee280-eeb8-406e-9fc0-a8774cf2c6c3,2026-03-11,2026-04-10,3103.8,186.24,3290.04,Issued,SampleGen
INV-c62ad9da-733b-4965-8e8d-e6332331d2e4,ID200757,CID-038,c62ad9da-733b-4965-8e8d-e6332331d2e4,2026-04-09,2026-05-09,1967.72,118.08,2085.8,Issued,SampleGen
INV-b2c5b998-6568-4ce5-b8b1-5623d0663dca,ID200758,CID-038,b2c5b998-6568-4ce5-b8b1-5623d0663dca,2026-04-14,2026-05-14,439.88,26.4,466.28,Issued,SampleGen
INV-43096beb-e545-49f9-ad85-f353691c403c,ID200759,CID-039,43096beb-e545-49f9-ad85-f353691c403c,2025-01-04,2025-02-03,3755.76,225.36,3981.12,Issued,SampleGen
INV-bfcfd7e7-b26a-423f-9cdc-707af1c36741,ID200760,CID-039,bfcfd7e7-b26a-423f-9cdc-707af1c36741,2025-02-11,2025-03-13,2605.7,156.36,2762.06,Issued,SampleGen
INV-31d845ab-9a3d-450c-8a78-3c974ee93dec,ID200761,CID-039,31d845ab-9a3d-450c-8a78-3c974ee93dec,2025-02-21,2025-03-23,1207.84,72.48,1280.32,Issued,SampleGen
INV-ac6c7c65-26b5-4d5f-8038-04d9fb64d923,ID200762,CID-039,ac6c7c65-26b5-4d5f-8038-04d9fb64d923,2025-03-26,2025-04-25,1061.86,63.72,1125.58,Issued,SampleGen
INV-7d5aa2ba-ca1c-405d-9afa-b4d36abc7538,ID200763,CID-039,7d5aa2ba-ca1c-405d-9afa-b4d36abc7538,2025-03-31,2025-04-30,535.88,32.16,568.04,Issued,SampleGen
INV-65732139-508c-4e77-9fb6-cf184f7bb1b4,ID200764,CID-039,65732139-508c-4e77-9fb6-cf184f7bb1b4,2025-04-29,2025-05-29,2097.86,125.88,2223.74,Issued,SampleGen
INV-e972d5e6-f63d-4026-be93-b9fe81799b3d,ID200765,CID-039,e972d5e6-f63d-4026-be93-b9fe81799b3d,2025-04-06,2025-05-06,3767.88,226.08,3993.96,Issued,SampleGen
INV-b36f8303-f050-4315-8a0c-c94da989aa4a,ID200766,CID-039,b36f8303-f050-4315-8a0c-c94da989aa4a,2025-05-03,2025-06-02,1419.86,85.2,1505.06,Issued,SampleGen
INV-1ecf7b53-6e2e-4cf0-ab62-a289f0eb09c9,ID200767,CID-039,1ecf7b53-6e2e-4cf0-ab62-a289f0eb09c9,2025-05-28,2025-06-27,1959.9,117.6,2077.5,Issued,SampleGen
INV-1a7bf627-88cc-4796-895d-eabf5c742ea3,ID200768,CID-039,1a7bf627-88cc-4796-895d-eabf5c742ea3,2025-06-18,2025-07-18,1403.86,84.24,1488.1,Issued,SampleGen
INV-698f8be5-cb27-4b45-a880-5416c5d23056,ID200769,CID-039,698f8be5-cb27-4b45-a880-5416c5d23056,2025-06-26,2025-07-26,3239.82,194.4,3434.22,Issued,SampleGen
INV-57587ff5-f16a-4db1-967e-7f15e10def80,ID200770,CID-039,57587ff5-f16a-4db1-967e-7f15e10def80,2025-07-24,2025-08-23,4231.74,253.92,4485.66,Issued,SampleGen
INV-b566b2b3-d72d-4682-8265-38a04afcd9b3,ID200771,CID-039,b566b2b3-d72d-4682-8265-38a04afcd9b3,2025-07-18,2025-08-17,5347.74,320.88,5668.62,Issued,SampleGen
INV-9dbcbf3f-5133-4ca0-b485-1718577b5095,ID200772,CID-039,9dbcbf3f-5133-4ca0-b485-1718577b5095,2025-08-24,2025-09-23,375.9,22.56,398.46,Issued,SampleGen
INV-b5abef25-9007-45e5-b454-fa5213e3f4dc,ID200773,CID-039,b5abef25-9007-45e5-b454-fa5213e3f4dc,2025-09-01,2025-10-01,2111.82,126.72,2238.54,Issued,SampleGen
INV-dd5f3d1e-5080-4c5c-b79a-343e74a15197,ID200774,CID-039,dd5f3d1e-5080-4c5c-b79a-343e74a15197,2025-08-02,2025-09-01,1411.9,84.72,1496.62,Issued,SampleGen
INV-e764a153-b40f-4f28-a2c5-42dac0753a09,ID200775,CID-039,e764a153-b40f-4f28-a2c5-42dac0753a09,2025-09-27,2025-10-27,1135.86,68.16,1204.02,Issued,SampleGen
INV-914cf43c-6965-45ed-aff1-401d21762f8b,ID200776,CID-039,914cf43c-6965-45ed-aff1-401d21762f8b,2025-09-26,2025-10-26,999.84,60.0,1059.84,Issued,SampleGen
INV-1d0ccfd3-729f-47ee-99da-616fe8d28a2e,ID200777,CID-039,1d0ccfd3-729f-47ee-99da-616fe8d28a2e,2025-09-29,2025-10-29,5227.84,313.68,5541.52,Issued,SampleGen
INV-08ab9463-b7b2-4663-b295-e05046504e98,ID200778,CID-039,08ab9463-b7b2-4663-b295-e05046504e98,2025-11-01,2025-12-01,933.9,56.04,989.94,Issued,SampleGen
INV-422781d0-f235-483c-9163-98926c8f384a,ID200779,CID-039,422781d0-f235-483c-9163-98926c8f384a,2025-10-03,2025-11-02,1679.88,100.8,1780.68,Issued,SampleGen
INV-6ff073a0-a06b-479f-93da-dcdcaf8b4282,ID200780,CID-039,6ff073a0-a06b-479f-93da-dcdcaf8b4282,2025-10-28,2025-11-27,2403.86,144.24,2548.1,Issued,SampleGen
INV-6c857e70-663c-45d9-b384-f35be652f586,ID200781,CID-039,6c857e70-663c-45d9-b384-f35be652f586,2025-11-10,2025-12-10,2671.78,160.32,2832.1,Issued,SampleGen
INV-66559221-d5a6-4974-8295-98786c905523,ID200782,CID-039,66559221-d5a6-4974-8295-98786c905523,2025-11-29,2025-12-29,1323.8,79.44,1403.24,Issued,SampleGen
INV-817a915e-39de-415c-a558-4f2565fa3d78,ID200783,CID-039,817a915e-39de-415c-a558-4f2565fa3d78,2025-11-15,2025-12-15,1155.8,69.36,1225.16,Issued,SampleGen
INV-d03d9274-297b-466f-afc7-613e5f6e1eb3,ID200784,CID-039,d03d9274-297b-466f-afc7-613e5f6e1eb3,2025-11-14,2025-12-14,799.8,48.0,847.8,Issued,SampleGen
INV-dc846871-5f18-420f-9127-b8e9e9831a1c,ID200785,CID-039,dc846871-5f18-420f-9127-b8e9e9831a1c,2025-12-21,2026-01-20,447.88,26.88,474.76,Issued,SampleGen
INV-c7d38e81-aeab-493f-acf5-ffcba13d16b6,ID200786,CID-039,c7d38e81-aeab-493f-acf5-ffcba13d16b6,2025-12-04,2026-01-03,1115.84,66.96,1182.8,Issued,SampleGen
INV-22bb760a-1f4d-418b-845f-955799b98f42,ID200787,CID-039,22bb760a-1f4d-418b-845f-955799b98f42,2025-12-13,2026-01-12,3355.84,201.36,3557.2,Issued,SampleGen
INV-ba031ab3-b0f5-44d0-aecb-0600b9629bc3,ID200788,CID-039,ba031ab3-b0f5-44d0-aecb-0600b9629bc3,2026-01-21,2026-02-20,3499.74,210.0,3709.74,Issued,SampleGen
INV-7a797430-f588-41ec-abde-6b550048259e,ID200789,CID-039,7a797430-f588-41ec-abde-6b550048259e,2026-01-16,2026-02-15,1729.86,103.8,1833.66,Issued,SampleGen
INV-a6af5df2-88de-45ec-b4d7-98a48fcfe710,ID200790,CID-039,a6af5df2-88de-45ec-b4d7-98a48fcfe710,2026-01-02,2026-02-01,4651.76,279.12,4930.88,Issued,SampleGen
INV-5a9b0c3d-5945-46e2-8f5e-ec476f575246,ID200791,CID-039,5a9b0c3d-5945-46e2-8f5e-ec476f575246,2026-01-20,2026-02-19,2843.9,170.64,3014.54,Issued,SampleGen
INV-519a858f-9fd5-4a6a-81f9-94330a1ab0cc,ID200792,CID-039,519a858f-9fd5-4a6a-81f9-94330a1ab0cc,2026-02-26,2026-03-28,393.9,23.64,417.54,Issued,SampleGen
INV-08ff275f-c353-43b4-a8fe-490db632bde9,ID200793,CID-039,08ff275f-c353-43b4-a8fe-490db632bde9,2026-02-13,2026-03-15,1243.84,74.64,1318.48,Issued,SampleGen
INV-f35845db-8c46-4943-a332-3f35aaee3671,ID200794,CID-039,f35845db-8c46-4943-a332-3f35aaee3671,2026-02-10,2026-03-12,3647.86,218.88,3866.74,Issued,SampleGen
INV-fbc18f9a-f8f3-485e-9805-a095f015b935,ID200795,CID-039,fbc18f9a-f8f3-485e-9805-a095f015b935,2026-02-16,2026-03-18,2751.76,165.12,2916.88,Issued,SampleGen
INV-40f95a5d-c28c-4b63-8ff5-b437490cad51,ID200796,CID-039,40f95a5d-c28c-4b63-8ff5-b437490cad51,2026-03-22,2026-04-21,7483.78,449.04,7932.82,Issued,SampleGen
INV-a24aff3d-4a60-4ef8-b90b-77ba605513a1,ID200797,CID-039,a24aff3d-4a60-4ef8-b90b-77ba605513a1,2026-03-07,2026-04-06,2075.78,124.56,2200.34,Issued,SampleGen
INV-43a0829d-a601-4347-a576-9c69cca4bdc0,ID200798,CID-039,43a0829d-a601-4347-a576-9c69cca4bdc0,2026-03-16,2026-04-15,1095.78,65.76,1161.54,Issued,SampleGen
INV-c7873842-0685-426a-8d64-92bf0f34d426,ID200799,CID-039,c7873842-0685-426a-8d64-92bf0f34d426,2026-03-11,2026-04-10,1431.86,85.92,1517.78,Issued,SampleGen
INV-1d934e6d-c220-470c-ab1c-9b72ba96881d,ID200800,CID-039,1d934e6d-c220-470c-ab1c-9b72ba96881d,2026-03-18,2026-04-17,765.8,45.96,811.76,Issued,SampleGen
INV-46f2e704-19a5-4075-9dec-0d7e3a8396e7,ID200801,CID-039,46f2e704-19a5-4075-9dec-0d7e3a8396e7,2026-05-01,2026-05-31,459.9,27.6,487.5,Issued,SampleGen
INV-1a8e49a4-1cc7-4520-ab9d-515626505fa7,ID200802,CID-039,1a8e49a4-1cc7-4520-ab9d-515626505fa7,2026-04-26,2026-05-26,4491.76,269.52,4761.28,Issued,SampleGen
INV-37126572-3820-4ac3-bb87-2a29ce533947,ID200803,CID-039,37126572-3820-4ac3-bb87-2a29ce533947,2026-04-09,2026-05-09,881.84,52.92,934.76,Issued,SampleGen
INV-e6d826db-00d1-4c0c-86d8-778951fe5e08,ID200804,CID-039,e6d826db-00d1-4c0c-86d8-778951fe5e08,2026-04-16,2026-05-16,4123.78,247.44,4371.22,Issued,SampleGen
INV-1a2ead13-13d5-4c0f-a49d-43b97b3dd8da,ID200805,CID-040,1a2ead13-13d5-4c0f-a49d-43b97b3dd8da,2025-01-28,2025-02-27,6137.8,368.28,6506.08,Issued,SampleGen
INV-4acd9911-7cf2-4c8b-9cd4-70c7e420fb19,ID200806,CID-040,4acd9911-7cf2-4c8b-9cd4-70c7e420fb19,2025-02-23,2025-03-25,1023.88,61.44,1085.32,Issued,SampleGen
INV-269a29ef-830b-43f8-8485-5ea0cc8216c5,ID200807,CID-040,269a29ef-830b-43f8-8485-5ea0cc8216c5,2025-03-27,2025-04-26,3169.8,190.2,3360.0,Issued,SampleGen
INV-eff4496c-7d8f-4f0f-9eb9-5e7d5a9aeddc,ID200808,CID-040,eff4496c-7d8f-4f0f-9eb9-5e7d5a9aeddc,2025-04-13,2025-05-13,791.82,47.52,839.34,Issued,SampleGen
INV-a6b44456-9f40-4260-b347-53c83f7bd7b1,ID200809,CID-040,a6b44456-9f40-4260-b347-53c83f7bd7b1,2025-05-02,2025-06-01,2587.74,155.28,2743.02,Issued,SampleGen
INV-00a5302c-e6ba-41a9-b69c-4e357b3a2a80,ID200810,CID-040,00a5302c-e6ba-41a9-b69c-4e357b3a2a80,2025-06-28,2025-07-28,779.86,46.8,826.66,Issued,SampleGen
INV-5d91b91d-9f95-4d78-821b-236811e1172b,ID200811,CID-040,5d91b91d-9f95-4d78-821b-236811e1172b,2025-07-19,2025-08-18,559.88,33.6,593.48,Issued,SampleGen
INV-170942b3-b16d-4cce-a3e2-b2b2eda787a0,ID200812,CID-040,170942b3-b16d-4cce-a3e2-b2b2eda787a0,2025-07-15,2025-08-14,3237.8,194.28,3432.08,Issued,SampleGen
INV-618b2077-4e40-43c3-9ba1-247dcf2a11b8,ID200813,CID-040,618b2077-4e40-43c3-9ba1-247dcf2a11b8,2025-08-15,2025-09-14,1039.84,62.4,1102.24,Issued,SampleGen
INV-1efe993d-367f-481e-8d84-738785e0b7d7,ID200814,CID-040,1efe993d-367f-481e-8d84-738785e0b7d7,2025-08-05,2025-09-04,1323.9,79.44,1403.34,Issued,SampleGen
INV-399c0db3-8b39-4afa-b9b3-a8dd2f9deb1c,ID200815,CID-040,399c0db3-8b39-4afa-b9b3-a8dd2f9deb1c,2025-09-23,2025-10-23,1723.7,103.44,1827.14,Issued,SampleGen
INV-35eb7c52-0065-4795-8e96-122f82468169,ID200816,CID-040,35eb7c52-0065-4795-8e96-122f82468169,2025-09-10,2025-10-10,1255.9,75.36,1331.26,Issued,SampleGen
INV-4c135902-5d9e-4df2-a007-74a203c11b57,ID200817,CID-040,4c135902-5d9e-4df2-a007-74a203c11b57,2025-10-07,2025-11-06,2643.76,158.64,2802.4,Issued,SampleGen
INV-dc50db72-abca-456f-b579-94cfd3328bc1,ID200818,CID-040,dc50db72-abca-456f-b579-94cfd3328bc1,2025-10-06,2025-11-05,3061.76,183.72,3245.48,Issued,SampleGen
INV-97545d3d-02c9-4b6b-a903-72b8742f201f,ID200819,CID-040,97545d3d-02c9-4b6b-a903-72b8742f201f,2025-11-12,2025-12-12,6417.72,385.08,6802.8,Issued,SampleGen
INV-adc0c919-2e31-47da-905d-9eaedaaa6b8d,ID200820,CID-040,adc0c919-2e31-47da-905d-9eaedaaa6b8d,2025-11-03,2025-12-03,8115.74,486.96,8602.7,Issued,SampleGen
INV-03bc3ae7-dffc-46ea-a786-dc94d2302728,ID200821,CID-040,03bc3ae7-dffc-46ea-a786-dc94d2302728,2025-12-05,2026-01-04,1311.82,78.72,1390.54,Issued,SampleGen
INV-af4f5446-2b66-497d-9765-799a95ef3813,ID200822,CID-040,af4f5446-2b66-497d-9765-799a95ef3813,2026-01-29,2026-02-28,3995.78,239.76,4235.54,Issued,SampleGen
INV-251748ed-7e52-41c7-b187-fcf0dc8a4621,ID200823,CID-040,251748ed-7e52-41c7-b187-fcf0dc8a4621,2026-01-23,2026-02-22,1859.86,111.6,1971.46,Issued,SampleGen
INV-abde45bb-5bf8-4cd2-bc8b-caeccde48519,ID200824,CID-040,abde45bb-5bf8-4cd2-bc8b-caeccde48519,2026-03-01,2026-03-31,895.76,53.76,949.52,Issued,SampleGen
INV-6ca65825-c991-4476-bb8b-9130c0bca633,ID200825,CID-040,6ca65825-c991-4476-bb8b-9130c0bca633,2026-02-02,2026-03-04,3523.7,211.44,3735.14,Issued,SampleGen
INV-145f71bc-80d4-4e06-9415-f4e851c6bb92,ID200826,CID-040,145f71bc-80d4-4e06-9415-f4e851c6bb92,2026-03-05,2026-04-04,3115.8,186.96,3302.76,Issued,SampleGen
INV-47ebdc55-fc57-49ef-b58b-5df5ea84722c,ID200827,CID-040,47ebdc55-fc57-49ef-b58b-5df5ea84722c,2026-03-17,2026-04-16,981.74,58.92,1040.66,Issued,SampleGen
INV-1650c7d1-7250-4089-93df-1c60bbdfb5c2,ID200828,CID-040,1650c7d1-7250-4089-93df-1c60bbdfb5c2,2026-04-03,2026-05-03,411.92,24.72,436.64,Issued,SampleGen
INV-d5a88353-6909-4737-9f2b-cdd9335c7d76,ID200829,CID-040,d5a88353-6909-4737-9f2b-cdd9335c7d76,2026-04-13,2026-05-13,1835.92,110.16,1946.08,Issued,SampleGen
INV-08ccbc1a-a066-40a9-b458-c078216eb15f,ID200830,CID-041,08ccbc1a-a066-40a9-b458-c078216eb15f,2025-01-14,2025-02-13,431.92,25.92,457.84,Issued,SampleGen
INV-20290368-bcd0-4378-9d89-54508df419a4,ID200831,CID-041,20290368-bcd0-4378-9d89-54508df419a4,2025-03-28,2025-04-27,5515.74,330.96,5846.7,Issued,SampleGen
INV-71aa66ab-cf0a-43d2-8943-521621ee9ec6,ID200832,CID-041,71aa66ab-cf0a-43d2-8943-521621ee9ec6,2025-06-29,2025-07-29,943.8,56.64,1000.44,Issued,SampleGen
INV-1532147d-7e8b-47a6-9fb1-c08f94ed9d3f,ID200833,CID-041,1532147d-7e8b-47a6-9fb1-c08f94ed9d3f,2025-07-26,2025-08-25,191.92,11.52,203.44,Issued,SampleGen
INV-e7f5e9ad-a1c6-40f0-a98b-68fc2f127283,ID200834,CID-041,e7f5e9ad-a1c6-40f0-a98b-68fc2f127283,2025-08-28,2025-09-27,2469.82,148.2,2618.02,Issued,SampleGen
INV-24ef9fcb-64f6-4a4e-a229-e83621f378d5,ID200835,CID-041,24ef9fcb-64f6-4a4e-a229-e83621f378d5,2025-09-21,2025-10-21,4277.72,256.68,4534.4,Issued,SampleGen
INV-f3749cb9-0190-4880-9f5d-b592201ad8e6,ID200836,CID-041,f3749cb9-0190-4880-9f5d-b592201ad8e6,2025-11-01,2025-12-01,3005.78,180.36,3186.14,Issued,SampleGen
INV-9a107210-bba7-437b-abd5-eaf9cc69c3ea,ID200837,CID-041,9a107210-bba7-437b-abd5-eaf9cc69c3ea,2025-11-26,2025-12-26,1415.78,84.96,1500.74,Issued,SampleGen
INV-ae5dec98-a336-4d4f-ba91-cc796450c752,ID200838,CID-041,ae5dec98-a336-4d4f-ba91-cc796450c752,2025-12-05,2026-01-04,2663.74,159.84,2823.58,Issued,SampleGen
INV-31e27d04-1abd-421f-91a7-e78ce16a8aa3,ID200839,CID-041,31e27d04-1abd-421f-91a7-e78ce16a8aa3,2026-01-24,2026-02-23,1613.82,96.84,1710.66,Issued,SampleGen
INV-19444922-c183-4f30-818f-f180bf455171,ID200840,CID-041,19444922-c183-4f30-818f-f180bf455171,2026-02-13,2026-03-15,491.92,29.52,521.44,Issued,SampleGen
INV-df59c7a9-974e-49cc-9953-b389170efeaa,ID200841,CID-041,df59c7a9-974e-49cc-9953-b389170efeaa,2026-03-30,2026-04-29,3665.8,219.96,3885.76,Issued,SampleGen
INV-eed47680-2d3c-434c-832a-bddcdd036ed6,ID200842,CID-041,eed47680-2d3c-434c-832a-bddcdd036ed6,2026-04-02,2026-05-02,309.86,18.6,328.46,Issued,SampleGen
INV-45575009-559b-446e-bca4-3f0a7bfc15dd,ID200843,CID-042,45575009-559b-446e-bca4-3f0a7bfc15dd,2025-01-25,2025-02-24,6267.7,376.08,6643.78,Issued,SampleGen
INV-0976ff26-e5ac-4d37-bfcd-24f5206d65b1,ID200844,CID-042,0976ff26-e5ac-4d37-bfcd-24f5206d65b1,2025-02-14,2025-03-16,2755.86,165.36,2921.22,Issued,SampleGen
INV-3c732164-d4ef-40c5-9eab-fc28fec67c13,ID200845,CID-042,3c732164-d4ef-40c5-9eab-fc28fec67c13,2025-03-29,2025-04-28,3819.8,229.2,4049.0,Issued,SampleGen
INV-881c2a8d-d657-4999-b36c-e89dc96bd459,ID200846,CID-042,881c2a8d-d657-4999-b36c-e89dc96bd459,2025-03-10,2025-04-09,1443.82,86.64,1530.46,Issued,SampleGen
INV-0713097b-2e3d-46a1-95c5-f9da1b8159e5,ID200847,CID-042,0713097b-2e3d-46a1-95c5-f9da1b8159e5,2025-04-29,2025-05-29,1389.82,83.4,1473.22,Issued,SampleGen
INV-10658192-7327-4fa7-9813-ddf42c6f0e77,ID200848,CID-042,10658192-7327-4fa7-9813-ddf42c6f0e77,2025-04-02,2025-05-02,577.86,34.68,612.54,Issued,SampleGen
INV-7c890b63-a7c1-48bf-8256-6df6185b8cf7,ID200849,CID-042,7c890b63-a7c1-48bf-8256-6df6185b8cf7,2025-05-18,2025-06-17,1359.74,81.6,1441.34,Issued,SampleGen
INV-ebfe6308-a8a5-47a7-8b47-7df18500cfba,ID200850,CID-042,ebfe6308-a8a5-47a7-8b47-7df18500cfba,2025-05-13,2025-06-12,393.9,23.64,417.54,Issued,SampleGen
INV-6d0ae240-313d-4f2a-9282-1dc82798abf8,ID200851,CID-042,6d0ae240-313d-4f2a-9282-1dc82798abf8,2025-05-30,2025-06-29,849.78,51.0,900.78,Issued,SampleGen
INV-13285dd0-0643-42d7-a1bf-1abdd56dd63c,ID200852,CID-042,13285dd0-0643-42d7-a1bf-1abdd56dd63c,2025-06-04,2025-07-04,1195.76,71.76,1267.52,Issued,SampleGen
INV-6bb75a23-9cf6-4ffb-a38d-c93b6072cd19,ID200853,CID-042,6bb75a23-9cf6-4ffb-a38d-c93b6072cd19,2025-06-14,2025-07-14,603.84,36.24,640.08,Issued,SampleGen
INV-a3c34335-82a0-4318-b8cd-d081df9b0b00,ID200854,CID-042,a3c34335-82a0-4318-b8cd-d081df9b0b00,2025-06-08,2025-07-08,1575.82,94.56,1670.38,Issued,SampleGen
INV-5cd6e4a1-fce9-4165-a387-6d7fabf7a83c,ID200855,CID-042,5cd6e4a1-fce9-4165-a387-6d7fabf7a83c,2025-07-26,2025-08-25,969.9,58.2,1028.1,Issued,SampleGen
INV-301167c4-9779-4d6c-ab00-92415d6b2363,ID200856,CID-042,301167c4-9779-4d6c-ab00-92415d6b2363,2025-07-16,2025-08-15,1623.8,97.44,1721.24,Issued,SampleGen
INV-8d1148ea-55d2-41e0-8b7b-667a8e766eb8,ID200857,CID-042,8d1148ea-55d2-41e0-8b7b-667a8e766eb8,2025-07-22,2025-08-21,815.88,48.96,864.84,Issued,SampleGen
INV-3f6c85bf-7eb4-4724-bfd5-a14f45681ad5,ID200858,CID-042,3f6c85bf-7eb4-4724-bfd5-a14f45681ad5,2025-08-10,2025-09-09,3113.84,186.84,3300.68,Issued,SampleGen
INV-ba110a74-eb83-4ab5-9c65-60389824f131,ID200859,CID-042,ba110a74-eb83-4ab5-9c65-60389824f131,2025-08-26,2025-09-25,1023.82,61.44,1085.26,Issued,SampleGen
INV-b7543dd5-d111-4147-8d13-7f934feaf8ef,ID200860,CID-042,b7543dd5-d111-4147-8d13-7f934feaf8ef,2025-08-28,2025-09-27,1223.8,73.44,1297.24,Issued,SampleGen
INV-f4ec8878-f446-4cbd-8df4-6cbbfa1e87b3,ID200861,CID-042,f4ec8878-f446-4cbd-8df4-6cbbfa1e87b3,2025-09-09,2025-10-09,357.82,21.48,379.3,Issued,SampleGen
INV-e1218c67-1ef8-48dc-a34b-770dd8f58021,ID200862,CID-042,e1218c67-1ef8-48dc-a34b-770dd8f58021,2025-09-15,2025-10-15,827.78,49.68,877.46,Issued,SampleGen
INV-61ecc6d0-90db-4d41-9444-f41305cfa1d1,ID200863,CID-042,61ecc6d0-90db-4d41-9444-f41305cfa1d1,2025-09-12,2025-10-12,2063.92,123.84,2187.76,Issued,SampleGen
INV-edfddb93-fd50-4a84-91e8-c4d8620d8c9b,ID200864,CID-042,edfddb93-fd50-4a84-91e8-c4d8620d8c9b,2025-10-23,2025-11-22,3767.88,226.08,3993.96,Issued,SampleGen
INV-8fbede5c-6d85-4e7b-9d88-12b990948c95,ID200865,CID-042,8fbede5c-6d85-4e7b-9d88-12b990948c95,2025-10-19,2025-11-18,879.9,52.8,932.7,Issued,SampleGen
INV-db9ad4a3-06fc-4eaf-83c2-b89d84ab8861,ID200866,CID-042,db9ad4a3-06fc-4eaf-83c2-b89d84ab8861,2025-10-28,2025-11-27,1079.76,64.8,1144.56,Issued,SampleGen
INV-e8905df6-87aa-49e2-aa54-dd634b3977e1,ID200867,CID-042,e8905df6-87aa-49e2-aa54-dd634b3977e1,2025-11-18,2025-12-18,2463.84,147.84,2611.68,Issued,SampleGen
INV-f57e9048-f399-49ab-a946-7d69882dfae5,ID200868,CID-042,f57e9048-f399-49ab-a946-7d69882dfae5,2025-11-21,2025-12-21,1333.74,80.04,1413.78,Issued,SampleGen
INV-528fcf69-d5a4-4e4f-b390-0a0285d5e9ff,ID200869,CID-042,528fcf69-d5a4-4e4f-b390-0a0285d5e9ff,2025-11-29,2025-12-29,5111.88,306.72,5418.6,Issued,SampleGen
INV-3e8968d1-daca-4f17-bddf-381b386806b8,ID200870,CID-042,3e8968d1-daca-4f17-bddf-381b386806b8,2025-12-22,2026-01-21,1575.82,94.56,1670.38,Issued,SampleGen
INV-b4abdb3d-df26-4d7b-b8af-c75741bcef62,ID200871,CID-042,b4abdb3d-df26-4d7b-b8af-c75741bcef62,2025-12-04,2026-01-03,2793.76,167.64,2961.4,Issued,SampleGen
INV-6fff5eb8-c8fe-43a3-ab14-92f53831dea5,ID200872,CID-042,6fff5eb8-c8fe-43a3-ab14-92f53831dea5,2025-12-31,2026-01-30,1111.76,66.72,1178.48,Issued,SampleGen
INV-8d9129e0-9abc-41e9-8579-aec783e1d412,ID200873,CID-042,8d9129e0-9abc-41e9-8579-aec783e1d412,2025-12-08,2026-01-07,791.8,47.52,839.32,Issued,SampleGen
INV-f22e647e-f91a-4cf9-a206-7b37c68da7e4,ID200874,CID-042,f22e647e-f91a-4cf9-a206-7b37c68da7e4,2026-01-25,2026-02-24,921.78,55.32,977.1,Issued,SampleGen
INV-d7ab6c7b-b407-4ef8-b36c-7f9059c03f86,ID200875,CID-042,d7ab6c7b-b407-4ef8-b36c-7f9059c03f86,2026-01-08,2026-02-07,6527.76,391.68,6919.44,Issued,SampleGen
INV-99171a9a-655b-42c3-a585-182b17bfd6ff,ID200876,CID-042,99171a9a-655b-42c3-a585-182b17bfd6ff,2026-01-26,2026-02-25,2551.84,153.12,2704.96,Issued,SampleGen
INV-ea8e8aa1-029a-47a6-929a-8ea30c646b94,ID200877,CID-042,ea8e8aa1-029a-47a6-929a-8ea30c646b94,2026-01-17,2026-02-16,647.88,38.88,686.76,Issued,SampleGen
INV-df981021-dd2c-4434-9a88-bf2a544fc13b,ID200878,CID-042,df981021-dd2c-4434-9a88-bf2a544fc13b,2026-02-06,2026-03-08,4301.78,258.12,4559.9,Issued,SampleGen
INV-c0162827-ceb5-4f6f-951b-44e02cebdea4,ID200879,CID-042,c0162827-ceb5-4f6f-951b-44e02cebdea4,2026-02-19,2026-03-21,1927.8,115.68,2043.48,Issued,SampleGen
INV-71615f0f-4a52-4cb6-86ee-a433ce0be7ac,ID200880,CID-042,71615f0f-4a52-4cb6-86ee-a433ce0be7ac,2026-02-08,2026-03-10,459.92,27.6,487.52,Issued,SampleGen
INV-aeedb208-b106-4cd1-87dd-3d98cc83cc58,ID200881,CID-042,aeedb208-b106-4cd1-87dd-3d98cc83cc58,2026-02-23,2026-03-25,639.88,38.4,678.28,Issued,SampleGen
INV-7304fc11-1927-4a64-9897-b110fad3c62c,ID200882,CID-042,7304fc11-1927-4a64-9897-b110fad3c62c,2026-03-06,2026-04-05,2251.86,135.12,2386.98,Issued,SampleGen
INV-b4ed42d7-2fe6-4bb8-bf1f-da7afe5cd722,ID200883,CID-042,b4ed42d7-2fe6-4bb8-bf1f-da7afe5cd722,2026-03-04,2026-04-03,5067.72,304.08,5371.8,Issued,SampleGen
INV-e5dfc29e-a7ce-41ad-a4f0-e3bd0a954656,ID200884,CID-042,e5dfc29e-a7ce-41ad-a4f0-e3bd0a954656,2026-03-12,2026-04-11,531.8,31.92,563.72,Issued,SampleGen
INV-5f5ee4d4-030d-4214-b8f7-f2d9351d7367,ID200885,CID-042,5f5ee4d4-030d-4214-b8f7-f2d9351d7367,2026-03-29,2026-04-28,2225.72,133.56,2359.28,Issued,SampleGen
INV-a7a68f32-78d8-4a07-84d7-cf48d20493d7,ID200886,CID-042,a7a68f32-78d8-4a07-84d7-cf48d20493d7,2026-04-06,2026-05-06,7139.76,428.4,7568.16,Issued,SampleGen
INV-a1acf0f4-505d-47e4-b016-ae5b02441779,ID200887,CID-042,a1acf0f4-505d-47e4-b016-ae5b02441779,2026-04-23,2026-05-23,2011.84,120.72,2132.56,Issued,SampleGen
INV-672acefa-75ed-41c2-9c00-ae78da6c7362,ID200888,CID-042,672acefa-75ed-41c2-9c00-ae78da6c7362,2026-04-30,2026-05-30,423.88,25.44,449.32,Issued,SampleGen
INV-ead8ee15-5a74-4559-80ea-7dc58fffb384,ID200889,CID-042,ead8ee15-5a74-4559-80ea-7dc58fffb384,2026-04-27,2026-05-27,2675.88,160.56,2836.44,Issued,SampleGen
INV-1c9e0f6d-256f-4f80-b5b7-e92d916e3f96,ID200890,CID-043,1c9e0f6d-256f-4f80-b5b7-e92d916e3f96,2025-05-21,2025-06-20,2323.7,139.44,2463.14,Issued,SampleGen
INV-a7b9e7b8-88cd-4b4d-af8f-3b66b8b372fd,ID200891,CID-043,a7b9e7b8-88cd-4b4d-af8f-3b66b8b372fd,2025-07-05,2025-08-04,1217.76,73.08,1290.84,Issued,SampleGen
INV-9f58d4fd-7b6b-409c-bb99-d100f1d01900,ID200892,CID-043,9f58d4fd-7b6b-409c-bb99-d100f1d01900,2025-09-23,2025-10-23,3727.8,223.68,3951.48,Issued,SampleGen
INV-0b673e26-125a-459e-8d4e-79b9bd8520d7,ID200893,CID-043,0b673e26-125a-459e-8d4e-79b9bd8520d7,2025-10-31,2025-11-30,1205.86,72.36,1278.22,Issued,SampleGen
INV-6137f368-3afb-44d9-90fc-5adc1f99d0d0,ID200894,CID-043,6137f368-3afb-44d9-90fc-5adc1f99d0d0,2025-11-20,2025-12-20,2023.88,121.44,2145.32,Issued,SampleGen
INV-f621c34f-c8fc-4dba-bf4b-1fb4e7299aa4,ID200895,CID-043,f621c34f-c8fc-4dba-bf4b-1fb4e7299aa4,2026-01-20,2026-02-19,4339.78,260.4,4600.18,Issued,SampleGen
INV-6bb20d75-ef0e-4d06-8d4a-1c4e6501e437,ID200896,CID-043,6bb20d75-ef0e-4d06-8d4a-1c4e6501e437,2026-02-18,2026-03-20,3183.84,191.04,3374.88,Issued,SampleGen
INV-3499138d-2698-451f-b1b2-902ded97c4a2,ID200897,CID-043,3499138d-2698-451f-b1b2-902ded97c4a2,2026-03-08,2026-04-07,993.8,59.64,1053.44,Issued,SampleGen
INV-c685f1f1-38d0-4781-b938-e379e1614321,ID200898,CID-043,c685f1f1-38d0-4781-b938-e379e1614321,2026-04-21,2026-05-21,3973.78,238.44,4212.22,Issued,SampleGen
INV-20257e27-69be-40c9-8e69-69a312a36c9d,ID200899,CID-044,20257e27-69be-40c9-8e69-69a312a36c9d,2025-03-07,2025-04-06,3591.88,215.52,3807.4,Issued,SampleGen
INV-5dfe79b3-9b05-4dc4-bbab-ff475534465c,ID200900,CID-044,5dfe79b3-9b05-4dc4-bbab-ff475534465c,2025-04-12,2025-05-12,2171.76,130.32,2302.08,Issued,SampleGen
INV-df6c5455-0b7f-4abb-948e-95c44be07856,ID200901,CID-044,df6c5455-0b7f-4abb-948e-95c44be07856,2025-05-08,2025-06-07,483.88,29.04,512.92,Issued,SampleGen
INV-559b50f4-569a-4471-a009-b10ba04cf05f,ID200902,CID-044,559b50f4-569a-4471-a009-b10ba04cf05f,2025-07-19,2025-08-18,1523.82,91.44,1615.26,Issued,SampleGen
INV-f0e1e0a4-5579-4de0-945a-736256f2436d,ID200903,CID-044,f0e1e0a4-5579-4de0-945a-736256f2436d,2025-10-29,2025-11-28,4083.8,245.04,4328.84,Issued,SampleGen
INV-f24b972b-be68-4bd7-b374-d1ddfc70406a,ID200904,CID-044,f24b972b-be68-4bd7-b374-d1ddfc70406a,2025-11-03,2025-12-03,2131.82,127.92,2259.74,Issued,SampleGen
INV-58f69f1f-3448-453f-afb3-8c1b1f714df2,ID200905,CID-044,58f69f1f-3448-453f-afb3-8c1b1f714df2,2026-02-18,2026-03-20,3537.74,212.28,3750.02,Issued,SampleGen
INV-b0799d95-0122-4a2a-a4a6-332605454453,ID200906,CID-044,b0799d95-0122-4a2a-a4a6-332605454453,2026-04-30,2026-05-30,607.86,36.48,644.34,Issued,SampleGen
INV-20d33919-1c90-4b46-82f4-bd2d5f3dc5a2,ID200907,CID-045,20d33919-1c90-4b46-82f4-bd2d5f3dc5a2,2025-02-06,2025-03-08,917.86,55.08,972.94,Issued,SampleGen
INV-1ad9c7b6-4fb6-4b66-9fa4-4e722dcee9ed,ID200908,CID-045,1ad9c7b6-4fb6-4b66-9fa4-4e722dcee9ed,2025-05-10,2025-06-09,889.74,53.4,943.14,Issued,SampleGen
INV-91ff763e-53c5-4fb4-9503-9191e521a8a6,ID200909,CID-045,91ff763e-53c5-4fb4-9503-9191e521a8a6,2025-07-28,2025-08-27,4873.72,292.44,5166.16,Issued,SampleGen
INV-5688726c-19fb-491d-ae46-bfdfe9e8f11d,ID200910,CID-045,5688726c-19fb-491d-ae46-bfdfe9e8f11d,2025-09-20,2025-10-20,3339.76,200.4,3540.16,Issued,SampleGen
INV-ae08e7db-ac56-45de-8ce4-be14edd8f456,ID200911,CID-045,ae08e7db-ac56-45de-8ce4-be14edd8f456,2025-10-24,2025-11-23,2317.7,139.08,2456.78,Issued,SampleGen
INV-1a0277ba-3676-4def-87f5-d54d5b6ca787,ID200912,CID-045,1a0277ba-3676-4def-87f5-d54d5b6ca787,2025-11-08,2025-12-08,459.9,27.6,487.5,Issued,SampleGen
INV-8c3b60c1-4595-424f-ba39-267af1a96eec,ID200913,CID-045,8c3b60c1-4595-424f-ba39-267af1a96eec,2025-12-09,2026-01-08,437.78,26.28,464.06,Issued,SampleGen
INV-af7587a4-7c32-47bd-9d28-1b5631a2e84f,ID200914,CID-045,af7587a4-7c32-47bd-9d28-1b5631a2e84f,2026-01-14,2026-02-13,5427.8,325.68,5753.48,Issued,SampleGen
INV-461ece9e-9a61-4a00-bb58-69876838e6f6,ID200915,CID-045,461ece9e-9a61-4a00-bb58-69876838e6f6,2026-02-20,2026-03-22,1375.82,82.56,1458.38,Issued,SampleGen
INV-b16fea4d-a4b8-4e60-ac25-9ad8530dc9b6,ID200916,CID-045,b16fea4d-a4b8-4e60-ac25-9ad8530dc9b6,2026-03-07,2026-04-06,1983.88,119.04,2102.92,Issued,SampleGen
INV-7b26a2da-8734-4490-8789-5af9d12b98b1,ID200917,CID-045,7b26a2da-8734-4490-8789-5af9d12b98b1,2026-04-27,2026-05-27,4431.74,265.92,4697.66,Issued,SampleGen
INV-1766ac92-9982-448e-8135-6b485ccbb0bb,ID200918,CID-046,1766ac92-9982-448e-8135-6b485ccbb0bb,2025-03-09,2025-04-08,609.86,36.6,646.46,Issued,SampleGen
INV-900a982f-9150-467d-ab0c-99fa9787844e,ID200919,CID-046,900a982f-9150-467d-ab0c-99fa9787844e,2025-05-02,2025-06-01,941.7,56.52,998.22,Issued,SampleGen
INV-a50294ae-1e95-4423-9d8a-0084393f1935,ID200920,CID-046,a50294ae-1e95-4423-9d8a-0084393f1935,2025-08-24,2025-09-23,3639.84,218.4,3858.24,Issued,SampleGen
INV-c9883d8a-7825-4c66-94c8-a5aa148d6f42,ID200921,CID-046,c9883d8a-7825-4c66-94c8-a5aa148d6f42,2025-09-11,2025-10-11,391.84,23.52,415.36,Issued,SampleGen
INV-56205d8f-df4a-4dbd-ad94-38dc2ac7ecb6,ID200922,CID-046,56205d8f-df4a-4dbd-ad94-38dc2ac7ecb6,2025-11-01,2025-12-01,2811.86,168.72,2980.58,Issued,SampleGen
INV-0a8a8c3b-93be-4c57-8810-73d6553c02cf,ID200923,CID-046,0a8a8c3b-93be-4c57-8810-73d6553c02cf,2025-11-24,2025-12-24,4475.8,268.56,4744.36,Issued,SampleGen
INV-b1beb16c-cb12-4052-9918-3eca719c3098,ID200924,CID-046,b1beb16c-cb12-4052-9918-3eca719c3098,2025-12-31,2026-01-30,2659.86,159.6,2819.46,Issued,SampleGen
INV-d1ea0aab-506d-4263-a182-87e54d864bc1,ID200925,CID-046,d1ea0aab-506d-4263-a182-87e54d864bc1,2026-01-08,2026-02-07,2737.76,164.28,2902.04,Issued,SampleGen
INV-dd413712-8c88-4b41-92b4-105b805e4384,ID200926,CID-046,dd413712-8c88-4b41-92b4-105b805e4384,2026-02-14,2026-03-16,3815.8,228.96,4044.76,Issued,SampleGen
INV-f73886a6-39fa-459e-b92b-ccc304a13652,ID200927,CID-046,f73886a6-39fa-459e-b92b-ccc304a13652,2026-03-13,2026-04-12,2359.88,141.6,2501.48,Issued,SampleGen
INV-3cb325e7-715f-419f-b677-ccd7fec4bcd6,ID200928,CID-046,3cb325e7-715f-419f-b677-ccd7fec4bcd6,2026-04-04,2026-05-04,469.9,28.2,498.1,Issued,SampleGen
INV-9abd8c87-4f8b-495b-bc96-0269d3e7fef4,ID200929,CID-047,9abd8c87-4f8b-495b-bc96-0269d3e7fef4,2025-02-05,2025-03-07,1119.92,67.2,1187.12,Issued,SampleGen
INV-8f8b5a7e-b5d6-4aa8-adb8-01476835cfa6,ID200930,CID-047,8f8b5a7e-b5d6-4aa8-adb8-01476835cfa6,2025-03-06,2025-04-05,3687.8,221.28,3909.08,Issued,SampleGen
INV-a7fd39ac-ce48-4cdd-b063-4083ea97dd9b,ID200931,CID-047,a7fd39ac-ce48-4cdd-b063-4083ea97dd9b,2025-04-27,2025-05-27,4319.76,259.2,4578.96,Issued,SampleGen
INV-e3bf87e0-2450-42c6-8193-c26ea4c21d45,ID200932,CID-047,e3bf87e0-2450-42c6-8193-c26ea4c21d45,2025-05-24,2025-06-23,2155.76,129.36,2285.12,Issued,SampleGen
INV-6606f0c1-9d2e-4e92-bc57-d9bf6c9c3f2d,ID200933,CID-047,6606f0c1-9d2e-4e92-bc57-d9bf6c9c3f2d,2025-06-08,2025-07-08,1099.84,66.0,1165.84,Issued,SampleGen
INV-76bccdcd-4779-4976-9ee0-dfe300e7d39a,ID200934,CID-047,76bccdcd-4779-4976-9ee0-dfe300e7d39a,2025-07-30,2025-08-29,2207.82,132.48,2340.3,Issued,SampleGen
INV-2feed729-13ac-4d4b-afe1-98a39a0abfda,ID200935,CID-047,2feed729-13ac-4d4b-afe1-98a39a0abfda,2025-08-25,2025-09-24,1593.72,95.64,1689.36,Issued,SampleGen
INV-526fd303-3c1f-45ec-b667-af1b649cd968,ID200936,CID-047,526fd303-3c1f-45ec-b667-af1b649cd968,2025-09-10,2025-10-10,919.92,55.2,975.12,Issued,SampleGen
INV-e9023811-bd20-4db9-9e03-aae070dae03d,ID200937,CID-047,e9023811-bd20-4db9-9e03-aae070dae03d,2025-10-02,2025-11-01,1299.82,78.0,1377.82,Issued,SampleGen
INV-4cadc013-3f34-4f34-9fdb-9654d307ad67,ID200938,CID-047,4cadc013-3f34-4f34-9fdb-9654d307ad67,2025-10-30,2025-11-29,1053.76,63.24,1117.0,Issued,SampleGen
INV-b0224436-1fb0-4571-acee-a06b3b273720,ID200939,CID-047,b0224436-1fb0-4571-acee-a06b3b273720,2025-11-19,2025-12-19,1555.7,93.36,1649.06,Issued,SampleGen
INV-81a0fc8f-5db8-49ce-9bfe-d5faf7270d55,ID200940,CID-047,81a0fc8f-5db8-49ce-9bfe-d5faf7270d55,2025-12-20,2026-01-19,535.88,32.16,568.04,Issued,SampleGen
INV-e2de702a-7a47-426d-a9bc-ea88e2f7421d,ID200941,CID-047,e2de702a-7a47-426d-a9bc-ea88e2f7421d,2026-01-21,2026-02-20,3199.8,192.0,3391.8,Issued,SampleGen
INV-b5baa063-121a-458d-983e-a1df4e53204e,ID200942,CID-047,b5baa063-121a-458d-983e-a1df4e53204e,2026-02-28,2026-03-30,1495.76,89.76,1585.52,Issued,SampleGen
INV-2e24ea8e-4f43-4153-bca3-682173a3a0a5,ID200943,CID-047,2e24ea8e-4f43-4153-bca3-682173a3a0a5,2026-02-19,2026-03-21,2221.82,133.32,2355.14,Issued,SampleGen
INV-bc3a6429-22f9-4506-a737-6f482624d08e,ID200944,CID-047,bc3a6429-22f9-4506-a737-6f482624d08e,2026-03-04,2026-04-03,787.84,47.28,835.12,Issued,SampleGen
INV-f2811929-38d3-4747-a2e4-b60942423ccc,ID200945,CID-047,f2811929-38d3-4747-a2e4-b60942423ccc,2026-03-12,2026-04-11,3059.82,183.6,3243.42,Issued,SampleGen
INV-fe18f98e-e807-43f8-99b4-59c4a317452d,ID200946,CID-047,fe18f98e-e807-43f8-99b4-59c4a317452d,2026-04-24,2026-05-24,503.88,30.24,534.12,Issued,SampleGen
INV-49ab54a2-c467-48d4-a619-87c15dc6f585,ID200947,CID-047,49ab54a2-c467-48d4-a619-87c15dc6f585,2026-04-23,2026-05-23,753.76,45.24,799.0,Issued,SampleGen
INV-e7b1d4aa-3149-4c88-afb5-156db946090e,ID200948,CID-048,e7b1d4aa-3149-4c88-afb5-156db946090e,2025-02-02,2025-03-04,2243.82,134.64,2378.46,Issued,SampleGen
INV-db0ba4df-aa80-4047-a0aa-4e61316a9589,ID200949,CID-048,db0ba4df-aa80-4047-a0aa-4e61316a9589,2025-03-17,2025-04-16,4081.74,244.92,4326.66,Issued,SampleGen
INV-105e9cf6-124f-481f-931b-9db186d1962b,ID200950,CID-048,105e9cf6-124f-481f-931b-9db186d1962b,2025-04-04,2025-05-04,2101.8,126.12,2227.92,Issued,SampleGen
INV-86a1cfc0-ccda-4b9b-ac0b-0d37dfb754b4,ID200951,CID-048,86a1cfc0-ccda-4b9b-ac0b-0d37dfb754b4,2025-05-20,2025-06-19,263.92,15.84,279.76,Issued,SampleGen
INV-82cb25a2-cd6b-437b-9be2-b0385d05e949,ID200952,CID-048,82cb25a2-cd6b-437b-9be2-b0385d05e949,2025-07-01,2025-07-31,3903.8,234.24,4138.04,Issued,SampleGen
INV-356cd37c-7da2-49c2-9c11-8ca55c8abd83,ID200953,CID-048,356cd37c-7da2-49c2-9c11-8ca55c8abd83,2025-06-16,2025-07-16,577.86,34.68,612.54,Issued,SampleGen
INV-1712e8bd-dc83-4fbd-8077-18d74ec9df39,ID200954,CID-048,1712e8bd-dc83-4fbd-8077-18d74ec9df39,2025-07-19,2025-08-18,667.84,40.08,707.92,Issued,SampleGen
INV-95b6bc63-4b67-4c57-a776-763a77aa0ed3,ID200955,CID-048,95b6bc63-4b67-4c57-a776-763a77aa0ed3,2025-07-08,2025-08-07,771.84,46.32,818.16,Issued,SampleGen
INV-810e9c39-7b40-4ea5-b673-609bc41cf2d6,ID200956,CID-048,810e9c39-7b40-4ea5-b673-609bc41cf2d6,2025-08-10,2025-09-09,749.88,45.0,794.88,Issued,SampleGen
INV-3b0cb018-71e2-4497-bfef-30b11a8f7501,ID200957,CID-048,3b0cb018-71e2-4497-bfef-30b11a8f7501,2025-08-16,2025-09-15,3691.8,221.52,3913.32,Issued,SampleGen
INV-0423cca8-9ba7-418b-949c-58dd8bc6eb83,ID200958,CID-048,0423cca8-9ba7-418b-949c-58dd8bc6eb83,2025-09-22,2025-10-22,2083.8,125.04,2208.84,Issued,SampleGen
INV-b8afb1ff-2222-4dc9-a773-c0dbed13be7a,ID200959,CID-048,b8afb1ff-2222-4dc9-a773-c0dbed13be7a,2025-09-08,2025-10-08,435.9,26.16,462.06,Issued,SampleGen
INV-e8499ecd-2d09-4ed3-9e64-079b781c1a45,ID200960,CID-048,e8499ecd-2d09-4ed3-9e64-079b781c1a45,2025-10-21,2025-11-20,1779.82,106.8,1886.62,Issued,SampleGen
INV-cb503742-d9dd-46e0-be66-aae8ea68ea96,ID200961,CID-048,cb503742-d9dd-46e0-be66-aae8ea68ea96,2025-11-03,2025-12-03,3175.74,190.56,3366.3,Issued,SampleGen
INV-18b15bc7-8003-419a-ae32-b74af7bb4933,ID200962,CID-048,18b15bc7-8003-419a-ae32-b74af7bb4933,2025-11-29,2025-12-29,995.86,59.76,1055.62,Issued,SampleGen
INV-609309d4-b8bf-4565-9feb-875e56548a17,ID200963,CID-048,609309d4-b8bf-4565-9feb-875e56548a17,2025-12-20,2026-01-19,4127.84,247.68,4375.52,Issued,SampleGen
INV-ed63958a-de9f-41a4-ae68-417b00314a6e,ID200964,CID-048,ed63958a-de9f-41a4-ae68-417b00314a6e,2026-01-07,2026-02-06,1577.76,94.68,1672.44,Issued,SampleGen
INV-abab4f49-37f3-406b-bc98-e7836e2796c2,ID200965,CID-048,abab4f49-37f3-406b-bc98-e7836e2796c2,2026-01-26,2026-02-25,1151.88,69.12,1221.0,Issued,SampleGen
INV-65d21f93-bb38-4270-8882-d29cf7341f0e,ID200966,CID-048,65d21f93-bb38-4270-8882-d29cf7341f0e,2026-02-07,2026-03-09,2791.86,167.52,2959.38,Issued,SampleGen
INV-19c91815-f9c5-41d8-bc5b-ca3eb50736d7,ID200967,CID-048,19c91815-f9c5-41d8-bc5b-ca3eb50736d7,2026-02-26,2026-03-28,3623.74,217.44,3841.18,Issued,SampleGen
INV-6252a7fb-0385-4e22-a157-8fba32de6d49,ID200968,CID-048,6252a7fb-0385-4e22-a157-8fba32de6d49,2026-03-19,2026-04-18,475.92,28.56,504.48,Issued,SampleGen
INV-f4bc2003-94c2-4d65-923a-29bc67210a71,ID200969,CID-048,f4bc2003-94c2-4d65-923a-29bc67210a71,2026-03-06,2026-04-05,1519.92,91.2,1611.12,Issued,SampleGen
INV-1a3e90cb-7316-418b-bc62-8d513a0c944d,ID200970,CID-048,1a3e90cb-7316-418b-bc62-8d513a0c944d,2026-04-28,2026-05-28,5055.78,303.36,5359.14,Issued,SampleGen
INV-0f562f7e-20da-4662-a696-1799b8f241ef,ID200971,CID-048,0f562f7e-20da-4662-a696-1799b8f241ef,2026-04-30,2026-05-30,3607.84,216.48,3824.32,Issued,SampleGen
INV-b17ebd6d-12b3-48f0-9db7-d007741992a9,ID200972,CID-049,b17ebd6d-12b3-48f0-9db7-d007741992a9,2026-01-28,2026-02-27,3499.86,210.0,3709.86,Issued,SampleGen
INV-b6d86b29-f342-420a-98f6-aa4a55254a32,ID200973,CID-049,b6d86b29-f342-420a-98f6-aa4a55254a32,2026-02-23,2026-03-25,705.8,42.36,748.16,Issued,SampleGen
INV-23d1d9d1-93e4-47d5-af6d-8527b3295422,ID200974,CID-049,23d1d9d1-93e4-47d5-af6d-8527b3295422,2026-03-31,2026-04-30,527.84,31.68,559.52,Issued,SampleGen
INV-d5531666-80db-4676-9276-2e3cb8254f0a,ID200975,CID-050,d5531666-80db-4676-9276-2e3cb8254f0a,2025-04-29,2025-05-29,1403.86,84.24,1488.1,Issued,SampleGen
INV-841448f5-7f21-4b85-8d87-2ff722841f51,ID200976,CID-050,841448f5-7f21-4b85-8d87-2ff722841f51,2025-05-09,2025-06-08,1899.9,114.0,2013.9,Issued,SampleGen
INV-9115e6ad-8462-4188-abc5-441842c4d088,ID200977,CID-050,9115e6ad-8462-4188-abc5-441842c4d088,2025-07-27,2025-08-26,4839.78,290.4,5130.18,Issued,SampleGen
INV-24a3f086-27ef-48a8-8861-7e34aec6bc68,ID200978,CID-050,24a3f086-27ef-48a8-8861-7e34aec6bc68,2025-08-20,2025-09-19,1543.72,92.64,1636.36,Issued,SampleGen
INV-245e5f41-f643-4f99-b4bd-538600046ecb,ID200979,CID-050,245e5f41-f643-4f99-b4bd-538600046ecb,2025-10-06,2025-11-05,2593.78,155.64,2749.42,Issued,SampleGen
INV-a9ffaba5-fdb6-4d61-aa96-f160b4425bd5,ID200980,CID-050,a9ffaba5-fdb6-4d61-aa96-f160b4425bd5,2026-02-02,2026-03-04,2843.9,170.64,3014.54,Issued,SampleGen
INV-472442ad-6b90-4f13-964b-37af06b70a8a,ID200981,CID-050,472442ad-6b90-4f13-964b-37af06b70a8a,2026-04-11,2026-05-11,799.88,48.0,847.88,Issued,SampleGen
INV-58689951-6cc6-4dc0-8ca4-292fc894196d,ID200982,CID-051,58689951-6cc6-4dc0-8ca4-292fc894196d,2025-01-27,2025-02-26,1459.8,87.6,1547.4,Issued,SampleGen
INV-7f00b9bd-18f7-471b-a546-ad82eedc75a5,ID200983,CID-051,7f00b9bd-18f7-471b-a546-ad82eedc75a5,2025-03-12,2025-04-11,1167.74,70.08,1237.82,Issued,SampleGen
INV-1bab9f0d-e525-4d97-909e-5036703f8858,ID200984,CID-051,1bab9f0d-e525-4d97-909e-5036703f8858,2025-04-09,2025-05-09,3307.7,198.48,3506.18,Issued,SampleGen
INV-7cb2c283-6b96-4688-9646-42b5f7650347,ID200985,CID-051,7cb2c283-6b96-4688-9646-42b5f7650347,2025-05-25,2025-06-24,2499.74,150.0,2649.74,Issued,SampleGen
INV-ca9e3e3e-b0ed-434d-9822-f4dbf22d1828,ID200986,CID-051,ca9e3e3e-b0ed-434d-9822-f4dbf22d1828,2025-06-23,2025-07-23,2755.86,165.36,2921.22,Issued,SampleGen
INV-98b142ef-960b-4150-9bd4-f8deb12c5895,ID200987,CID-051,98b142ef-960b-4150-9bd4-f8deb12c5895,2025-07-31,2025-08-30,3539.88,212.4,3752.28,Issued,SampleGen
INV-246849ed-f31e-40d4-bb18-e827f2a13188,ID200988,CID-051,246849ed-f31e-40d4-bb18-e827f2a13188,2025-08-02,2025-09-01,3821.74,229.32,4051.06,Issued,SampleGen
INV-a54dfa28-e040-47b4-a038-63c00eef97bb,ID200989,CID-051,a54dfa28-e040-47b4-a038-63c00eef97bb,2025-11-18,2025-12-18,1887.76,113.28,2001.04,Issued,SampleGen
INV-f3133d99-376c-4938-bade-0c02bba7b3b1,ID200990,CID-051,f3133d99-376c-4938-bade-0c02bba7b3b1,2026-01-28,2026-02-27,5963.86,357.84,6321.7,Issued,SampleGen
INV-289ae0ea-ac7b-452d-bf5e-6f0dc214eeb4,ID200991,CID-051,289ae0ea-ac7b-452d-bf5e-6f0dc214eeb4,2026-02-19,2026-03-21,513.8,30.84,544.64,Issued,SampleGen
INV-3d861a46-00ce-4ff7-8c29-b0604773b8a6,ID200992,CID-051,3d861a46-00ce-4ff7-8c29-b0604773b8a6,2026-03-10,2026-04-09,2171.76,130.32,2302.08,Issued,SampleGen
INV-9dad2b26-32de-4a86-bd3d-0fdb9c5388b4,ID200993,CID-051,9dad2b26-32de-4a86-bd3d-0fdb9c5388b4,2026-04-02,2026-05-02,3415.8,204.96,3620.76,Issued,SampleGen
INV-4409dc74-87b1-43c5-98f9-dc0fc348fca4,ID200994,CID-052,4409dc74-87b1-43c5-98f9-dc0fc348fca4,2025-04-03,2025-05-03,2915.9,174.96,3090.86,Issued,SampleGen
INV-7e1321c9-01f7-4493-b037-6bbfb70d5887,ID200995,CID-052,7e1321c9-01f7-4493-b037-6bbfb70d5887,2025-06-06,2025-07-06,397.86,23.88,421.74,Issued,SampleGen
INV-6575967a-0bbf-49ce-8335-fa3b4b176a96,ID200996,CID-052,6575967a-0bbf-49ce-8335-fa3b4b176a96,2025-08-05,2025-09-04,309.86,18.6,328.46,Issued,SampleGen
INV-7e16081b-9bf3-4ddb-88f9-592cc70504e7,ID200997,CID-052,7e16081b-9bf3-4ddb-88f9-592cc70504e7,2025-09-25,2025-10-25,2279.88,136.8,2416.68,Issued,SampleGen
INV-ef0b0ff1-893d-4acf-a104-e3bfaf0c0311,ID200998,CID-052,ef0b0ff1-893d-4acf-a104-e3bfaf0c0311,2025-10-20,2025-11-19,367.92,22.08,390.0,Issued,SampleGen
INV-55017a9c-7d08-4896-b3fd-0fd2c6e25aca,ID200999,CID-052,55017a9c-7d08-4896-b3fd-0fd2c6e25aca,2025-11-19,2025-12-19,5607.74,336.48,5944.22,Issued,SampleGen
INV-75bf9791-7347-4bb2-bb27-5f5e8f3ed709,ID201000,CID-052,75bf9791-7347-4bb2-bb27-5f5e8f3ed709,2025-12-04,2026-01-03,8675.7,520.56,9196.26,Issued,SampleGen
INV-24a9f45c-9e19-4bd6-bee1-0049c0a42175,ID201001,CID-052,24a9f45c-9e19-4bd6-bee1-0049c0a42175,2026-01-30,2026-03-01,523.86,31.44,555.3,Issued,SampleGen
INV-7ae944af-60a0-41bb-b0c8-8ebc1eb8ce55,ID201002,CID-052,7ae944af-60a0-41bb-b0c8-8ebc1eb8ce55,2026-02-28,2026-03-30,575.86,34.56,610.42,Issued,SampleGen
INV-d107ecef-5bc9-44e7-87b1-5657b3c8bf95,ID201003,CID-052,d107ecef-5bc9-44e7-87b1-5657b3c8bf95,2026-03-06,2026-04-05,1739.88,104.4,1844.28,Issued,SampleGen
INV-a6ab6cc9-41ab-4046-bd79-313b7209febf,ID201004,CID-052,a6ab6cc9-41ab-4046-bd79-313b7209febf,2026-04-11,2026-05-11,1887.84,113.28,2001.12,Issued,SampleGen
INV-ad663d17-fd87-454c-8371-00ed3ade8604,ID201005,CID-052,ad663d17-fd87-454c-8371-00ed3ade8604,2026-04-08,2026-05-08,1791.88,107.52,1899.4,Issued,SampleGen
INV-865d5287-de48-4140-b45c-572bafaea52a,ID201006,CID-053,865d5287-de48-4140-b45c-572bafaea52a,2025-02-11,2025-03-13,2315.78,138.96,2454.74,Issued,SampleGen
INV-1ce7ba10-5186-484d-8dd2-3627de298093,ID201007,CID-053,1ce7ba10-5186-484d-8dd2-3627de298093,2025-07-08,2025-08-07,1003.78,60.24,1064.02,Issued,SampleGen
INV-d3447fd1-69c1-45d7-a348-336e61e7bc0e,ID201008,CID-053,d3447fd1-69c1-45d7-a348-336e61e7bc0e,2025-09-22,2025-10-22,1159.92,69.6,1229.52,Issued,SampleGen
INV-ef378907-70f7-4cba-9f8e-712fdad9d645,ID201009,CID-053,ef378907-70f7-4cba-9f8e-712fdad9d645,2025-10-22,2025-11-21,1679.88,100.8,1780.68,Issued,SampleGen
INV-152ce5e0-ef3b-48e3-8a54-6b9631e93432,ID201010,CID-053,152ce5e0-ef3b-48e3-8a54-6b9631e93432,2025-11-13,2025-12-13,2753.88,165.24,2919.12,Issued,SampleGen
INV-59844e3d-b0fd-4225-aaa4-3616ef691442,ID201011,CID-053,59844e3d-b0fd-4225-aaa4-3616ef691442,2025-12-05,2026-01-04,3371.82,202.32,3574.14,Issued,SampleGen
INV-f0613ffb-8fd2-4b9b-86ee-5695b2584edd,ID201012,CID-053,f0613ffb-8fd2-4b9b-86ee-5695b2584edd,2026-01-05,2026-02-04,1635.88,98.16,1734.04,Issued,SampleGen
INV-8807354f-60ad-4043-8522-875a3a119815,ID201013,CID-054,8807354f-60ad-4043-8522-875a3a119815,2025-04-18,2025-05-18,1075.88,64.56,1140.44,Issued,SampleGen
INV-baf6678e-0858-4915-9d69-c8dad6e586bd,ID201014,CID-054,baf6678e-0858-4915-9d69-c8dad6e586bd,2025-05-18,2025-06-17,1863.92,111.84,1975.76,Issued,SampleGen
INV-39b4263c-ffd4-406f-a2e2-e761b7f33ecc,ID201015,CID-054,39b4263c-ffd4-406f-a2e2-e761b7f33ecc,2025-06-14,2025-07-14,459.84,27.6,487.44,Issued,SampleGen
INV-a9e64282-e47d-4691-a521-04f1429f6b54,ID201016,CID-054,a9e64282-e47d-4691-a521-04f1429f6b54,2025-07-28,2025-08-27,2259.78,135.6,2395.38,Issued,SampleGen
INV-4b6c5dad-e27f-4c6d-89de-18d8292c63e7,ID201017,CID-054,4b6c5dad-e27f-4c6d-89de-18d8292c63e7,2025-08-13,2025-09-12,519.88,31.2,551.08,Issued,SampleGen
INV-d4cae7de-d4f4-4083-a32b-99a990951dd7,ID201018,CID-054,d4cae7de-d4f4-4083-a32b-99a990951dd7,2025-09-09,2025-10-09,903.88,54.24,958.12,Issued,SampleGen
INV-e7848175-f8bc-41b7-a634-0225f1fa23d1,ID201019,CID-054,e7848175-f8bc-41b7-a634-0225f1fa23d1,2025-11-02,2025-12-02,2119.86,127.2,2247.06,Issued,SampleGen
INV-454ed75e-6fc9-48a6-8b4c-f365707c7190,ID201020,CID-054,454ed75e-6fc9-48a6-8b4c-f365707c7190,2025-12-03,2026-01-02,1079.88,64.8,1144.68,Issued,SampleGen
INV-6f04cb85-e25a-427c-aa94-fa8584d04f87,ID201021,CID-054,6f04cb85-e25a-427c-aa94-fa8584d04f87,2026-01-31,2026-03-02,5271.84,316.32,5588.16,Issued,SampleGen
INV-dcfcfee7-a5f5-43fe-8bda-af172bd19308,ID201022,CID-054,dcfcfee7-a5f5-43fe-8bda-af172bd19308,2026-02-07,2026-03-09,2961.8,177.72,3139.52,Issued,SampleGen
INV-9f382254-7397-4fd4-a5b9-a59edc017119,ID201023,CID-054,9f382254-7397-4fd4-a5b9-a59edc017119,2026-02-13,2026-03-15,477.86,28.68,506.54,Issued,SampleGen
INV-8d9ad13c-9973-4444-bfd8-49b8e03f7b34,ID201024,CID-054,8d9ad13c-9973-4444-bfd8-49b8e03f7b34,2026-03-10,2026-04-09,723.9,43.44,767.34,Issued,SampleGen
INV-4ce99829-e7ee-4e30-9fc4-cd5e6651ca6d,ID201025,CID-054,4ce99829-e7ee-4e30-9fc4-cd5e6651ca6d,2026-04-28,2026-05-28,567.9,34.08,601.98,Issued,SampleGen
INV-61f71cbd-a023-48e9-bb30-efbfe2f043d9,ID201026,CID-054,61f71cbd-a023-48e9-bb30-efbfe2f043d9,2026-04-27,2026-05-27,635.84,38.16,674.0,Issued,SampleGen
INV-1b474497-e8d3-43f6-ae31-3e4587e4b64f,ID201027,CID-055,1b474497-e8d3-43f6-ae31-3e4587e4b64f,2025-04-06,2025-05-06,6893.78,413.64,7307.42,Issued,SampleGen
INV-2805b374-37cb-4b67-b0e3-3cba40e6e27b,ID201028,CID-055,2805b374-37cb-4b67-b0e3-3cba40e6e27b,2025-08-10,2025-09-09,899.9,54.0,953.9,Issued,SampleGen
INV-a2a12fe8-2329-49e4-bd6a-0f290b1974aa,ID201029,CID-055,a2a12fe8-2329-49e4-bd6a-0f290b1974aa,2025-09-10,2025-10-10,2127.76,127.68,2255.44,Issued,SampleGen
INV-cbcf0797-07ca-45df-b624-53280508f2b7,ID201030,CID-055,cbcf0797-07ca-45df-b624-53280508f2b7,2025-10-02,2025-11-01,565.84,33.96,599.8,Issued,SampleGen
INV-23015224-b0e1-42f1-8174-3be01ca78664,ID201031,CID-055,23015224-b0e1-42f1-8174-3be01ca78664,2025-11-06,2025-12-06,1861.82,111.72,1973.54,Issued,SampleGen
INV-c17d8deb-5ab1-476a-9cd6-d8e8342e72bc,ID201032,CID-055,c17d8deb-5ab1-476a-9cd6-d8e8342e72bc,2025-12-16,2026-01-15,799.88,48.0,847.88,Issued,SampleGen
INV-2d4372b2-422d-488e-9ef1-4a65ae0d882c,ID201033,CID-055,2d4372b2-422d-488e-9ef1-4a65ae0d882c,2026-01-16,2026-02-15,1763.8,105.84,1869.64,Issued,SampleGen
INV-f24d414f-35d7-4c18-8022-d5479cdd72f1,ID201034,CID-055,f24d414f-35d7-4c18-8022-d5479cdd72f1,2026-02-06,2026-03-08,4627.82,277.68,4905.5,Issued,SampleGen
INV-20eb3b68-48e9-4f8a-b021-cbc193abf8bc,ID201035,CID-055,20eb3b68-48e9-4f8a-b021-cbc193abf8bc,2026-03-29,2026-04-28,3017.84,181.08,3198.92,Issued,SampleGen
INV-495159d9-f126-4017-be33-df2f4ad11b81,ID201036,CID-055,495159d9-f126-4017-be33-df2f4ad11b81,2026-04-02,2026-05-02,1573.74,94.44,1668.18,Issued,SampleGen
INV-f61de34e-dab5-46c4-8f24-4ae1bb0c6fb4,ID201037,CID-056,f61de34e-dab5-46c4-8f24-4ae1bb0c6fb4,2025-04-22,2025-05-22,643.86,38.64,682.5,Issued,SampleGen
INV-81ac1859-66f4-469a-b93e-ce3b3b6af358,ID201038,CID-056,81ac1859-66f4-469a-b93e-ce3b3b6af358,2025-05-02,2025-06-01,2523.74,151.44,2675.18,Issued,SampleGen
INV-ed4b1293-ecb1-47b6-8de7-71cac841adbe,ID201039,CID-056,ed4b1293-ecb1-47b6-8de7-71cac841adbe,2025-07-27,2025-08-26,2035.7,122.16,2157.86,Issued,SampleGen
INV-37d64a4a-04ef-41cd-9df3-01c713190c7c,ID201040,CID-056,37d64a4a-04ef-41cd-9df3-01c713190c7c,2025-10-01,2025-10-31,423.84,25.44,449.28,Issued,SampleGen
INV-ad67bb19-7527-4759-9c00-48bddf856c2c,ID201041,CID-056,ad67bb19-7527-4759-9c00-48bddf856c2c,2025-10-28,2025-11-27,879.88,52.8,932.68,Issued,SampleGen
INV-5e04ccd1-23ee-4046-a234-1c8a6c44648a,ID201042,CID-056,5e04ccd1-23ee-4046-a234-1c8a6c44648a,2025-11-25,2025-12-25,599.84,36.0,635.84,Issued,SampleGen
INV-15bd5795-4476-4d33-be18-aa3ef21b46e3,ID201043,CID-056,15bd5795-4476-4d33-be18-aa3ef21b46e3,2026-01-31,2026-03-02,4891.72,293.52,5185.24,Issued,SampleGen
INV-8c50e686-98a6-4d56-8050-8d302d2fbd1d,ID201044,CID-056,8c50e686-98a6-4d56-8050-8d302d2fbd1d,2026-03-06,2026-04-05,499.84,30.0,529.84,Issued,SampleGen
INV-f97ddd4c-5c84-4588-a2e8-6f7659223a29,ID201045,CID-056,f97ddd4c-5c84-4588-a2e8-6f7659223a29,2026-04-05,2026-05-05,1095.82,65.76,1161.58,Issued,SampleGen
INV-e9efbc79-9995-4f23-8e9b-92b306cc05b5,ID201046,CID-057,e9efbc79-9995-4f23-8e9b-92b306cc05b5,2025-04-14,2025-05-14,1799.84,108.0,1907.84,Issued,SampleGen
INV-1ffe310f-3517-4aa6-ac2c-8450c9f2d5db,ID201047,CID-057,1ffe310f-3517-4aa6-ac2c-8450c9f2d5db,2025-06-16,2025-07-16,2143.74,128.64,2272.38,Issued,SampleGen
INV-afd5c42c-4145-4d4d-bd2f-2ee91f5607a5,ID201048,CID-057,afd5c42c-4145-4d4d-bd2f-2ee91f5607a5,2025-07-20,2025-08-19,809.82,48.6,858.42,Issued,SampleGen
INV-1a3f3039-8f74-41bc-bfce-8973c5fccbee,ID201049,CID-057,1a3f3039-8f74-41bc-bfce-8973c5fccbee,2025-08-19,2025-09-18,1429.72,85.8,1515.52,Issued,SampleGen
INV-fa49a239-b3e4-4e56-af2d-0a9664dc1e0b,ID201050,CID-057,fa49a239-b3e4-4e56-af2d-0a9664dc1e0b,2025-11-01,2025-12-01,6815.84,408.96,7224.8,Issued,SampleGen
INV-4ad7759b-6124-4fcc-9ca4-c3688809240d,ID201051,CID-057,4ad7759b-6124-4fcc-9ca4-c3688809240d,2025-12-21,2026-01-20,687.84,41.28,729.12,Issued,SampleGen
INV-425c7dbf-4074-408f-919f-cbb1840b8a07,ID201052,CID-057,425c7dbf-4074-408f-919f-cbb1840b8a07,2026-01-30,2026-03-01,639.88,38.4,678.28,Issued,SampleGen
INV-27787e52-42de-4a7d-8365-6ef89969757c,ID201053,CID-057,27787e52-42de-4a7d-8365-6ef89969757c,2026-02-10,2026-03-12,1875.74,112.56,1988.3,Issued,SampleGen
INV-ff408531-dd32-470f-a49a-92aef1efcfd1,ID201054,CID-057,ff408531-dd32-470f-a49a-92aef1efcfd1,2026-03-07,2026-04-06,3943.76,236.64,4180.4,Issued,SampleGen
INV-70562905-5d9e-4ba2-a74b-3c9797bd2bd0,ID201055,CID-057,70562905-5d9e-4ba2-a74b-3c9797bd2bd0,2026-04-08,2026-05-08,1645.74,98.76,1744.5,Issued,SampleGen
INV-a791838f-9783-42ec-9254-7f57323ff89a,ID201056,CID-058,a791838f-9783-42ec-9254-7f57323ff89a,2025-02-26,2025-03-28,523.9,31.44,555.34,Issued,SampleGen
INV-5ad1d978-8145-4106-a6e6-fed12ed8cea2,ID201057,CID-058,5ad1d978-8145-4106-a6e6-fed12ed8cea2,2025-03-26,2025-04-25,2151.74,129.12,2280.86,Issued,SampleGen
INV-8fe6bc62-0ae6-403a-8081-514779628281,ID201058,CID-058,8fe6bc62-0ae6-403a-8081-514779628281,2025-04-19,2025-05-19,493.86,29.64,523.5,Issued,SampleGen
INV-a49cc903-b378-438d-bc60-0b235c7bf42d,ID201059,CID-058,a49cc903-b378-438d-bc60-0b235c7bf42d,2025-05-31,2025-06-30,1289.88,77.4,1367.28,Issued,SampleGen
INV-0138f606-4a61-4022-8006-a97390e989ee,ID201060,CID-058,0138f606-4a61-4022-8006-a97390e989ee,2025-06-30,2025-07-30,1955.8,117.36,2073.16,Issued,SampleGen
INV-da9f4129-bfbd-4276-afdd-9599b9ca18f3,ID201061,CID-058,da9f4129-bfbd-4276-afdd-9599b9ca18f3,2025-07-28,2025-08-27,567.9,34.08,601.98,Issued,SampleGen
INV-ac667009-308b-48e4-bcbe-864bb73d7ae9,ID201062,CID-058,ac667009-308b-48e4-bcbe-864bb73d7ae9,2025-08-16,2025-09-15,859.92,51.6,911.52,Issued,SampleGen
INV-c73f51bb-05d2-4294-8983-ea28cd7b0f8b,ID201063,CID-058,c73f51bb-05d2-4294-8983-ea28cd7b0f8b,2025-09-12,2025-10-12,2437.74,146.28,2584.02,Issued,SampleGen
INV-49c00269-009b-404b-bb95-e5b0d6fadfd3,ID201064,CID-058,49c00269-009b-404b-bb95-e5b0d6fadfd3,2025-10-23,2025-11-22,2673.76,160.44,2834.2,Issued,SampleGen
INV-57c280a9-b25b-4d13-b0c4-78ae75be8fdb,ID201065,CID-058,57c280a9-b25b-4d13-b0c4-78ae75be8fdb,2025-10-26,2025-11-25,713.88,42.84,756.72,Issued,SampleGen
INV-ca718fbd-173a-486c-8ef5-ef11caa2d44d,ID201066,CID-058,ca718fbd-173a-486c-8ef5-ef11caa2d44d,2025-11-13,2025-12-13,2487.74,149.28,2637.02,Issued,SampleGen
INV-61b34539-40a8-4c27-b2c9-96ddb419775e,ID201067,CID-058,61b34539-40a8-4c27-b2c9-96ddb419775e,2025-12-30,2026-01-29,2019.84,121.2,2141.04,Issued,SampleGen
INV-8a20eb85-d1f1-4034-a33c-4f214416cdd8,ID201068,CID-058,8a20eb85-d1f1-4034-a33c-4f214416cdd8,2025-12-19,2026-01-18,595.86,35.76,631.62,Issued,SampleGen
INV-d4f7553e-25a7-438c-be41-078ad0ded671,ID201069,CID-058,d4f7553e-25a7-438c-be41-078ad0ded671,2026-01-13,2026-02-12,5479.8,328.8,5808.6,Issued,SampleGen
INV-4122679a-cc3c-4c6f-85aa-ccfa963359ce,ID201070,CID-058,4122679a-cc3c-4c6f-85aa-ccfa963359ce,2026-01-25,2026-02-24,3605.86,216.36,3822.22,Issued,SampleGen
INV-308213f5-25e7-4d8a-9e2f-cc1176777ace,ID201071,CID-058,308213f5-25e7-4d8a-9e2f-cc1176777ace,2026-02-14,2026-03-16,1059.82,63.6,1123.42,Issued,SampleGen
INV-2d9548ed-8a3d-4d3b-a6ab-36b7f10c7574,ID201072,CID-058,2d9548ed-8a3d-4d3b-a6ab-36b7f10c7574,2026-03-01,2026-03-31,5167.78,310.08,5477.86,Issued,SampleGen
INV-1f124dc3-344b-4ee0-9e58-373830170cb9,ID201073,CID-058,1f124dc3-344b-4ee0-9e58-373830170cb9,2026-03-28,2026-04-27,2393.76,143.64,2537.4,Issued,SampleGen
INV-b9d0d54e-19dc-4c0d-a87a-a0856e14e791,ID201074,CID-058,b9d0d54e-19dc-4c0d-a87a-a0856e14e791,2026-03-31,2026-04-30,2047.8,122.88,2170.68,Issued,SampleGen
INV-81b8848e-8917-498e-8cf8-01c70a838bab,ID201075,CID-058,81b8848e-8917-498e-8cf8-01c70a838bab,2026-05-01,2026-05-31,1083.8,65.04,1148.84,Issued,SampleGen
INV-6d492e6c-fad7-40f3-beaa-66de948d703c,ID201076,CID-058,6d492e6c-fad7-40f3-beaa-66de948d703c,2026-04-12,2026-05-12,3075.86,184.56,3260.42,Issued,SampleGen
INV-c644de0b-e4f6-4841-b61e-2f52ebc057a1,ID201077,CID-059,c644de0b-e4f6-4841-b61e-2f52ebc057a1,2025-01-18,2025-02-17,3141.76,188.52,3330.28,Issued,SampleGen
INV-e66563e8-5729-4006-a82f-b9391f4717e8,ID201078,CID-059,e66563e8-5729-4006-a82f-b9391f4717e8,2025-02-09,2025-03-11,1513.8,90.84,1604.64,Issued,SampleGen
INV-839df000-279a-425f-bd2b-6301299ffd1f,ID201079,CID-059,839df000-279a-425f-bd2b-6301299ffd1f,2025-03-15,2025-04-14,1887.82,113.28,2001.1,Issued,SampleGen
INV-d41235e2-edae-45c9-a198-3ccdd58ce8c2,ID201080,CID-059,d41235e2-edae-45c9-a198-3ccdd58ce8c2,2025-04-24,2025-05-24,2061.78,123.72,2185.5,Issued,SampleGen
INV-421178b8-bc4a-46c5-85d7-fb9571190ad2,ID201081,CID-059,421178b8-bc4a-46c5-85d7-fb9571190ad2,2025-05-26,2025-06-25,343.92,20.64,364.56,Issued,SampleGen
INV-7421b3d1-c538-4a24-bdac-f0362fe8d375,ID201082,CID-059,7421b3d1-c538-4a24-bdac-f0362fe8d375,2025-06-25,2025-07-25,887.8,53.28,941.08,Issued,SampleGen
INV-a664b453-d128-4c6b-a84f-b7253f46f994,ID201083,CID-059,a664b453-d128-4c6b-a84f-b7253f46f994,2025-07-24,2025-08-23,1343.7,80.64,1424.34,Issued,SampleGen
INV-6e31dea5-4662-47e1-85bf-cd8c17bf452c,ID201084,CID-059,6e31dea5-4662-47e1-85bf-cd8c17bf452c,2025-08-06,2025-09-05,771.76,46.32,818.08,Issued,SampleGen
INV-a4d47882-ce7f-4854-a84a-5cca6ab7b54f,ID201085,CID-059,a4d47882-ce7f-4854-a84a-5cca6ab7b54f,2025-08-13,2025-09-12,3275.86,196.56,3472.42,Issued,SampleGen
INV-98996bf7-516c-4434-83cc-b8eaee9c5037,ID201086,CID-059,98996bf7-516c-4434-83cc-b8eaee9c5037,2025-10-01,2025-10-31,4283.84,257.04,4540.88,Issued,SampleGen
INV-04155810-369b-40d9-adb6-4f5abd2b10c1,ID201087,CID-059,04155810-369b-40d9-adb6-4f5abd2b10c1,2025-10-30,2025-11-29,3675.86,220.56,3896.42,Issued,SampleGen
INV-e8cffdd6-55d0-413d-886f-b7acb5fd2f53,ID201088,CID-059,e8cffdd6-55d0-413d-886f-b7acb5fd2f53,2025-10-18,2025-11-17,759.78,45.6,805.38,Issued,SampleGen
INV-3472c96c-bab5-491d-aacf-580c7c81483f,ID201089,CID-059,3472c96c-bab5-491d-aacf-580c7c81483f,2025-11-10,2025-12-10,473.88,28.44,502.32,Issued,SampleGen
INV-912f2c91-69c9-47cc-912d-52ff02ff6ea7,ID201090,CID-059,912f2c91-69c9-47cc-912d-52ff02ff6ea7,2025-11-05,2025-12-05,5377.72,322.68,5700.4,Issued,SampleGen
INV-3d10353d-2822-4c34-a4ad-39b7de41befd,ID201091,CID-059,3d10353d-2822-4c34-a4ad-39b7de41befd,2025-12-04,2026-01-03,2151.84,129.12,2280.96,Issued,SampleGen
INV-9d31eede-9995-4850-8037-de9b559940b0,ID201092,CID-059,9d31eede-9995-4850-8037-de9b559940b0,2025-12-11,2026-01-10,2133.82,128.04,2261.86,Issued,SampleGen
INV-1b7168c2-d7e7-4781-becb-9889076d34b6,ID201093,CID-059,1b7168c2-d7e7-4781-becb-9889076d34b6,2026-01-28,2026-02-27,1231.8,73.92,1305.72,Issued,SampleGen
INV-f74e3aec-5500-43ec-b015-003257528c3e,ID201094,CID-059,f74e3aec-5500-43ec-b015-003257528c3e,2026-01-07,2026-02-06,3063.76,183.84,3247.6,Issued,SampleGen
INV-9412c041-c6c6-464d-a7e2-65bd5edd61d1,ID201095,CID-059,9412c041-c6c6-464d-a7e2-65bd5edd61d1,2026-03-01,2026-03-31,1383.82,83.04,1466.86,Issued,SampleGen
INV-ecf0952d-e239-4ca9-8a42-1de1d02bf31d,ID201096,CID-059,ecf0952d-e239-4ca9-8a42-1de1d02bf31d,2026-02-18,2026-03-20,4525.74,271.56,4797.3,Issued,SampleGen
INV-ce5c32a3-324e-4d36-a4a7-e7d857443294,ID201097,CID-059,ce5c32a3-324e-4d36-a4a7-e7d857443294,2026-03-22,2026-04-21,4521.74,271.32,4793.06,Issued,SampleGen
INV-d2504e75-c0c3-41ad-a8cf-85f4b85dd127,ID201098,CID-059,d2504e75-c0c3-41ad-a8cf-85f4b85dd127,2026-03-06,2026-04-05,577.86,34.68,612.54,Issued,SampleGen
INV-ff5568cd-5dab-49f4-80c1-f8303d2607d4,ID201099,CID-059,ff5568cd-5dab-49f4-80c1-f8303d2607d4,2026-04-16,2026-05-16,1279.9,76.8,1356.7,Issued,SampleGen
INV-bf081f00-c8b0-4618-a16c-0293a1d3a7e1,ID201100,CID-059,bf081f00-c8b0-4618-a16c-0293a1d3a7e1,2026-04-26,2026-05-26,1915.8,114.96,2030.76,Issued,SampleGen
INV-50f6d073-9354-41d6-90df-2c4ada6688ef,ID201101,CID-060,50f6d073-9354-41d6-90df-2c4ada6688ef,2025-03-29,2025-04-28,3595.78,215.76,3811.54,Issued,SampleGen
INV-ec255bac-2f2e-4a81-b123-dc1af4c92299,ID201102,CID-060,ec255bac-2f2e-4a81-b123-dc1af4c92299,2025-06-03,2025-07-03,877.82,52.68,930.5,Issued,SampleGen
INV-72301123-32e7-4a76-ad91-e03fbee08ac6,ID201103,CID-060,72301123-32e7-4a76-ad91-e03fbee08ac6,2025-07-23,2025-08-22,571.84,34.32,606.16,Issued,SampleGen
INV-17060a60-1d58-402e-8165-7fe4e2efd94f,ID201104,CID-060,17060a60-1d58-402e-8165-7fe4e2efd94f,2025-08-07,2025-09-06,2099.76,126.0,2225.76,Issued,SampleGen
INV-9636e369-100f-4484-811b-ff1a2f70cc24,ID201105,CID-060,9636e369-100f-4484-811b-ff1a2f70cc24,2025-09-23,2025-10-23,1835.92,110.16,1946.08,Issued,SampleGen
INV-f9f5add4-5879-4c15-9333-695877d4e9f2,ID201106,CID-060,f9f5add4-5879-4c15-9333-695877d4e9f2,2025-10-02,2025-11-01,3367.78,202.08,3569.86,Issued,SampleGen
INV-45ed2442-c38c-42a4-8347-647c0f3e3c80,ID201107,CID-060,45ed2442-c38c-42a4-8347-647c0f3e3c80,2025-11-23,2025-12-23,1323.9,79.44,1403.34,Issued,SampleGen
INV-e7b51918-eaca-4449-a4d8-f2145f104a94,ID201108,CID-060,e7b51918-eaca-4449-a4d8-f2145f104a94,2025-12-04,2026-01-03,3827.8,229.68,4057.48,Issued,SampleGen
INV-5cb353d8-2ac7-4cba-be4c-cd0a67d3a2cd,ID201109,CID-060,5cb353d8-2ac7-4cba-be4c-cd0a67d3a2cd,2026-01-15,2026-02-14,3867.8,232.08,4099.88,Issued,SampleGen
INV-e64cb1b9-240a-4375-9d6c-86355d2daa07,ID201110,CID-060,e64cb1b9-240a-4375-9d6c-86355d2daa07,2026-02-16,2026-03-18,4131.78,247.92,4379.7,Issued,SampleGen
INV-1fa19ab5-2b35-44bd-9f0e-ec031606a599,ID201111,CID-060,1fa19ab5-2b35-44bd-9f0e-ec031606a599,2026-03-20,2026-04-19,7095.76,425.76,7521.52,Issued,SampleGen
INV-585dedd1-dd8e-4483-93e9-04950f2f56b7,ID201112,CID-060,585dedd1-dd8e-4483-93e9-04950f2f56b7,2026-04-03,2026-05-03,2575.74,154.56,2730.3,Issued,SampleGen
INV-df343b50-063b-4377-8322-23fc325a9036,ID201113,CID-061,df343b50-063b-4377-8322-23fc325a9036,2025-01-09,2025-02-08,2051.84,123.12,2174.96,Issued,SampleGen
INV-b182a7e5-22c7-48b9-b9af-bbc48745c26f,ID201114,CID-061,b182a7e5-22c7-48b9-b9af-bbc48745c26f,2025-03-27,2025-04-26,747.8,44.88,792.68,Issued,SampleGen
INV-55fb18a3-8ba6-48cb-8812-eade2712a52c,ID201115,CID-061,55fb18a3-8ba6-48cb-8812-eade2712a52c,2025-06-04,2025-07-04,3373.74,202.44,3576.18,Issued,SampleGen
INV-a7a8abd9-13cb-433f-8abe-481a196c9cbc,ID201116,CID-061,a7a8abd9-13cb-433f-8abe-481a196c9cbc,2025-07-21,2025-08-20,965.84,57.96,1023.8,Issued,SampleGen
INV-b7ecb8b2-bf82-4fb2-b156-d2760da53e5b,ID201117,CID-061,b7ecb8b2-bf82-4fb2-b156-d2760da53e5b,2025-08-26,2025-09-25,1383.78,83.04,1466.82,Issued,SampleGen
INV-b72cef92-56ad-465d-9137-079284fc1cd2,ID201118,CID-061,b72cef92-56ad-465d-9137-079284fc1cd2,2025-09-16,2025-10-16,473.88,28.44,502.32,Issued,SampleGen
INV-43508861-0f0f-4deb-8a27-7f8d0eb69f89,ID201119,CID-061,43508861-0f0f-4deb-8a27-7f8d0eb69f89,2025-10-09,2025-11-08,3215.76,192.96,3408.72,Issued,SampleGen
INV-09e7b3f7-a47a-46d4-afd6-5256e16dc083,ID201120,CID-061,09e7b3f7-a47a-46d4-afd6-5256e16dc083,2025-11-14,2025-12-14,655.9,39.36,695.26,Issued,SampleGen
INV-9d96f480-5934-4e96-aa63-c98b10388728,ID201121,CID-061,9d96f480-5934-4e96-aa63-c98b10388728,2025-12-03,2026-01-02,1887.84,113.28,2001.12,Issued,SampleGen
INV-35e8a08e-3b6c-4bf1-a353-77cac3dc486e,ID201122,CID-061,35e8a08e-3b6c-4bf1-a353-77cac3dc486e,2026-01-12,2026-02-11,3671.84,220.32,3892.16,Issued,SampleGen
INV-2bcd152e-cd49-404b-8b99-a4cb1df2c382,ID201123,CID-061,2bcd152e-cd49-404b-8b99-a4cb1df2c382,2026-02-05,2026-03-07,3329.72,199.8,3529.52,Issued,SampleGen
INV-a93e150c-57fa-43ce-b1e6-37d39027e73d,ID201124,CID-061,a93e150c-57fa-43ce-b1e6-37d39027e73d,2026-03-15,2026-04-14,699.86,42.0,741.86,Issued,SampleGen
INV-b7e1e89f-3e11-44e8-a090-dc393f8a5932,ID201125,CID-061,b7e1e89f-3e11-44e8-a090-dc393f8a5932,2026-04-07,2026-05-07,2063.92,123.84,2187.76,Issued,SampleGen
INV-67cbb2b6-07d3-463e-9717-3b844d24669d,ID201126,CID-062,67cbb2b6-07d3-463e-9717-3b844d24669d,2025-01-26,2025-02-25,4627.74,277.68,4905.42,Issued,SampleGen
INV-e9e66f83-9642-413c-83f9-7179059f822d,ID201127,CID-062,e9e66f83-9642-413c-83f9-7179059f822d,2025-02-15,2025-03-17,1643.82,98.64,1742.46,Issued,SampleGen
INV-e6d861aa-a922-45a4-87ac-ffa18054f2bd,ID201128,CID-062,e6d861aa-a922-45a4-87ac-ffa18054f2bd,2025-03-16,2025-04-15,819.86,49.2,869.06,Issued,SampleGen
INV-2247949f-a881-4db5-92c5-fafa6f4c534a,ID201129,CID-062,2247949f-a881-4db5-92c5-fafa6f4c534a,2025-04-18,2025-05-18,959.82,57.6,1017.42,Issued,SampleGen
INV-ce8577d5-4a69-41cc-98c3-846ee4ce37e5,ID201130,CID-062,ce8577d5-4a69-41cc-98c3-846ee4ce37e5,2025-05-23,2025-06-22,1603.8,96.24,1700.04,Issued,SampleGen
INV-7483eb9c-a285-4d02-a76f-e6679e21f67d,ID201131,CID-062,7483eb9c-a285-4d02-a76f-e6679e21f67d,2025-06-20,2025-07-20,3805.78,228.36,4034.14,Issued,SampleGen
INV-bf8349e2-0816-4485-b3f2-ace24a0c5f20,ID201132,CID-062,bf8349e2-0816-4485-b3f2-ace24a0c5f20,2025-07-31,2025-08-30,1735.84,104.16,1840.0,Issued,SampleGen
INV-759d7e15-ee95-41f1-bc2b-a60a9d9e0d84,ID201133,CID-062,759d7e15-ee95-41f1-bc2b-a60a9d9e0d84,2025-08-15,2025-09-14,1693.86,101.64,1795.5,Issued,SampleGen
INV-e82e7594-879c-455c-87c8-8cc3708c9344,ID201134,CID-062,e82e7594-879c-455c-87c8-8cc3708c9344,2025-08-03,2025-09-02,1197.8,71.88,1269.68,Issued,SampleGen
INV-1db58947-f42f-435a-a9e8-b33cd61d32b2,ID201135,CID-062,1db58947-f42f-435a-a9e8-b33cd61d32b2,2025-09-06,2025-10-06,759.82,45.6,805.42,Issued,SampleGen
INV-eda6e8a5-e5cd-4b3f-896e-5d09081c08ca,ID201136,CID-062,eda6e8a5-e5cd-4b3f-896e-5d09081c08ca,2025-10-13,2025-11-12,429.86,25.8,455.66,Issued,SampleGen
INV-d1cb73a7-10d8-4c36-b137-993c86eda883,ID201137,CID-062,d1cb73a7-10d8-4c36-b137-993c86eda883,2025-10-06,2025-11-05,2023.88,121.44,2145.32,Issued,SampleGen
INV-d87ab433-d6f1-4616-819c-ce4ca927ce31,ID201138,CID-062,d87ab433-d6f1-4616-819c-ce4ca927ce31,2025-11-28,2025-12-28,2911.84,174.72,3086.56,Issued,SampleGen
INV-9abdda2b-f7cc-4082-93dc-a72ef3c428d6,ID201139,CID-062,9abdda2b-f7cc-4082-93dc-a72ef3c428d6,2025-11-20,2025-12-20,2065.76,123.96,2189.72,Issued,SampleGen
INV-9cd81cb7-121a-4547-b3ad-76aaf648dcb9,ID201140,CID-062,9cd81cb7-121a-4547-b3ad-76aaf648dcb9,2025-12-14,2026-01-13,415.88,24.96,440.84,Issued,SampleGen
INV-307e3556-04c3-4581-8993-1f70082a54c9,ID201141,CID-062,307e3556-04c3-4581-8993-1f70082a54c9,2025-12-25,2026-01-24,1167.8,70.08,1237.88,Issued,SampleGen
INV-4e737eea-83e2-4479-b567-afe6a4d6ae6d,ID201142,CID-062,4e737eea-83e2-4479-b567-afe6a4d6ae6d,2026-01-28,2026-02-27,491.92,29.52,521.44,Issued,SampleGen
INV-7fe4f9ab-cd02-46f5-b15f-602253bd147c,ID201143,CID-062,7fe4f9ab-cd02-46f5-b15f-602253bd147c,2026-01-11,2026-02-10,631.84,37.92,669.76,Issued,SampleGen
INV-13fd743f-e95d-41ac-bdca-5746aaea2d5b,ID201144,CID-062,13fd743f-e95d-41ac-bdca-5746aaea2d5b,2026-02-15,2026-03-17,3679.88,220.8,3900.68,Issued,SampleGen
INV-18cb6d45-76a6-4e94-bd16-bc096cc2c638,ID201145,CID-062,18cb6d45-76a6-4e94-bd16-bc096cc2c638,2026-02-03,2026-03-05,2727.8,163.68,2891.48,Issued,SampleGen
INV-f1fabb89-3fdb-4810-afa1-093f8cb19c73,ID201146,CID-062,f1fabb89-3fdb-4810-afa1-093f8cb19c73,2026-03-07,2026-04-06,1499.9,90.0,1589.9,Issued,SampleGen
INV-6a4dd539-b78c-4daa-a368-029f492c3aa6,ID201147,CID-062,6a4dd539-b78c-4daa-a368-029f492c3aa6,2026-03-14,2026-04-13,291.92,17.52,309.44,Issued,SampleGen
INV-1ad43a04-9189-4b9c-9bcd-d0dec7cd1232,ID201148,CID-062,1ad43a04-9189-4b9c-9bcd-d0dec7cd1232,2026-04-13,2026-05-13,1347.76,80.88,1428.64,Issued,SampleGen
INV-09aeba9e-9594-4ae2-9d52-441137efa269,ID201149,CID-062,09aeba9e-9594-4ae2-9d52-441137efa269,2026-04-05,2026-05-05,5283.7,317.04,5600.74,Issued,SampleGen
INV-519e0633-45c9-48cb-965c-c4a8e61f196a,ID201150,CID-063,519e0633-45c9-48cb-965c-c4a8e61f196a,2025-01-19,2025-02-18,4667.84,280.08,4947.92,Issued,SampleGen
INV-b5cad529-6d5f-4e6f-9101-43c75636c771,ID201151,CID-063,b5cad529-6d5f-4e6f-9101-43c75636c771,2025-02-19,2025-03-21,2895.76,173.76,3069.52,Issued,SampleGen
INV-07d6d833-9fda-4b9d-9423-67e32958b38f,ID201152,CID-063,07d6d833-9fda-4b9d-9423-67e32958b38f,2025-02-05,2025-03-07,2675.88,160.56,2836.44,Issued,SampleGen
INV-82f764ea-c331-4511-9bd8-e5c564dfbedd,ID201153,CID-063,82f764ea-c331-4511-9bd8-e5c564dfbedd,2025-03-06,2025-04-05,3775.84,226.56,4002.4,Issued,SampleGen
INV-e08598d6-3500-4ed3-b2d8-deb5b2f5eace,ID201154,CID-063,e08598d6-3500-4ed3-b2d8-deb5b2f5eace,2025-03-30,2025-04-29,2155.72,129.36,2285.08,Issued,SampleGen
INV-e0422720-2387-47ff-adb4-ce4405c3fc56,ID201155,CID-063,e0422720-2387-47ff-adb4-ce4405c3fc56,2025-04-24,2025-05-24,1403.82,84.24,1488.06,Issued,SampleGen
INV-7e37ce38-7db7-4787-86d3-f0b3fc420e41,ID201156,CID-063,7e37ce38-7db7-4787-86d3-f0b3fc420e41,2025-04-21,2025-05-21,437.9,26.28,464.18,Issued,SampleGen
INV-7e23a416-4e72-4346-80ca-a0effeab91b4,ID201157,CID-063,7e23a416-4e72-4346-80ca-a0effeab91b4,2025-05-02,2025-06-01,5215.72,312.96,5528.68,Issued,SampleGen
INV-f79bf038-baea-44dd-b114-d6d1f44bc1ee,ID201158,CID-063,f79bf038-baea-44dd-b114-d6d1f44bc1ee,2025-05-23,2025-06-22,4691.74,281.52,4973.26,Issued,SampleGen
INV-a6820096-51a8-430d-8af8-640ad4ceba1c,ID201159,CID-063,a6820096-51a8-430d-8af8-640ad4ceba1c,2025-05-30,2025-06-29,2363.72,141.84,2505.56,Issued,SampleGen
INV-718144b9-6b84-4c15-be28-c3bac24cf8b5,ID201160,CID-063,718144b9-6b84-4c15-be28-c3bac24cf8b5,2025-06-08,2025-07-08,5707.74,342.48,6050.22,Issued,SampleGen
INV-612ceb22-6ded-4f79-ade1-8736cc219324,ID201161,CID-063,612ceb22-6ded-4f79-ade1-8736cc219324,2025-06-07,2025-07-07,413.86,24.84,438.7,Issued,SampleGen
INV-f6000db1-ed39-4e6f-a94e-2de6a4e3f010,ID201162,CID-063,f6000db1-ed39-4e6f-a94e-2de6a4e3f010,2025-07-14,2025-08-13,911.84,54.72,966.56,Issued,SampleGen
INV-8c04fabc-0969-4b16-8adf-b3feced4e03d,ID201163,CID-063,8c04fabc-0969-4b16-8adf-b3feced4e03d,2025-07-11,2025-08-10,727.8,43.68,771.48,Issued,SampleGen
INV-1b782bf6-4187-40d3-92ba-c5667e845c8a,ID201164,CID-063,1b782bf6-4187-40d3-92ba-c5667e845c8a,2025-07-22,2025-08-21,3195.74,191.76,3387.5,Issued,SampleGen
INV-95610069-cd2d-4f02-8074-1da8de8cf8d7,ID201165,CID-063,95610069-cd2d-4f02-8074-1da8de8cf8d7,2025-08-05,2025-09-04,983.84,59.04,1042.88,Issued,SampleGen
INV-b665404a-186d-48ad-8716-1babf4096d06,ID201166,CID-063,b665404a-186d-48ad-8716-1babf4096d06,2025-08-06,2025-09-05,2163.72,129.84,2293.56,Issued,SampleGen
INV-abe63ad5-a9d6-4eff-b411-36e0823b0aa3,ID201167,CID-063,abe63ad5-a9d6-4eff-b411-36e0823b0aa3,2025-08-13,2025-09-12,1985.86,119.16,2105.02,Issued,SampleGen
INV-478b284a-aad8-4923-9859-47b6a23e6775,ID201168,CID-063,478b284a-aad8-4923-9859-47b6a23e6775,2025-09-20,2025-10-20,543.92,32.64,576.56,Issued,SampleGen
INV-c3c7c42a-f91c-49e9-8cd7-1093cfea2777,ID201169,CID-063,c3c7c42a-f91c-49e9-8cd7-1093cfea2777,2025-09-10,2025-10-10,2655.82,159.36,2815.18,Issued,SampleGen
INV-ad84304c-814f-46ed-9a91-4b92ead5126b,ID201170,CID-063,ad84304c-814f-46ed-9a91-4b92ead5126b,2025-09-02,2025-10-02,4197.74,251.88,4449.62,Issued,SampleGen
INV-bd560bb3-1f5f-481f-8cfc-fad6678cb1b3,ID201171,CID-063,bd560bb3-1f5f-481f-8cfc-fad6678cb1b3,2025-09-03,2025-10-03,3163.74,189.84,3353.58,Issued,SampleGen
INV-6ee0c069-6a22-4c6a-aba5-2305988e523b,ID201172,CID-063,6ee0c069-6a22-4c6a-aba5-2305988e523b,2025-10-05,2025-11-04,1039.9,62.4,1102.3,Issued,SampleGen
INV-5b38579d-bdc7-4817-a47e-3436759bbd66,ID201173,CID-063,5b38579d-bdc7-4817-a47e-3436759bbd66,2025-10-15,2025-11-14,2179.82,130.8,2310.62,Issued,SampleGen
INV-d1e37204-a2bf-442f-a7af-e638744f376e,ID201174,CID-063,d1e37204-a2bf-442f-a7af-e638744f376e,2025-10-03,2025-11-02,4267.7,256.08,4523.78,Issued,SampleGen
INV-1fe75144-5f56-498f-b34b-9a1b812de260,ID201175,CID-063,1fe75144-5f56-498f-b34b-9a1b812de260,2025-11-29,2025-12-29,1337.78,80.28,1418.06,Issued,SampleGen
INV-1399bbb5-4e4a-4987-a954-0ce269779f28,ID201176,CID-063,1399bbb5-4e4a-4987-a954-0ce269779f28,2025-11-17,2025-12-17,1175.84,70.56,1246.4,Issued,SampleGen
INV-1bbc960d-dac4-4b91-8332-ba1b49d85f33,ID201177,CID-063,1bbc960d-dac4-4b91-8332-ba1b49d85f33,2025-11-06,2025-12-06,3495.84,209.76,3705.6,Issued,SampleGen
INV-8a0fc65f-0940-4c35-ba91-acaff2f339fe,ID201178,CID-063,8a0fc65f-0940-4c35-ba91-acaff2f339fe,2025-11-21,2025-12-21,953.76,57.24,1011.0,Issued,SampleGen
INV-bffd2461-e60d-4900-a0ea-121e9f916f5b,ID201179,CID-063,bffd2461-e60d-4900-a0ea-121e9f916f5b,2025-12-04,2026-01-03,1037.86,62.28,1100.14,Issued,SampleGen
INV-ba627434-ce63-402f-aac1-babafa7901cc,ID201180,CID-063,ba627434-ce63-402f-aac1-babafa7901cc,2025-12-18,2026-01-17,1969.8,118.2,2088.0,Issued,SampleGen
INV-f1ac1a8b-a616-4ece-84ab-e4c7c5294d00,ID201181,CID-063,f1ac1a8b-a616-4ece-84ab-e4c7c5294d00,2025-12-28,2026-01-27,1307.86,78.48,1386.34,Issued,SampleGen
INV-110bb415-83f7-45e9-9a92-96a51f01ae13,ID201182,CID-063,110bb415-83f7-45e9-9a92-96a51f01ae13,2025-12-20,2026-01-19,4551.76,273.12,4824.88,Issued,SampleGen
INV-f000c287-f521-44bb-954c-b54ef0d01b28,ID201183,CID-063,f000c287-f521-44bb-954c-b54ef0d01b28,2026-01-11,2026-02-10,1983.88,119.04,2102.92,Issued,SampleGen
INV-89d063a5-ba1b-43d9-8f19-0ca151bc63b4,ID201184,CID-063,89d063a5-ba1b-43d9-8f19-0ca151bc63b4,2026-01-18,2026-02-17,389.82,23.4,413.22,Issued,SampleGen
INV-d16b8933-239d-44c9-a3dc-b5bbab54c1c4,ID201185,CID-063,d16b8933-239d-44c9-a3dc-b5bbab54c1c4,2026-01-28,2026-02-27,727.88,43.68,771.56,Issued,SampleGen
INV-b0eb3fb9-907f-4273-9d29-94661520a746,ID201186,CID-063,b0eb3fb9-907f-4273-9d29-94661520a746,2026-01-21,2026-02-20,1075.82,64.56,1140.38,Issued,SampleGen
INV-8dfc5c76-389a-4df4-ac9f-0d72da46c00f,ID201187,CID-063,8dfc5c76-389a-4df4-ac9f-0d72da46c00f,2026-02-16,2026-03-18,3099.78,186.0,3285.78,Issued,SampleGen
INV-665bb533-d957-43aa-ab0e-b734e87e3e30,ID201188,CID-063,665bb533-d957-43aa-ab0e-b734e87e3e30,2026-02-16,2026-03-18,379.88,22.8,402.68,Issued,SampleGen
INV-65a0d748-7b1e-40b4-8d3d-d788e4c2eeee,ID201189,CID-063,65a0d748-7b1e-40b4-8d3d-d788e4c2eeee,2026-02-28,2026-03-30,4259.82,255.6,4515.42,Issued,SampleGen
INV-22bce168-cbd7-451b-8562-c0ee42bbdefc,ID201190,CID-063,22bce168-cbd7-451b-8562-c0ee42bbdefc,2026-02-19,2026-03-21,911.76,54.72,966.48,Issued,SampleGen
INV-6b13aead-8b9f-477f-9e4d-af103b0a0b70,ID201191,CID-063,6b13aead-8b9f-477f-9e4d-af103b0a0b70,2026-03-16,2026-04-15,947.88,56.88,1004.76,Issued,SampleGen
INV-9bdc4f04-fb93-43e6-800f-71f6b29aeeee,ID201192,CID-063,9bdc4f04-fb93-43e6-800f-71f6b29aeeee,2026-03-09,2026-04-08,975.78,58.56,1034.34,Issued,SampleGen
INV-5af2f6c3-327b-4713-b1bd-8b90bd445fd4,ID201193,CID-063,5af2f6c3-327b-4713-b1bd-8b90bd445fd4,2026-03-14,2026-04-13,2579.88,154.8,2734.68,Issued,SampleGen
INV-2271bd28-b133-441f-9e5c-1a622d282fa0,ID201194,CID-063,2271bd28-b133-441f-9e5c-1a622d282fa0,2026-03-24,2026-04-23,1963.78,117.84,2081.62,Issued,SampleGen
INV-90dec2ee-56c6-47f8-a3b3-04ce19297cde,ID201195,CID-063,90dec2ee-56c6-47f8-a3b3-04ce19297cde,2026-04-29,2026-05-29,259.92,15.6,275.52,Issued,SampleGen
INV-e5267368-0a0e-43be-abdb-7df21ebf2da4,ID201196,CID-063,e5267368-0a0e-43be-abdb-7df21ebf2da4,2026-04-03,2026-05-03,2063.84,123.84,2187.68,Issued,SampleGen
INV-3acdcfb8-eb81-4832-b868-5ea05f5bdca9,ID201197,CID-063,3acdcfb8-eb81-4832-b868-5ea05f5bdca9,2026-04-16,2026-05-16,5111.88,306.72,5418.6,Issued,SampleGen
INV-0c698226-b719-4e30-8028-830b6dc489a7,ID201198,CID-063,0c698226-b719-4e30-8028-830b6dc489a7,2026-04-23,2026-05-23,381.9,22.92,404.82,Issued,SampleGen
INV-9c01ad0e-8e3e-4263-9e1e-3ae16011a47b,ID201199,CID-064,9c01ad0e-8e3e-4263-9e1e-3ae16011a47b,2025-03-02,2025-04-01,543.92,32.64,576.56,Issued,SampleGen
INV-89afa939-b660-4427-a2c9-2fd90cf7ca72,ID201200,CID-064,89afa939-b660-4427-a2c9-2fd90cf7ca72,2025-04-08,2025-05-08,4707.74,282.48,4990.22,Issued,SampleGen
INV-b10ceaad-d6a0-43c7-828e-6b3f8023cf7a,ID201201,CID-064,b10ceaad-d6a0-43c7-828e-6b3f8023cf7a,2025-05-19,2025-06-18,703.88,42.24,746.12,Issued,SampleGen
INV-10e5a64e-47d1-45e0-96f0-797b8ccd023b,ID201202,CID-064,10e5a64e-47d1-45e0-96f0-797b8ccd023b,2025-06-05,2025-07-05,299.92,18.0,317.92,Issued,SampleGen
INV-c6386445-a0ee-4608-bbe9-14d82d94ace6,ID201203,CID-064,c6386445-a0ee-4608-bbe9-14d82d94ace6,2025-08-29,2025-09-28,1603.82,96.24,1700.06,Issued,SampleGen
INV-7c6b9b00-808a-4dfe-bd2b-12343e543847,ID201204,CID-064,7c6b9b00-808a-4dfe-bd2b-12343e543847,2025-09-22,2025-10-22,1299.9,78.0,1377.9,Issued,SampleGen
INV-c989e4bd-0008-4fc8-a7a5-1ab92d5541bd,ID201205,CID-064,c989e4bd-0008-4fc8-a7a5-1ab92d5541bd,2025-12-18,2026-01-17,4347.78,260.88,4608.66,Issued,SampleGen
INV-567eb18f-04d9-4083-bbd1-2d0a7d92b734,ID201206,CID-064,567eb18f-04d9-4083-bbd1-2d0a7d92b734,2026-01-18,2026-02-17,1759.86,105.6,1865.46,Issued,SampleGen
INV-08bd448a-316c-42de-bdfe-f8b7694a5ed2,ID201207,CID-064,08bd448a-316c-42de-bdfe-f8b7694a5ed2,2026-02-25,2026-03-27,2995.74,179.76,3175.5,Issued,SampleGen
INV-05d7b57f-6dae-4ccd-b300-557ea087e0bd,ID201208,CID-064,05d7b57f-6dae-4ccd-b300-557ea087e0bd,2026-03-28,2026-04-27,455.92,27.36,483.28,Issued,SampleGen
INV-abe05b73-24b8-49ce-9812-7b592d739433,ID201209,CID-064,abe05b73-24b8-49ce-9812-7b592d739433,2026-05-01,2026-05-31,6271.8,376.32,6648.12,Issued,SampleGen
INV-fc4f7b63-b15f-4494-8f87-eef96199acdb,ID201210,CID-064,fc4f7b63-b15f-4494-8f87-eef96199acdb,2026-04-19,2026-05-19,1679.84,100.8,1780.64,Issued,SampleGen
INV-e116cfe0-1c87-43c2-88ce-bd42f1691f32,ID201211,CID-065,e116cfe0-1c87-43c2-88ce-bd42f1691f32,2025-01-28,2025-02-27,1899.9,114.0,2013.9,Issued,SampleGen
INV-c8d736dd-c0b7-4ba9-b726-4bf05faf50b2,ID201212,CID-065,c8d736dd-c0b7-4ba9-b726-4bf05faf50b2,2025-02-08,2025-03-10,391.9,23.52,415.42,Issued,SampleGen
INV-348f6a3a-082a-4c54-a635-a99c2215b9a3,ID201213,CID-065,348f6a3a-082a-4c54-a635-a99c2215b9a3,2025-03-10,2025-04-09,819.86,49.2,869.06,Issued,SampleGen
INV-b1aa9d97-be6a-40f8-b813-e5847fa94dc6,ID201214,CID-065,b1aa9d97-be6a-40f8-b813-e5847fa94dc6,2025-04-29,2025-05-29,337.9,20.28,358.18,Issued,SampleGen
INV-3ff30f59-898f-4afb-8a23-3fc6024af6d0,ID201215,CID-065,3ff30f59-898f-4afb-8a23-3fc6024af6d0,2025-05-12,2025-06-11,3775.76,226.56,4002.32,Issued,SampleGen
INV-6de3f265-fbe2-497f-bef4-b0293ca9ad55,ID201216,CID-065,6de3f265-fbe2-497f-bef4-b0293ca9ad55,2025-06-05,2025-07-05,1039.88,62.4,1102.28,Issued,SampleGen
INV-d6c9aa7f-6d43-42b8-8db7-a90441343bfd,ID201217,CID-065,d6c9aa7f-6d43-42b8-8db7-a90441343bfd,2025-06-23,2025-07-23,1627.8,97.68,1725.48,Issued,SampleGen
INV-68ad9ba8-d2bf-4ddb-90df-2dc2a40481cf,ID201218,CID-065,68ad9ba8-d2bf-4ddb-90df-2dc2a40481cf,2025-07-22,2025-08-21,2087.72,125.28,2213.0,Issued,SampleGen
INV-69d06f44-e7bb-4590-891b-b96b4501590c,ID201219,CID-065,69d06f44-e7bb-4590-891b-b96b4501590c,2025-07-15,2025-08-14,1435.84,86.16,1522.0,Issued,SampleGen
INV-3559c934-c4b2-4ac3-a498-16b460661d2d,ID201220,CID-065,3559c934-c4b2-4ac3-a498-16b460661d2d,2025-08-12,2025-09-11,1059.84,63.6,1123.44,Issued,SampleGen
INV-4c849e52-9791-4efe-9567-11771aa0b1e2,ID201221,CID-065,4c849e52-9791-4efe-9567-11771aa0b1e2,2025-08-11,2025-09-10,619.9,37.2,657.1,Issued,SampleGen
INV-fe86b998-fdf9-4282-8e39-c2b5b2994ea0,ID201222,CID-065,fe86b998-fdf9-4282-8e39-c2b5b2994ea0,2025-09-22,2025-10-22,827.84,49.68,877.52,Issued,SampleGen
INV-e6fdaf79-fb89-4df3-b779-04cac8815662,ID201223,CID-065,e6fdaf79-fb89-4df3-b779-04cac8815662,2025-09-22,2025-10-22,2047.76,122.88,2170.64,Issued,SampleGen
INV-2f6b9f18-feb7-4797-8124-eb67b468d961,ID201224,CID-065,2f6b9f18-feb7-4797-8124-eb67b468d961,2025-10-03,2025-11-02,1681.8,100.92,1782.72,Issued,SampleGen
INV-3cbc8e51-ccc7-4d30-9620-9c010ce79554,ID201225,CID-065,3cbc8e51-ccc7-4d30-9620-9c010ce79554,2025-10-09,2025-11-08,5111.88,306.72,5418.6,Issued,SampleGen
INV-9d424116-d1c9-4e4d-913a-e35b28ba81dc,ID201226,CID-065,9d424116-d1c9-4e4d-913a-e35b28ba81dc,2025-11-13,2025-12-13,971.8,58.32,1030.12,Issued,SampleGen
INV-21b07ea1-f68b-4aa2-a699-5396404f47a6,ID201227,CID-065,21b07ea1-f68b-4aa2-a699-5396404f47a6,2025-11-16,2025-12-16,799.88,48.0,847.88,Issued,SampleGen
INV-e743cb33-4bf6-47bc-9852-1fe4c36c6550,ID201228,CID-065,e743cb33-4bf6-47bc-9852-1fe4c36c6550,2026-01-01,2026-01-31,2439.76,146.4,2586.16,Issued,SampleGen
INV-c6ed71a8-9140-47ea-aa23-d00bcd9290d6,ID201229,CID-065,c6ed71a8-9140-47ea-aa23-d00bcd9290d6,2025-12-03,2026-01-02,2019.82,121.2,2141.02,Issued,SampleGen
INV-987987d1-0373-4edd-9b5f-d8009fb0b6dd,ID201230,CID-065,987987d1-0373-4edd-9b5f-d8009fb0b6dd,2026-02-01,2026-03-03,4595.78,275.76,4871.54,Issued,SampleGen
INV-608465db-8ad9-4203-904c-684cc8390b73,ID201231,CID-065,608465db-8ad9-4203-904c-684cc8390b73,2026-01-23,2026-02-22,3435.72,206.16,3641.88,Issued,SampleGen
INV-faf98416-654d-41ed-8cb3-e92d73ce4c52,ID201232,CID-065,faf98416-654d-41ed-8cb3-e92d73ce4c52,2026-01-31,2026-03-02,1615.86,96.96,1712.82,Issued,SampleGen
INV-3b01ea35-4fad-4365-ae9c-cbc392797374,ID201233,CID-065,3b01ea35-4fad-4365-ae9c-cbc392797374,2026-02-14,2026-03-16,2203.88,132.24,2336.12,Issued,SampleGen
INV-2068c54d-363e-494b-a275-ca993a2d2d25,ID201234,CID-065,2068c54d-363e-494b-a275-ca993a2d2d25,2026-02-13,2026-03-15,4877.78,292.68,5170.46,Issued,SampleGen
INV-e34877b1-33e8-41d7-b384-e0c61452ae23,ID201235,CID-065,e34877b1-33e8-41d7-b384-e0c61452ae23,2026-03-16,2026-04-15,2407.72,144.48,2552.2,Issued,SampleGen
INV-523dc890-d6ae-4e51-9eeb-e3b7cb900d1f,ID201236,CID-065,523dc890-d6ae-4e51-9eeb-e3b7cb900d1f,2026-03-13,2026-04-12,1219.82,73.2,1293.02,Issued,SampleGen
INV-1a41f490-6098-49cc-9ad7-7c330a08e059,ID201237,CID-065,1a41f490-6098-49cc-9ad7-7c330a08e059,2026-03-13,2026-04-12,4029.78,241.8,4271.58,Issued,SampleGen
INV-8dff244b-903f-42bd-8bb1-39ecde3435d5,ID201238,CID-065,8dff244b-903f-42bd-8bb1-39ecde3435d5,2026-04-29,2026-05-29,2059.86,123.6,2183.46,Issued,SampleGen
INV-f9f2e7ed-8f08-45fb-bf82-d5eb4321f8b3,ID201239,CID-065,f9f2e7ed-8f08-45fb-bf82-d5eb4321f8b3,2026-04-21,2026-05-21,923.78,55.44,979.22,Issued,SampleGen
INV-5bd34965-f25e-4a7a-a6db-ed2c272b07f2,ID201240,CID-065,5bd34965-f25e-4a7a-a6db-ed2c272b07f2,2026-04-30,2026-05-30,887.78,53.28,941.06,Issued,SampleGen
INV-4aa4b9b2-f1af-4eda-abbb-8d3956f5ce6d,ID201241,CID-065,4aa4b9b2-f1af-4eda-abbb-8d3956f5ce6d,2026-04-13,2026-05-13,2373.8,142.44,2516.24,Issued,SampleGen
INV-4e3cbce7-1d84-476d-bf2b-35404d6a54fd,ID201242,CID-066,4e3cbce7-1d84-476d-bf2b-35404d6a54fd,2025-01-09,2025-02-08,1479.88,88.8,1568.68,Issued,SampleGen
INV-a8f513ef-5901-4e99-9e5a-1f2bd968e133,ID201243,CID-066,a8f513ef-5901-4e99-9e5a-1f2bd968e133,2025-03-01,2025-03-31,4047.76,242.88,4290.64,Issued,SampleGen
INV-b5b54b43-e68c-4071-be23-e37c018db87b,ID201244,CID-066,b5b54b43-e68c-4071-be23-e37c018db87b,2025-03-25,2025-04-24,2723.7,163.44,2887.14,Issued,SampleGen
INV-f59ac02a-70aa-4636-ae17-166cdf0516d9,ID201245,CID-066,f59ac02a-70aa-4636-ae17-166cdf0516d9,2025-04-05,2025-05-05,2149.82,129.0,2278.82,Issued,SampleGen
INV-c29ff344-15ad-441a-92e6-f05cb45aeb0a,ID201246,CID-066,c29ff344-15ad-441a-92e6-f05cb45aeb0a,2025-05-31,2025-06-30,1927.82,115.68,2043.5,Issued,SampleGen
INV-abe1f29f-bb42-4b0d-929c-574b3e07182d,ID201247,CID-066,abe1f29f-bb42-4b0d-929c-574b3e07182d,2025-06-04,2025-07-04,1843.78,110.64,1954.42,Issued,SampleGen
INV-eea69338-daee-45d3-8e08-dfb0bd93c8a5,ID201248,CID-066,eea69338-daee-45d3-8e08-dfb0bd93c8a5,2025-07-21,2025-08-20,1289.88,77.4,1367.28,Issued,SampleGen
INV-448c5947-3572-4107-a296-408ca84356a6,ID201249,CID-066,448c5947-3572-4107-a296-408ca84356a6,2025-08-18,2025-09-17,839.76,50.4,890.16,Issued,SampleGen
INV-85f3be52-504c-40a8-b471-73596ce46c46,ID201250,CID-066,85f3be52-504c-40a8-b471-73596ce46c46,2025-09-24,2025-10-24,3117.8,187.08,3304.88,Issued,SampleGen
INV-5b30ba81-2d5e-4d8c-81e0-7a5eb3bc1418,ID201251,CID-066,5b30ba81-2d5e-4d8c-81e0-7a5eb3bc1418,2025-09-14,2025-10-14,2963.88,177.84,3141.72,Issued,SampleGen
INV-850b80a8-7e5b-4023-939a-013dcd01fdd3,ID201252,CID-066,850b80a8-7e5b-4023-939a-013dcd01fdd3,2025-10-06,2025-11-05,797.86,47.88,845.74,Issued,SampleGen
INV-13d3eaaf-1ac6-4349-8a58-928c0f775c98,ID201253,CID-066,13d3eaaf-1ac6-4349-8a58-928c0f775c98,2025-10-03,2025-11-02,3959.76,237.6,4197.36,Issued,SampleGen
INV-9f5e1145-e0b6-428a-87a0-f0b8b525e378,ID201254,CID-066,9f5e1145-e0b6-428a-87a0-f0b8b525e378,2025-11-25,2025-12-25,1031.92,61.92,1093.84,Issued,SampleGen
INV-948e047b-a107-4afc-aa2c-e8b0fd779535,ID201255,CID-066,948e047b-a107-4afc-aa2c-e8b0fd779535,2025-11-19,2025-12-19,1891.7,113.52,2005.22,Issued,SampleGen
INV-c330f13c-2e4e-4aae-bb57-9adbee57bdd5,ID201256,CID-066,c330f13c-2e4e-4aae-bb57-9adbee57bdd5,2025-12-15,2026-01-14,5031.72,301.92,5333.64,Issued,SampleGen
INV-fdb7c0f7-8ae0-4de9-890b-384e5d2b803c,ID201257,CID-066,fdb7c0f7-8ae0-4de9-890b-384e5d2b803c,2025-12-24,2026-01-23,1443.84,86.64,1530.48,Issued,SampleGen
INV-3cb54804-b3e2-4112-8580-b808ac137be9,ID201258,CID-066,3cb54804-b3e2-4112-8580-b808ac137be9,2026-01-19,2026-02-18,4075.86,244.56,4320.42,Issued,SampleGen
INV-949274ee-21c3-4cb6-8d7f-4262c032e577,ID201259,CID-066,949274ee-21c3-4cb6-8d7f-4262c032e577,2026-01-11,2026-02-10,1831.84,109.92,1941.76,Issued,SampleGen
INV-1b85e34d-87e5-4b33-a463-69c6e7e75941,ID201260,CID-066,1b85e34d-87e5-4b33-a463-69c6e7e75941,2026-02-19,2026-03-21,803.86,48.24,852.1,Issued,SampleGen
INV-499a1134-66a7-4a8a-8ea6-c69e76fdc524,ID201261,CID-066,499a1134-66a7-4a8a-8ea6-c69e76fdc524,2026-02-02,2026-03-04,3459.78,207.6,3667.38,Issued,SampleGen
INV-181df97a-2a54-416c-a869-453f179b48b0,ID201262,CID-066,181df97a-2a54-416c-a869-453f179b48b0,2026-03-24,2026-04-23,2021.76,121.32,2143.08,Issued,SampleGen
INV-d4c89243-6996-458b-b41b-88c833d7c4d0,ID201263,CID-066,d4c89243-6996-458b-b41b-88c833d7c4d0,2026-03-11,2026-04-10,1783.84,107.04,1890.88,Issued,SampleGen
INV-cc0b488d-4643-4396-a344-0db028b7b8b3,ID201264,CID-066,cc0b488d-4643-4396-a344-0db028b7b8b3,2026-04-04,2026-05-04,819.86,49.2,869.06,Issued,SampleGen
INV-839be038-6ec3-47ba-8f75-f41131af8f2c,ID201265,CID-066,839be038-6ec3-47ba-8f75-f41131af8f2c,2026-04-29,2026-05-29,1899.8,114.0,2013.8,Issued,SampleGen
INV-27d2e31b-438a-4547-b5be-f5075fedce4e,ID201266,CID-067,27d2e31b-438a-4547-b5be-f5075fedce4e,2025-04-13,2025-05-13,2913.84,174.84,3088.68,Issued,SampleGen
INV-e052b230-dc02-440d-9f20-70351656af65,ID201267,CID-067,e052b230-dc02-440d-9f20-70351656af65,2025-06-17,2025-07-17,1091.76,65.52,1157.28,Issued,SampleGen
INV-534ee8cc-323f-4537-b9f1-9374e291a93b,ID201268,CID-067,534ee8cc-323f-4537-b9f1-9374e291a93b,2025-07-02,2025-08-01,3215.72,192.96,3408.68,Issued,SampleGen
INV-ca9c754f-ff8d-42ad-9039-e8b4dd76de37,ID201269,CID-067,ca9c754f-ff8d-42ad-9039-e8b4dd76de37,2025-08-23,2025-09-22,4359.76,261.6,4621.36,Issued,SampleGen
INV-1c8cdbe7-6d8c-4c51-8aab-56c83f6adf89,ID201270,CID-067,1c8cdbe7-6d8c-4c51-8aab-56c83f6adf89,2025-09-28,2025-10-28,2151.76,129.12,2280.88,Issued,SampleGen
INV-7cd324ec-5a43-4c7e-a6ce-03dfeb7fd2e8,ID201271,CID-067,7cd324ec-5a43-4c7e-a6ce-03dfeb7fd2e8,2025-10-15,2025-11-14,643.88,38.64,682.52,Issued,SampleGen
INV-a424c51b-0038-4a0e-ac94-52f4daa5f21c,ID201272,CID-067,a424c51b-0038-4a0e-ac94-52f4daa5f21c,2025-11-05,2025-12-05,2223.74,133.44,2357.18,Issued,SampleGen
INV-37b6da4a-334e-4931-a7c8-b31ca9c66bda,ID201273,CID-067,37b6da4a-334e-4931-a7c8-b31ca9c66bda,2025-12-30,2026-01-29,883.8,53.04,936.84,Issued,SampleGen
INV-0b1d5aca-cef4-419c-9c97-38a854411420,ID201274,CID-067,0b1d5aca-cef4-419c-9c97-38a854411420,2026-01-15,2026-02-14,703.88,42.24,746.12,Issued,SampleGen
INV-cb7a42d1-0c5f-4d1e-bfb4-c55bd8e7a40a,ID201275,CID-067,cb7a42d1-0c5f-4d1e-bfb4-c55bd8e7a40a,2026-02-11,2026-03-13,639.84,38.4,678.24,Issued,SampleGen
INV-cc2e1abf-0151-4513-be0e-2672771e0eee,ID201276,CID-067,cc2e1abf-0151-4513-be0e-2672771e0eee,2026-03-24,2026-04-23,4013.74,240.84,4254.58,Issued,SampleGen
INV-36b9d1a8-61d1-4f83-ba4d-83f11ca6416a,ID201277,CID-067,36b9d1a8-61d1-4f83-ba4d-83f11ca6416a,2026-04-17,2026-05-17,3303.76,198.24,3502.0,Issued,SampleGen
INV-1fc62cdc-aaf6-4fba-8dee-a8534ba46989,ID201278,CID-068,1fc62cdc-aaf6-4fba-8dee-a8534ba46989,2025-01-22,2025-02-21,2467.72,148.08,2615.8,Issued,SampleGen
INV-c8c23f07-b121-4810-8d28-329cdf781897,ID201279,CID-068,c8c23f07-b121-4810-8d28-329cdf781897,2025-02-18,2025-03-20,877.74,52.68,930.42,Issued,SampleGen
INV-6454909a-a1f7-4a67-9829-58b2d9401927,ID201280,CID-068,6454909a-a1f7-4a67-9829-58b2d9401927,2025-03-09,2025-04-08,983.84,59.04,1042.88,Issued,SampleGen
INV-0ccec8f8-9c6f-4a7b-9f27-df6844b1230f,ID201281,CID-068,0ccec8f8-9c6f-4a7b-9f27-df6844b1230f,2025-04-05,2025-05-05,899.9,54.0,953.9,Issued,SampleGen
INV-98d83472-e61e-4519-bdc4-0a66e463a192,ID201282,CID-068,98d83472-e61e-4519-bdc4-0a66e463a192,2025-04-06,2025-05-06,1671.8,100.32,1772.12,Issued,SampleGen
INV-36006dd7-b75b-4776-a6dd-5f1fa4fdbfea,ID201283,CID-068,36006dd7-b75b-4776-a6dd-5f1fa4fdbfea,2025-05-13,2025-06-12,2899.74,174.0,3073.74,Issued,SampleGen
INV-21894a5e-eab5-4d3a-88a2-1542c48b2e3c,ID201284,CID-068,21894a5e-eab5-4d3a-88a2-1542c48b2e3c,2025-05-31,2025-06-30,7843.74,470.64,8314.38,Issued,SampleGen
INV-c6dce846-3332-48c7-b610-68a0777a4362,ID201285,CID-068,c6dce846-3332-48c7-b610-68a0777a4362,2025-06-24,2025-07-24,3467.78,208.08,3675.86,Issued,SampleGen
INV-6a798987-40db-4a8f-9631-223582520cd6,ID201286,CID-068,6a798987-40db-4a8f-9631-223582520cd6,2025-06-13,2025-07-13,2985.8,179.16,3164.96,Issued,SampleGen
INV-c641a260-6eb2-40e6-a449-b86e43d0d9cd,ID201287,CID-068,c641a260-6eb2-40e6-a449-b86e43d0d9cd,2025-07-11,2025-08-10,4023.7,241.44,4265.14,Issued,SampleGen
INV-94ab2307-d6aa-478d-9a38-f8dd3850ac47,ID201288,CID-068,94ab2307-d6aa-478d-9a38-f8dd3850ac47,2025-07-10,2025-08-09,583.78,35.04,618.82,Issued,SampleGen
INV-ee707cfe-7bb3-4e45-b580-3c1bd60466a3,ID201289,CID-068,ee707cfe-7bb3-4e45-b580-3c1bd60466a3,2025-08-19,2025-09-18,743.76,44.64,788.4,Issued,SampleGen
INV-421a8cb4-75d6-4aaa-b84e-b198f7c0a5e6,ID201290,CID-068,421a8cb4-75d6-4aaa-b84e-b198f7c0a5e6,2025-09-06,2025-10-06,2671.9,160.32,2832.22,Issued,SampleGen
INV-e0bfe353-fff3-4bc2-8700-a871a01826ae,ID201291,CID-068,e0bfe353-fff3-4bc2-8700-a871a01826ae,2025-09-07,2025-10-07,815.88,48.96,864.84,Issued,SampleGen
INV-9270bcac-aff5-4236-afd4-b78fc1b3824d,ID201292,CID-068,9270bcac-aff5-4236-afd4-b78fc1b3824d,2025-10-18,2025-11-17,289.9,17.4,307.3,Issued,SampleGen
INV-8127bed0-acce-4aa4-a5d5-ddc1a869ff9c,ID201293,CID-068,8127bed0-acce-4aa4-a5d5-ddc1a869ff9c,2025-10-27,2025-11-26,1481.74,88.92,1570.66,Issued,SampleGen
INV-622d1572-6711-4f91-8f9d-d979f9b43e3d,ID201294,CID-068,622d1572-6711-4f91-8f9d-d979f9b43e3d,2025-11-07,2025-12-07,3123.84,187.44,3311.28,Issued,SampleGen
INV-df797e48-c9a9-466a-a2f1-2e642d74306e,ID201295,CID-068,df797e48-c9a9-466a-a2f1-2e642d74306e,2025-11-17,2025-12-17,561.82,33.72,595.54,Issued,SampleGen
INV-e222b4c3-4539-4892-b828-45d19f5673f6,ID201296,CID-068,e222b4c3-4539-4892-b828-45d19f5673f6,2025-12-08,2026-01-07,3581.86,214.92,3796.78,Issued,SampleGen
INV-d637c095-bccd-4fa2-9c82-841526ef39b8,ID201297,CID-068,d637c095-bccd-4fa2-9c82-841526ef39b8,2025-12-17,2026-01-16,1883.76,113.04,1996.8,Issued,SampleGen
INV-0b81fa03-f4d4-4cdb-98f8-f359b3ddf67f,ID201298,CID-068,0b81fa03-f4d4-4cdb-98f8-f359b3ddf67f,2026-01-26,2026-02-25,2887.76,173.28,3061.04,Issued,SampleGen
INV-babfc248-ed0c-48b5-b930-c36ef3603148,ID201299,CID-068,babfc248-ed0c-48b5-b930-c36ef3603148,2026-01-24,2026-02-23,1299.9,78.0,1377.9,Issued,SampleGen
INV-5eea3a73-d42a-4205-bd07-b02a1ba971f4,ID201300,CID-068,5eea3a73-d42a-4205-bd07-b02a1ba971f4,2026-02-09,2026-03-11,1435.84,86.16,1522.0,Issued,SampleGen
INV-df9e80a7-656e-48f7-a2ad-27f2888b4305,ID201301,CID-068,df9e80a7-656e-48f7-a2ad-27f2888b4305,2026-02-20,2026-03-22,3989.8,239.4,4229.2,Issued,SampleGen
INV-92297bff-32e9-45da-a382-3d8492bc0a4a,ID201302,CID-068,92297bff-32e9-45da-a382-3d8492bc0a4a,2026-03-19,2026-04-18,2501.82,150.12,2651.94,Issued,SampleGen
INV-11889a5b-c372-44e9-9537-5b4a91b67c2f,ID201303,CID-068,11889a5b-c372-44e9-9537-5b4a91b67c2f,2026-03-08,2026-04-07,4583.78,275.04,4858.82,Issued,SampleGen
INV-8e0178f9-45a4-4316-9609-9fcf8a182a75,ID201304,CID-068,8e0178f9-45a4-4316-9609-9fcf8a182a75,2026-04-19,2026-05-19,1519.88,91.2,1611.08,Issued,SampleGen
INV-8fb813af-4109-4512-85cb-74a22b12c75b,ID201305,CID-068,8fb813af-4109-4512-85cb-74a22b12c75b,2026-04-18,2026-05-18,1207.84,72.48,1280.32,Issued,SampleGen
INV-93785c7e-33f4-4e6b-853e-f9abf17ae4c7,ID201306,CID-068,93785c7e-33f4-4e6b-853e-f9abf17ae4c7,2026-04-22,2026-05-22,485.88,29.16,515.04,Issued,SampleGen
INV-6ac59889-afe1-4a74-ab1d-0839ec029918,ID201307,CID-069,6ac59889-afe1-4a74-ab1d-0839ec029918,2025-02-01,2025-03-03,1119.92,67.2,1187.12,Issued,SampleGen
INV-9fb4e6e8-59d7-4614-b900-6324afcd117c,ID201308,CID-069,9fb4e6e8-59d7-4614-b900-6324afcd117c,2025-02-18,2025-03-20,1411.9,84.72,1496.62,Issued,SampleGen
INV-76681f3e-22b5-4fda-a2e7-8d7b45f4b39a,ID201309,CID-069,76681f3e-22b5-4fda-a2e7-8d7b45f4b39a,2025-03-03,2025-04-02,973.78,58.44,1032.22,Issued,SampleGen
INV-1e198bc4-a5c8-4b18-931e-bf21fc2410c9,ID201310,CID-069,1e198bc4-a5c8-4b18-931e-bf21fc2410c9,2025-04-01,2025-05-01,803.86,48.24,852.1,Issued,SampleGen
INV-a39a4a01-8f22-465b-9832-790d0c501c0f,ID201311,CID-069,a39a4a01-8f22-465b-9832-790d0c501c0f,2025-04-15,2025-05-15,3039.84,182.4,3222.24,Issued,SampleGen
INV-d360e8e1-956c-44c5-8226-ecefc89e72ae,ID201312,CID-069,d360e8e1-956c-44c5-8226-ecefc89e72ae,2025-04-11,2025-05-11,651.8,39.12,690.92,Issued,SampleGen
INV-111044f5-7d64-4f5d-9541-2a034a3cb996,ID201313,CID-069,111044f5-7d64-4f5d-9541-2a034a3cb996,2025-05-16,2025-06-15,899.92,54.0,953.92,Issued,SampleGen
INV-ad28f8fc-816a-424b-b8a6-f96e3a773b7a,ID201314,CID-069,ad28f8fc-816a-424b-b8a6-f96e3a773b7a,2025-05-04,2025-06-03,3695.74,221.76,3917.5,Issued,SampleGen
INV-3e4f450d-3307-4d98-8be2-ce8fb96e513e,ID201315,CID-069,3e4f450d-3307-4d98-8be2-ce8fb96e513e,2025-06-12,2025-07-12,2127.74,127.68,2255.42,Issued,SampleGen
INV-0f9aac87-044f-4d81-9722-79c9525dc65c,ID201316,CID-069,0f9aac87-044f-4d81-9722-79c9525dc65c,2025-06-24,2025-07-24,1035.9,62.16,1098.06,Issued,SampleGen
INV-3f52bf07-6c3d-490a-a885-29031893e0f4,ID201317,CID-069,3f52bf07-6c3d-490a-a885-29031893e0f4,2025-07-24,2025-08-23,349.9,21.0,370.9,Issued,SampleGen
INV-e2eb7aa5-dd27-47a3-bfd1-9ef2c1748a88,ID201318,CID-069,e2eb7aa5-dd27-47a3-bfd1-9ef2c1748a88,2025-07-24,2025-08-23,2053.82,123.24,2177.06,Issued,SampleGen
INV-3043f65f-613d-4af2-9ce2-d682d2d225f7,ID201319,CID-069,3043f65f-613d-4af2-9ce2-d682d2d225f7,2025-08-27,2025-09-26,2353.74,141.24,2494.98,Issued,SampleGen
INV-6134b1e5-17b9-4ddb-855e-ca0edd604441,ID201320,CID-069,6134b1e5-17b9-4ddb-855e-ca0edd604441,2025-08-28,2025-09-27,1857.8,111.48,1969.28,Issued,SampleGen
INV-22332760-0449-463f-88a7-c1a0e5b59177,ID201321,CID-069,22332760-0449-463f-88a7-c1a0e5b59177,2025-08-03,2025-09-02,811.9,48.72,860.62,Issued,SampleGen
INV-84d963ff-b1f8-45ea-af7d-0d6131e328ca,ID201322,CID-069,84d963ff-b1f8-45ea-af7d-0d6131e328ca,2025-10-01,2025-10-31,305.9,18.36,324.26,Issued,SampleGen
INV-fb10b68a-c9d1-44fd-a3b0-f45df13ffe7a,ID201323,CID-069,fb10b68a-c9d1-44fd-a3b0-f45df13ffe7a,2025-09-25,2025-10-25,2205.76,132.36,2338.12,Issued,SampleGen
INV-81bdd233-d721-4288-9d82-e966642c697b,ID201324,CID-069,81bdd233-d721-4288-9d82-e966642c697b,2025-09-06,2025-10-06,1187.74,71.28,1259.02,Issued,SampleGen
INV-ac5ecd6f-823d-4934-8a01-9968f5e119de,ID201325,CID-069,ac5ecd6f-823d-4934-8a01-9968f5e119de,2025-10-13,2025-11-12,2643.76,158.64,2802.4,Issued,SampleGen
INV-28d84c53-4837-4cd9-9d15-b3b4275ed580,ID201326,CID-069,28d84c53-4837-4cd9-9d15-b3b4275ed580,2025-10-12,2025-11-11,2715.9,162.96,2878.86,Issued,SampleGen
INV-1e68bed8-8fc8-4991-a1e6-15cd57cde8ab,ID201327,CID-069,1e68bed8-8fc8-4991-a1e6-15cd57cde8ab,2025-10-02,2025-11-01,2123.84,127.44,2251.28,Issued,SampleGen
INV-0c7009a2-782a-4ab1-856c-4b66eb2d3968,ID201328,CID-069,0c7009a2-782a-4ab1-856c-4b66eb2d3968,2025-11-16,2025-12-16,519.92,31.2,551.12,Issued,SampleGen
INV-23f7f559-de9f-49e9-a854-e243dc68acbb,ID201329,CID-069,23f7f559-de9f-49e9-a854-e243dc68acbb,2025-11-02,2025-12-02,6179.76,370.8,6550.56,Issued,SampleGen
INV-3eb88cf0-9451-4d5c-bead-58ab0a7f5e54,ID201330,CID-069,3eb88cf0-9451-4d5c-bead-58ab0a7f5e54,2025-11-08,2025-12-08,5071.78,304.32,5376.1,Issued,SampleGen
INV-27e57b88-d756-4ae0-9059-39c08a0f980c,ID201331,CID-069,27e57b88-d756-4ae0-9059-39c08a0f980c,2025-12-05,2026-01-04,2403.78,144.24,2548.02,Issued,SampleGen
INV-d9f6fd1e-0b66-466e-aa99-f42b277877bf,ID201332,CID-069,d9f6fd1e-0b66-466e-aa99-f42b277877bf,2025-12-26,2026-01-25,2687.88,161.28,2849.16,Issued,SampleGen
INV-79f5189a-6ec5-4ad3-a9e3-d61275cc9650,ID201333,CID-069,79f5189a-6ec5-4ad3-a9e3-d61275cc9650,2025-12-15,2026-01-14,4087.76,245.28,4333.04,Issued,SampleGen
INV-09a9c602-ef7c-472f-bb84-4d40c545782d,ID201334,CID-069,09a9c602-ef7c-472f-bb84-4d40c545782d,2025-12-20,2026-01-19,4167.88,250.08,4417.96,Issued,SampleGen
INV-97641bd3-7b82-415a-89ff-0000353f1dad,ID201335,CID-069,97641bd3-7b82-415a-89ff-0000353f1dad,2026-01-10,2026-02-09,2441.8,146.52,2588.32,Issued,SampleGen
INV-532228d2-cdbc-4ace-86e8-5bddc8935f02,ID201336,CID-069,532228d2-cdbc-4ace-86e8-5bddc8935f02,2026-01-04,2026-02-03,7367.72,442.08,7809.8,Issued,SampleGen
INV-de458309-d1b0-41b5-a676-94b7e9696826,ID201337,CID-069,de458309-d1b0-41b5-a676-94b7e9696826,2026-01-09,2026-02-08,2671.9,160.32,2832.22,Issued,SampleGen
INV-75d6e47d-0bd3-40f9-b503-96fc0f6301e2,ID201338,CID-069,75d6e47d-0bd3-40f9-b503-96fc0f6301e2,2026-02-11,2026-03-13,1235.78,74.16,1309.94,Issued,SampleGen
INV-dbba662c-a8cf-4022-8952-fd4f9c1ff94f,ID201339,CID-069,dbba662c-a8cf-4022-8952-fd4f9c1ff94f,2026-02-17,2026-03-19,2099.82,126.0,2225.82,Issued,SampleGen
INV-c590c26a-9a17-4e62-8f9c-feed53b528c5,ID201340,CID-069,c590c26a-9a17-4e62-8f9c-feed53b528c5,2026-02-15,2026-03-17,429.86,25.8,455.66,Issued,SampleGen
INV-764eca6a-4f92-4729-9fc9-0d00f8059e6c,ID201341,CID-069,764eca6a-4f92-4729-9fc9-0d00f8059e6c,2026-02-02,2026-03-04,1939.82,116.4,2056.22,Issued,SampleGen
INV-414d5e41-2184-4fea-af86-be293ff17d18,ID201342,CID-069,414d5e41-2184-4fea-af86-be293ff17d18,2026-03-11,2026-04-10,4799.84,288.0,5087.84,Issued,SampleGen
INV-ea38ab6e-396f-43e0-a332-9a5cd9ba000c,ID201343,CID-069,ea38ab6e-396f-43e0-a332-9a5cd9ba000c,2026-03-05,2026-04-04,1223.8,73.44,1297.24,Issued,SampleGen
INV-ee6e191e-59c6-48b4-9db5-5a43ba68aa39,ID201344,CID-069,ee6e191e-59c6-48b4-9db5-5a43ba68aa39,2026-03-30,2026-04-29,963.84,57.84,1021.68,Issued,SampleGen
INV-5bd48ed4-78be-4380-b61c-eb5a81e8a424,ID201345,CID-069,5bd48ed4-78be-4380-b61c-eb5a81e8a424,2026-03-29,2026-04-28,3779.74,226.8,4006.54,Issued,SampleGen
INV-35660ab5-7fe8-4160-85be-5231ac55f044,ID201346,CID-069,35660ab5-7fe8-4160-85be-5231ac55f044,2026-04-13,2026-05-13,1355.82,81.36,1437.18,Issued,SampleGen
INV-1e274219-89db-4ed0-8050-49e4618a1a06,ID201347,CID-069,1e274219-89db-4ed0-8050-49e4618a1a06,2026-04-23,2026-05-23,751.84,45.12,796.96,Issued,SampleGen
INV-b22f3e34-3d96-4e41-8b94-aa7c7ef6166c,ID201348,CID-069,b22f3e34-3d96-4e41-8b94-aa7c7ef6166c,2026-04-15,2026-05-15,549.82,33.0,582.82,Issued,SampleGen
INV-3804d79b-ed85-4fea-a855-bd89adc92731,ID201349,CID-069,3804d79b-ed85-4fea-a855-bd89adc92731,2026-04-14,2026-05-14,869.84,52.2,922.04,Issued,SampleGen
INV-06ba4e69-a95b-4a72-80ba-e7c18b947a2e,ID201350,CID-070,06ba4e69-a95b-4a72-80ba-e7c18b947a2e,2025-04-21,2025-05-21,4921.72,295.32,5217.04,Issued,SampleGen
INV-46bc4464-9a49-4310-95a7-68d9aebd67d3,ID201351,CID-070,46bc4464-9a49-4310-95a7-68d9aebd67d3,2025-07-20,2025-08-19,4707.78,282.48,4990.26,Issued,SampleGen
INV-2a742a64-8e5e-457c-8afe-cf9e083ec4c5,ID201352,CID-070,2a742a64-8e5e-457c-8afe-cf9e083ec4c5,2025-11-07,2025-12-07,879.76,52.8,932.56,Issued,SampleGen
INV-ee6db0d3-4808-43fd-baa3-ecd90665b170,ID201353,CID-070,ee6db0d3-4808-43fd-baa3-ecd90665b170,2026-03-24,2026-04-23,2687.82,161.28,2849.1,Issued,SampleGen
INV-9585a76a-7a49-4c9e-ad84-effd70d7a33f,ID201354,CID-071,9585a76a-7a49-4c9e-ad84-effd70d7a33f,2025-01-07,2025-02-06,1763.78,105.84,1869.62,Issued,SampleGen
INV-34aef4a2-550d-4703-92a6-13b98a8c02ea,ID201355,CID-071,34aef4a2-550d-4703-92a6-13b98a8c02ea,2025-02-11,2025-03-13,1357.74,81.48,1439.22,Issued,SampleGen
INV-ea590051-d91e-427b-be66-321d50ad00f6,ID201356,CID-071,ea590051-d91e-427b-be66-321d50ad00f6,2025-03-14,2025-04-13,2639.76,158.4,2798.16,Issued,SampleGen
INV-3fc65dbf-b45c-44b5-99a4-486cae8f4e45,ID201357,CID-071,3fc65dbf-b45c-44b5-99a4-486cae8f4e45,2025-04-05,2025-05-05,2819.86,169.2,2989.06,Issued,SampleGen
INV-dbbbfca7-63fd-4019-9e25-b69141f1aadc,ID201358,CID-071,dbbbfca7-63fd-4019-9e25-b69141f1aadc,2025-05-11,2025-06-10,2071.88,124.32,2196.2,Issued,SampleGen
INV-be035297-c1eb-4dfe-bca4-a4d71e7a4593,ID201359,CID-071,be035297-c1eb-4dfe-bca4-a4d71e7a4593,2025-06-10,2025-07-10,2887.82,173.28,3061.1,Issued,SampleGen
INV-489a9ea7-59d6-4740-8e77-eef5c20184b5,ID201360,CID-071,489a9ea7-59d6-4740-8e77-eef5c20184b5,2025-07-27,2025-08-26,6111.78,366.72,6478.5,Issued,SampleGen
INV-a82ec6a4-fcd6-4578-b403-31fde45bd81c,ID201361,CID-071,a82ec6a4-fcd6-4578-b403-31fde45bd81c,2025-08-08,2025-09-07,767.9,46.08,813.98,Issued,SampleGen
INV-1410dbb4-965f-4168-8f81-845c28a82962,ID201362,CID-071,1410dbb4-965f-4168-8f81-845c28a82962,2025-09-20,2025-10-20,1039.84,62.4,1102.24,Issued,SampleGen
INV-da4256fc-dbea-435d-a9f2-61a21bc44fbb,ID201363,CID-071,da4256fc-dbea-435d-a9f2-61a21bc44fbb,2025-10-15,2025-11-14,3099.86,186.0,3285.86,Issued,SampleGen
INV-6df96ade-42b1-4c5d-b21a-1dc072bc805a,ID201364,CID-071,6df96ade-42b1-4c5d-b21a-1dc072bc805a,2025-10-19,2025-11-18,3259.82,195.6,3455.42,Issued,SampleGen
INV-4bef4da7-dc56-454b-8e68-be189e6ec013,ID201365,CID-071,4bef4da7-dc56-454b-8e68-be189e6ec013,2025-11-04,2025-12-04,2463.92,147.84,2611.76,Issued,SampleGen
INV-37b4e3f9-f043-41e5-be57-795a7dd4540a,ID201366,CID-071,37b4e3f9-f043-41e5-be57-795a7dd4540a,2025-12-25,2026-01-24,871.76,52.32,924.08,Issued,SampleGen
INV-ad961332-bc36-481e-9676-800bb1e3cc3f,ID201367,CID-071,ad961332-bc36-481e-9676-800bb1e3cc3f,2025-12-23,2026-01-22,2159.8,129.6,2289.4,Issued,SampleGen
INV-e5169613-dbfe-48ef-95ba-9b8b3f1a07ae,ID201368,CID-071,e5169613-dbfe-48ef-95ba-9b8b3f1a07ae,2026-01-16,2026-02-15,387.92,23.28,411.2,Issued,SampleGen
INV-e6633d84-9268-45d9-888f-3cc6b0f8b9a8,ID201369,CID-071,e6633d84-9268-45d9-888f-3cc6b0f8b9a8,2026-01-12,2026-02-11,2963.88,177.84,3141.72,Issued,SampleGen
INV-d7e206ba-f4bc-4e51-85f2-b77763347a07,ID201370,CID-071,d7e206ba-f4bc-4e51-85f2-b77763347a07,2026-02-03,2026-03-05,957.8,57.48,1015.28,Issued,SampleGen
INV-6b9260fe-8eaa-4c7a-914c-c011567f24f5,ID201371,CID-071,6b9260fe-8eaa-4c7a-914c-c011567f24f5,2026-02-28,2026-03-30,1591.84,95.52,1687.36,Issued,SampleGen
INV-72982bd7-11f2-4514-8771-69061ab3b858,ID201372,CID-071,72982bd7-11f2-4514-8771-69061ab3b858,2026-03-15,2026-04-14,4627.76,277.68,4905.44,Issued,SampleGen
INV-2ea474de-46f9-4619-bcbd-48c0faf0db08,ID201373,CID-071,2ea474de-46f9-4619-bcbd-48c0faf0db08,2026-03-04,2026-04-03,3543.8,212.64,3756.44,Issued,SampleGen
INV-850eef06-6790-4505-a1ec-b7a08715b95d,ID201374,CID-071,850eef06-6790-4505-a1ec-b7a08715b95d,2026-04-16,2026-05-16,1175.84,70.56,1246.4,Issued,SampleGen
INV-e1b46e1c-ef4e-4b90-ab38-3e7e7206f12f,ID201375,CID-071,e1b46e1c-ef4e-4b90-ab38-3e7e7206f12f,2026-04-02,2026-05-02,779.88,46.8,826.68,Issued,SampleGen
INV-d3cd0aa2-0184-49de-9ca7-b1554e08b4be,ID201376,CID-072,d3cd0aa2-0184-49de-9ca7-b1554e08b4be,2025-04-05,2025-05-05,989.76,59.4,1049.16,Issued,SampleGen
INV-7e97efb6-1484-4b6a-9497-5625dc55a3e6,ID201377,CID-072,7e97efb6-1484-4b6a-9497-5625dc55a3e6,2025-05-31,2025-06-30,2679.8,160.8,2840.6,Issued,SampleGen
INV-b542ae1e-9c22-48a9-858d-3a05d4607c71,ID201378,CID-072,b542ae1e-9c22-48a9-858d-3a05d4607c71,2025-06-20,2025-07-20,565.86,33.96,599.82,Issued,SampleGen
INV-e3d14198-208d-42f7-bc30-6ec7d33209fa,ID201379,CID-072,e3d14198-208d-42f7-bc30-6ec7d33209fa,2025-07-10,2025-08-09,3359.8,201.6,3561.4,Issued,SampleGen
INV-234212ef-4274-4a08-b91a-31889dc1bbf0,ID201380,CID-072,234212ef-4274-4a08-b91a-31889dc1bbf0,2025-08-17,2025-09-16,523.9,31.44,555.34,Issued,SampleGen
INV-a2163f36-81d4-422e-b9d1-ff9099c4b84b,ID201381,CID-072,a2163f36-81d4-422e-b9d1-ff9099c4b84b,2025-09-24,2025-10-24,395.88,23.76,419.64,Issued,SampleGen
INV-b50c6110-5c9a-4467-a4fe-99f7f1d947f2,ID201382,CID-072,b50c6110-5c9a-4467-a4fe-99f7f1d947f2,2025-10-01,2025-10-31,1347.72,80.88,1428.6,Issued,SampleGen
INV-4ba1503a-4b87-4aea-bc6f-59ee51ec4454,ID201383,CID-072,4ba1503a-4b87-4aea-bc6f-59ee51ec4454,2025-10-09,2025-11-08,593.78,35.64,629.42,Issued,SampleGen
INV-0c5eb270-07b6-41b1-8543-c701bb221f1a,ID201384,CID-072,0c5eb270-07b6-41b1-8543-c701bb221f1a,2025-10-13,2025-11-12,933.9,56.04,989.94,Issued,SampleGen
INV-dd04c4cc-59ff-4a47-b49c-6104cd8ea338,ID201385,CID-072,dd04c4cc-59ff-4a47-b49c-6104cd8ea338,2025-11-25,2025-12-25,1931.8,115.92,2047.72,Issued,SampleGen
INV-f3a3949d-2470-4158-acdf-5e12707080bc,ID201386,CID-072,f3a3949d-2470-4158-acdf-5e12707080bc,2025-12-11,2026-01-10,1593.74,95.64,1689.38,Issued,SampleGen
INV-1d92eed4-6c83-42a5-86b0-69faf68df572,ID201387,CID-072,1d92eed4-6c83-42a5-86b0-69faf68df572,2025-12-08,2026-01-07,1391.84,83.52,1475.36,Issued,SampleGen
INV-0d2f2849-abb2-429e-90eb-7ff0854bb263,ID201388,CID-072,0d2f2849-abb2-429e-90eb-7ff0854bb263,2026-01-12,2026-02-11,547.9,32.88,580.78,Issued,SampleGen
INV-3d69ab4c-e90a-4000-97ea-14c7e901c8e9,ID201389,CID-072,3d69ab4c-e90a-4000-97ea-14c7e901c8e9,2026-02-10,2026-03-12,573.78,34.44,608.22,Issued,SampleGen
INV-7dd16ef8-8ef1-4994-a30a-c2ea90f1d780,ID201390,CID-072,7dd16ef8-8ef1-4994-a30a-c2ea90f1d780,2026-03-18,2026-04-17,963.76,57.84,1021.6,Issued,SampleGen
INV-8515d626-7e76-42a6-b22e-7e362d32e8a7,ID201391,CID-072,8515d626-7e76-42a6-b22e-7e362d32e8a7,2026-03-30,2026-04-29,4075.86,244.56,4320.42,Issued,SampleGen
INV-6de52881-0e46-4612-94b1-5e6239125908,ID201392,CID-072,6de52881-0e46-4612-94b1-5e6239125908,2026-04-08,2026-05-08,2787.82,167.28,2955.1,Issued,SampleGen
INV-18bb48d7-9d7d-4e04-b744-9bc673ef8088,ID201393,CID-073,18bb48d7-9d7d-4e04-b744-9bc673ef8088,2025-02-07,2025-03-09,3223.88,193.44,3417.32,Issued,SampleGen
INV-f6badb4c-8e60-43ad-aac4-ef9a28173545,ID201394,CID-073,f6badb4c-8e60-43ad-aac4-ef9a28173545,2025-03-06,2025-04-05,951.82,57.12,1008.94,Issued,SampleGen
INV-ad978c28-e0ff-4584-a3af-f63338352a7f,ID201395,CID-073,ad978c28-e0ff-4584-a3af-f63338352a7f,2025-04-15,2025-05-15,735.82,44.16,779.98,Issued,SampleGen
INV-250c256d-a529-4fe2-b698-147052c5399c,ID201396,CID-073,250c256d-a529-4fe2-b698-147052c5399c,2025-06-21,2025-07-21,1031.92,61.92,1093.84,Issued,SampleGen
INV-fe18489e-c2e3-4a03-b35c-169d360f0bed,ID201397,CID-073,fe18489e-c2e3-4a03-b35c-169d360f0bed,2025-08-11,2025-09-10,3967.84,238.08,4205.92,Issued,SampleGen
INV-5b34a184-a0e8-4b65-b1f0-103bead2171b,ID201398,CID-073,5b34a184-a0e8-4b65-b1f0-103bead2171b,2025-09-16,2025-10-16,3227.76,193.68,3421.44,Issued,SampleGen
INV-c58f77b3-cc48-40b8-beb3-91ca19fbf482,ID201399,CID-073,c58f77b3-cc48-40b8-beb3-91ca19fbf482,2025-11-01,2025-12-01,363.88,21.84,385.72,Issued,SampleGen
INV-08b01e63-096a-4f28-a64e-7b1211ec51e7,ID201400,CID-073,08b01e63-096a-4f28-a64e-7b1211ec51e7,2025-11-08,2025-12-08,1995.88,119.76,2115.64,Issued,SampleGen
INV-a880cc99-d2a4-4421-b5a9-44a1fca1e5ae,ID201401,CID-073,a880cc99-d2a4-4421-b5a9-44a1fca1e5ae,2026-01-01,2026-01-31,1575.84,94.56,1670.4,Issued,SampleGen
INV-8bed7187-4c04-442b-b57e-b299bdc766fe,ID201402,CID-073,8bed7187-4c04-442b-b57e-b299bdc766fe,2026-01-28,2026-02-27,6199.74,372.0,6571.74,Issued,SampleGen
INV-195618f8-c235-45eb-868f-403c1e0113c4,ID201403,CID-073,195618f8-c235-45eb-868f-403c1e0113c4,2026-02-17,2026-03-19,1411.9,84.72,1496.62,Issued,SampleGen
INV-de8c11a9-fa34-4c09-a795-60856f060b16,ID201404,CID-073,de8c11a9-fa34-4c09-a795-60856f060b16,2026-03-14,2026-04-13,927.78,55.68,983.46,Issued,SampleGen
INV-7b004186-f8fe-44c2-be3e-a5287141bf4c,ID201405,CID-074,7b004186-f8fe-44c2-be3e-a5287141bf4c,2025-01-25,2025-02-24,1635.88,98.16,1734.04,Issued,SampleGen
INV-4cb85f49-f96b-4e3d-b626-fdd3c50a7591,ID201406,CID-074,4cb85f49-f96b-4e3d-b626-fdd3c50a7591,2025-02-15,2025-03-17,2947.8,176.88,3124.68,Issued,SampleGen
INV-2b7dc416-b853-4dd5-969f-283df965f0c4,ID201407,CID-074,2b7dc416-b853-4dd5-969f-283df965f0c4,2025-03-08,2025-04-07,1867.82,112.08,1979.9,Issued,SampleGen
INV-598d573e-5361-4672-9f04-ec283ba687de,ID201408,CID-074,598d573e-5361-4672-9f04-ec283ba687de,2025-04-19,2025-05-19,1145.82,68.76,1214.58,Issued,SampleGen
INV-0e706630-218d-4a82-955c-d26d88a2627f,ID201409,CID-074,0e706630-218d-4a82-955c-d26d88a2627f,2025-06-07,2025-07-07,323.88,19.44,343.32,Issued,SampleGen
INV-9f985d44-c190-42ad-97cb-c29caefdad3b,ID201410,CID-074,9f985d44-c190-42ad-97cb-c29caefdad3b,2025-07-07,2025-08-06,791.8,47.52,839.32,Issued,SampleGen
INV-be84818f-7ce3-4ef2-b8a5-3e7427abfae1,ID201411,CID-074,be84818f-7ce3-4ef2-b8a5-3e7427abfae1,2025-08-22,2025-09-21,3951.84,237.12,4188.96,Issued,SampleGen
INV-db4d2332-f225-4e42-a5d0-b20ac648ce3f,ID201412,CID-074,db4d2332-f225-4e42-a5d0-b20ac648ce3f,2025-09-24,2025-10-24,2283.78,137.04,2420.82,Issued,SampleGen
INV-7d40e12f-244b-48e3-9992-4b21f4fdee2b,ID201413,CID-074,7d40e12f-244b-48e3-9992-4b21f4fdee2b,2025-10-12,2025-11-11,911.8,54.72,966.52,Issued,SampleGen
INV-b2b9bdc7-eef8-4458-8d72-4f560a94ed9c,ID201414,CID-074,b2b9bdc7-eef8-4458-8d72-4f560a94ed9c,2025-11-16,2025-12-16,1135.8,68.16,1203.96,Issued,SampleGen
INV-c4f51bf8-c118-4248-8be4-ae764cdb3e18,ID201415,CID-074,c4f51bf8-c118-4248-8be4-ae764cdb3e18,2025-12-04,2026-01-03,2725.78,163.56,2889.34,Issued,SampleGen
INV-ce2745d1-1d2a-4932-be48-cd6d5a3d2464,ID201416,CID-074,ce2745d1-1d2a-4932-be48-cd6d5a3d2464,2026-01-04,2026-02-03,1263.84,75.84,1339.68,Issued,SampleGen
INV-f2f03280-fdee-460b-a4e2-1e4494a98c54,ID201417,CID-074,f2f03280-fdee-460b-a4e2-1e4494a98c54,2026-02-11,2026-03-13,951.84,57.12,1008.96,Issued,SampleGen
INV-38122e96-b599-46a2-8b78-dc16b94393d7,ID201418,CID-074,38122e96-b599-46a2-8b78-dc16b94393d7,2026-03-07,2026-04-06,4127.72,247.68,4375.4,Issued,SampleGen
INV-2a08ad49-9ba4-4832-9bf0-7ff4f62c5be2,ID201419,CID-074,2a08ad49-9ba4-4832-9bf0-7ff4f62c5be2,2026-03-02,2026-04-01,2519.76,151.2,2670.96,Issued,SampleGen
INV-e14405e2-bc28-4b3d-a58c-1297a5ca75dd,ID201420,CID-074,e14405e2-bc28-4b3d-a58c-1297a5ca75dd,2026-04-11,2026-05-11,2087.82,125.28,2213.1,Issued,SampleGen
INV-e70a5160-1e23-40d1-bede-f09cb1914f3c,ID201421,CID-074,e70a5160-1e23-40d1-bede-f09cb1914f3c,2026-04-28,2026-05-28,3017.8,181.08,3198.88,Issued,SampleGen
INV-d265c22f-bdb2-4c3f-8395-463092cbf305,ID201422,CID-075,d265c22f-bdb2-4c3f-8395-463092cbf305,2025-01-13,2025-02-12,2685.74,161.16,2846.9,Issued,SampleGen
INV-2a1873b1-a7e2-40de-b07d-3c9423a5b3cb,ID201423,CID-075,2a1873b1-a7e2-40de-b07d-3c9423a5b3cb,2025-03-19,2025-04-18,413.86,24.84,438.7,Issued,SampleGen
INV-bbd801bd-c1a6-4efb-a834-422cedc252bf,ID201424,CID-075,bbd801bd-c1a6-4efb-a834-422cedc252bf,2025-04-10,2025-05-10,1967.88,118.08,2085.96,Issued,SampleGen
INV-4272e79f-4d91-4f49-9dee-a8d62124d6b3,ID201425,CID-075,4272e79f-4d91-4f49-9dee-a8d62124d6b3,2025-05-24,2025-06-23,2869.8,172.2,3042.0,Issued,SampleGen
INV-c33424bf-f33b-4bb0-8404-135edd00f7ac,ID201426,CID-075,c33424bf-f33b-4bb0-8404-135edd00f7ac,2025-05-27,2025-06-26,415.88,24.96,440.84,Issued,SampleGen
INV-9239c524-8406-4ef8-9e72-c8c6fe4265b8,ID201427,CID-075,9239c524-8406-4ef8-9e72-c8c6fe4265b8,2025-07-01,2025-07-31,2277.8,136.68,2414.48,Issued,SampleGen
INV-5ef99510-7600-4592-93ce-3d385e2dd671,ID201428,CID-075,5ef99510-7600-4592-93ce-3d385e2dd671,2025-07-15,2025-08-14,869.86,52.2,922.06,Issued,SampleGen
INV-695188e0-79c1-47d4-a607-92f6c0b0621d,ID201429,CID-075,695188e0-79c1-47d4-a607-92f6c0b0621d,2025-08-16,2025-09-15,4803.7,288.24,5091.94,Issued,SampleGen
INV-66e0193c-bbf7-4fd9-8dab-fa194dc94456,ID201430,CID-075,66e0193c-bbf7-4fd9-8dab-fa194dc94456,2025-09-28,2025-10-28,251.88,15.12,267.0,Issued,SampleGen
INV-34732870-2961-4d7c-a348-a36dc45f96b0,ID201431,CID-075,34732870-2961-4d7c-a348-a36dc45f96b0,2025-09-09,2025-10-09,919.92,55.2,975.12,Issued,SampleGen
INV-71ab3d38-baec-4bec-b5c0-7a8abafea127,ID201432,CID-075,71ab3d38-baec-4bec-b5c0-7a8abafea127,2025-10-03,2025-11-02,10421.7,625.32,11047.02,Issued,SampleGen
INV-d3a5e663-8a64-41de-a6a6-7beae3cda8af,ID201433,CID-075,d3a5e663-8a64-41de-a6a6-7beae3cda8af,2025-10-02,2025-11-01,1121.82,67.32,1189.14,Issued,SampleGen
INV-801bd22b-c7d2-4796-b612-b1c692997449,ID201434,CID-075,801bd22b-c7d2-4796-b612-b1c692997449,2025-11-10,2025-12-10,5963.86,357.84,6321.7,Issued,SampleGen
INV-8d9dcbb4-091f-4b30-b056-fc803a4589ca,ID201435,CID-075,8d9dcbb4-091f-4b30-b056-fc803a4589ca,2025-12-02,2026-01-01,1303.88,78.24,1382.12,Issued,SampleGen
INV-1aaf7d15-d717-4eb3-88ec-38ed83c3e737,ID201436,CID-075,1aaf7d15-d717-4eb3-88ec-38ed83c3e737,2026-01-17,2026-02-16,2451.82,147.12,2598.94,Issued,SampleGen
INV-ffa67e06-e518-4c86-84f0-02b2da8755f2,ID201437,CID-075,ffa67e06-e518-4c86-84f0-02b2da8755f2,2026-02-11,2026-03-13,499.92,30.0,529.92,Issued,SampleGen
INV-e581cfd9-c981-4e59-8752-153ab1c63489,ID201438,CID-075,e581cfd9-c981-4e59-8752-153ab1c63489,2026-02-02,2026-03-04,5439.78,326.4,5766.18,Issued,SampleGen
INV-c3d25b36-c2d1-4f0e-add9-ad48d841d042,ID201439,CID-075,c3d25b36-c2d1-4f0e-add9-ad48d841d042,2026-03-30,2026-04-29,543.92,32.64,576.56,Issued,SampleGen
INV-382a3be5-6ee5-42ba-84c0-f52df72e7186,ID201440,CID-075,382a3be5-6ee5-42ba-84c0-f52df72e7186,2026-03-16,2026-04-15,1943.72,116.64,2060.36,Issued,SampleGen
INV-2dd100dc-5e9f-4275-b643-c47612424c87,ID201441,CID-075,2dd100dc-5e9f-4275-b643-c47612424c87,2026-04-15,2026-05-15,6723.7,403.44,7127.14,Issued,SampleGen
INV-7cfff70b-b012-43a4-aee3-3db9727af39f,ID201442,CID-076,7cfff70b-b012-43a4-aee3-3db9727af39f,2025-01-30,2025-03-01,3311.76,198.72,3510.48,Issued,SampleGen
INV-b4607c6f-663a-4960-aa6f-9c81c630d349,ID201443,CID-076,b4607c6f-663a-4960-aa6f-9c81c630d349,2025-02-28,2025-03-30,2185.74,131.16,2316.9,Issued,SampleGen
INV-92114fa6-773a-41ca-88d9-67e05a44bd99,ID201444,CID-076,92114fa6-773a-41ca-88d9-67e05a44bd99,2025-05-28,2025-06-27,2895.74,173.76,3069.5,Issued,SampleGen
INV-a81086e6-7228-4d9f-97f8-6a37a7ff2104,ID201445,CID-076,a81086e6-7228-4d9f-97f8-6a37a7ff2104,2025-06-23,2025-07-23,5435.76,326.16,5761.92,Issued,SampleGen
INV-9b5ab498-9bf6-4f33-8f5b-50a64e9a934b,ID201446,CID-076,9b5ab498-9bf6-4f33-8f5b-50a64e9a934b,2025-07-30,2025-08-29,461.86,27.72,489.58,Issued,SampleGen
INV-eb350840-7031-4f6d-b265-9bf3e3bddbc2,ID201447,CID-076,eb350840-7031-4f6d-b265-9bf3e3bddbc2,2025-08-16,2025-09-15,631.84,37.92,669.76,Issued,SampleGen
INV-21604087-cf28-424b-a34d-b19ccdeae9e7,ID201448,CID-076,21604087-cf28-424b-a34d-b19ccdeae9e7,2025-09-13,2025-10-13,2303.86,138.24,2442.1,Issued,SampleGen
INV-a361cded-4a98-406a-b3c2-5cf4dfb3b5d4,ID201449,CID-076,a361cded-4a98-406a-b3c2-5cf4dfb3b5d4,2025-10-09,2025-11-08,609.84,36.6,646.44,Issued,SampleGen
INV-07f638e9-184f-43e4-b0d2-df1a77a281b0,ID201450,CID-076,07f638e9-184f-43e4-b0d2-df1a77a281b0,2025-11-24,2025-12-24,823.84,49.44,873.28,Issued,SampleGen
INV-d43b000b-e350-400b-9f40-3a30485f2aab,ID201451,CID-076,d43b000b-e350-400b-9f40-3a30485f2aab,2025-12-07,2026-01-06,3295.72,197.76,3493.48,Issued,SampleGen
INV-5a2ff64e-669e-448a-8c30-c623eebf7840,ID201452,CID-076,5a2ff64e-669e-448a-8c30-c623eebf7840,2026-02-01,2026-03-03,4883.8,293.04,5176.84,Issued,SampleGen
INV-36af9c1a-ee3b-4ff1-85b8-ac378356f4ea,ID201453,CID-076,36af9c1a-ee3b-4ff1-85b8-ac378356f4ea,2026-01-18,2026-02-17,3945.76,236.76,4182.52,Issued,SampleGen
INV-81ed011e-afa0-4ade-8187-08bad6714545,ID201454,CID-076,81ed011e-afa0-4ade-8187-08bad6714545,2026-02-24,2026-03-26,1791.8,107.52,1899.32,Issued,SampleGen
INV-573296cf-37bc-4c8d-b216-8e758664b05b,ID201455,CID-076,573296cf-37bc-4c8d-b216-8e758664b05b,2026-02-15,2026-03-17,1159.8,69.6,1229.4,Issued,SampleGen
INV-3671b61d-5363-46bf-8b32-31b82633c8a1,ID201456,CID-076,3671b61d-5363-46bf-8b32-31b82633c8a1,2026-03-11,2026-04-10,797.76,47.88,845.64,Issued,SampleGen
INV-18108ead-bbda-4ded-9900-868c14c2bd81,ID201457,CID-076,18108ead-bbda-4ded-9900-868c14c2bd81,2026-03-11,2026-04-10,1271.76,76.32,1348.08,Issued,SampleGen
INV-f226a320-181f-44e1-98e6-ccadcb1adba2,ID201458,CID-076,f226a320-181f-44e1-98e6-ccadcb1adba2,2026-04-25,2026-05-25,7763.7,465.84,8229.54,Issued,SampleGen
INV-58fc191d-22b4-4870-8653-1925d3226c45,ID201459,CID-076,58fc191d-22b4-4870-8653-1925d3226c45,2026-04-18,2026-05-18,1543.86,92.64,1636.5,Issued,SampleGen
INV-60ebc320-1da4-458a-9ff6-befa9f45d0d6,ID201460,CID-077,60ebc320-1da4-458a-9ff6-befa9f45d0d6,2025-03-01,2025-03-31,523.86,31.44,555.3,Issued,SampleGen
INV-21ea3a68-26c5-4176-adb8-ba96df448d7d,ID201461,CID-077,21ea3a68-26c5-4176-adb8-ba96df448d7d,2025-03-15,2025-04-14,545.82,32.76,578.58,Issued,SampleGen
INV-5847b79d-d05b-4532-96c9-8a1a5c793249,ID201462,CID-077,5847b79d-d05b-4532-96c9-8a1a5c793249,2025-04-10,2025-05-10,6683.78,401.04,7084.82,Issued,SampleGen
INV-82826654-8aa1-4fc0-b0da-e8f46bafeeb2,ID201463,CID-077,82826654-8aa1-4fc0-b0da-e8f46bafeeb2,2025-05-11,2025-06-10,847.76,50.88,898.64,Issued,SampleGen
INV-3cf02730-6818-489f-8aaa-15bc55c62c73,ID201464,CID-077,3cf02730-6818-489f-8aaa-15bc55c62c73,2025-06-24,2025-07-24,819.86,49.2,869.06,Issued,SampleGen
INV-c28e2946-60fd-4ec9-a3c3-c225cf248efb,ID201465,CID-077,c28e2946-60fd-4ec9-a3c3-c225cf248efb,2025-07-19,2025-08-18,4927.84,295.68,5223.52,Issued,SampleGen
INV-03e2b160-6eef-4acd-948d-5b147f50487f,ID201466,CID-077,03e2b160-6eef-4acd-948d-5b147f50487f,2025-08-29,2025-09-28,429.86,25.8,455.66,Issued,SampleGen
INV-39f68d4c-c573-4735-aea2-551f2c98239e,ID201467,CID-077,39f68d4c-c573-4735-aea2-551f2c98239e,2025-09-09,2025-10-09,751.76,45.12,796.88,Issued,SampleGen
INV-95aec2c3-657f-4b5a-8283-7600778e94c0,ID201468,CID-077,95aec2c3-657f-4b5a-8283-7600778e94c0,2025-10-19,2025-11-18,4487.8,269.28,4757.08,Issued,SampleGen
INV-d0c80d63-034e-467e-b335-3348d026fbc1,ID201469,CID-077,d0c80d63-034e-467e-b335-3348d026fbc1,2025-11-20,2025-12-20,1313.88,78.84,1392.72,Issued,SampleGen
INV-9869269a-0ef9-449c-9cb8-c52766163619,ID201470,CID-077,9869269a-0ef9-449c-9cb8-c52766163619,2026-01-01,2026-01-31,837.9,50.28,888.18,Issued,SampleGen
INV-ab108e52-5c1c-4191-9cbf-a76b9b289422,ID201471,CID-077,ab108e52-5c1c-4191-9cbf-a76b9b289422,2026-01-09,2026-02-08,1179.82,70.8,1250.62,Issued,SampleGen
INV-17a96279-9b38-47bf-adab-53bdc60368e4,ID201472,CID-077,17a96279-9b38-47bf-adab-53bdc60368e4,2026-02-19,2026-03-21,1591.82,95.52,1687.34,Issued,SampleGen
INV-9a158053-14a5-49cd-a689-6068cb57d0ab,ID201473,CID-077,9a158053-14a5-49cd-a689-6068cb57d0ab,2026-02-23,2026-03-25,289.9,17.4,307.3,Issued,SampleGen
INV-4a467255-1067-4fc4-a872-83d56f52cf3a,ID201474,CID-077,4a467255-1067-4fc4-a872-83d56f52cf3a,2026-03-02,2026-04-01,5251.84,315.12,5566.96,Issued,SampleGen
INV-35d8af9f-089b-4fcc-8f5e-e80c7ac6dfb3,ID201475,CID-077,35d8af9f-089b-4fcc-8f5e-e80c7ac6dfb3,2026-04-25,2026-05-25,1415.78,84.96,1500.74,Issued,SampleGen
INV-6657b099-081d-492a-b813-9a2865581329,ID201476,CID-077,6657b099-081d-492a-b813-9a2865581329,2026-04-19,2026-05-19,4751.72,285.12,5036.84,Issued,SampleGen
INV-e484a183-5037-4d25-859a-05c062f5f522,ID201477,CID-078,e484a183-5037-4d25-859a-05c062f5f522,2025-05-21,2025-06-20,1435.78,86.16,1521.94,Issued,SampleGen
INV-ef5f93dc-609f-4039-83cb-af10a6582755,ID201478,CID-078,ef5f93dc-609f-4039-83cb-af10a6582755,2025-12-08,2026-01-07,2843.82,170.64,3014.46,Issued,SampleGen
INV-a825c6c0-4a60-4eaa-935d-c8b69dea7912,ID201479,CID-078,a825c6c0-4a60-4eaa-935d-c8b69dea7912,2026-03-16,2026-04-15,675.88,40.56,716.44,Issued,SampleGen
INV-32286cdc-28ed-429b-9be2-fe4bc09c491a,ID201480,CID-079,32286cdc-28ed-429b-9be2-fe4bc09c491a,2025-02-18,2025-03-20,2705.88,162.36,2868.24,Issued,SampleGen
INV-4094229b-3944-408a-a353-56acf7288063,ID201481,CID-079,4094229b-3944-408a-a353-56acf7288063,2025-03-07,2025-04-06,1899.9,114.0,2013.9,Issued,SampleGen
INV-c16c430d-4286-4318-a004-df5211a4b0e6,ID201482,CID-079,c16c430d-4286-4318-a004-df5211a4b0e6,2025-04-11,2025-05-11,363.88,21.84,385.72,Issued,SampleGen
INV-2487e371-bf3e-48f9-9346-994bf8115141,ID201483,CID-079,2487e371-bf3e-48f9-9346-994bf8115141,2025-05-17,2025-06-16,1939.9,116.4,2056.3,Issued,SampleGen
INV-472735a8-faea-49f3-ba95-e60a9455b306,ID201484,CID-079,472735a8-faea-49f3-ba95-e60a9455b306,2025-06-24,2025-07-24,991.88,59.52,1051.4,Issued,SampleGen
INV-66127ec3-d23a-46a8-878c-d965f43c5614,ID201485,CID-079,66127ec3-d23a-46a8-878c-d965f43c5614,2025-07-05,2025-08-04,2929.76,175.8,3105.56,Issued,SampleGen
INV-f8e66796-cecc-407f-a650-018166a2b28f,ID201486,CID-079,f8e66796-cecc-407f-a650-018166a2b28f,2025-08-10,2025-09-09,821.8,49.32,871.12,Issued,SampleGen
INV-701196aa-6cc9-4698-9ff2-12c3a85c6f3a,ID201487,CID-079,701196aa-6cc9-4698-9ff2-12c3a85c6f3a,2025-09-27,2025-10-27,2281.82,136.92,2418.74,Issued,SampleGen
INV-7a42d42a-0611-4bca-8b30-222159fcf570,ID201488,CID-079,7a42d42a-0611-4bca-8b30-222159fcf570,2025-10-13,2025-11-12,1105.78,66.36,1172.14,Issued,SampleGen
INV-c05678c9-b561-4870-8b5e-e659b42aa718,ID201489,CID-079,c05678c9-b561-4870-8b5e-e659b42aa718,2025-11-15,2025-12-15,3905.82,234.36,4140.18,Issued,SampleGen
INV-6be32df8-7a75-477f-9857-a24032e8cb61,ID201490,CID-079,6be32df8-7a75-477f-9857-a24032e8cb61,2025-11-07,2025-12-07,1477.7,88.68,1566.38,Issued,SampleGen
INV-0c0e21e0-b27d-402e-ae97-5f6724268412,ID201491,CID-079,0c0e21e0-b27d-402e-ae97-5f6724268412,2025-12-21,2026-01-20,725.82,43.56,769.38,Issued,SampleGen
INV-05e40a0d-a31f-4fa3-9cc1-191b831e21eb,ID201492,CID-079,05e40a0d-a31f-4fa3-9cc1-191b831e21eb,2026-01-20,2026-02-19,6475.76,388.56,6864.32,Issued,SampleGen
INV-3d55fb2a-8f19-485d-a48c-dad616a3df06,ID201493,CID-079,3d55fb2a-8f19-485d-a48c-dad616a3df06,2026-02-19,2026-03-21,2595.88,155.76,2751.64,Issued,SampleGen
INV-3bad75ad-b69a-46de-b431-5757c064f310,ID201494,CID-079,3bad75ad-b69a-46de-b431-5757c064f310,2026-02-24,2026-03-26,4775.78,286.56,5062.34,Issued,SampleGen
INV-c36fcb74-bfa0-4608-81da-b1959ec3b9a3,ID201495,CID-079,c36fcb74-bfa0-4608-81da-b1959ec3b9a3,2026-03-19,2026-04-18,557.9,33.48,591.38,Issued,SampleGen
INV-b48a107b-916c-4096-b032-63104da25c3a,ID201496,CID-079,b48a107b-916c-4096-b032-63104da25c3a,2026-03-19,2026-04-18,5453.74,327.24,5780.98,Issued,SampleGen
INV-a812538d-0db3-4152-9f6a-be22dba044ce,ID201497,CID-079,a812538d-0db3-4152-9f6a-be22dba044ce,2026-05-01,2026-05-31,1135.72,68.16,1203.88,Issued,SampleGen
INV-1e022730-5ace-437f-add7-77bad9738743,ID201498,CID-079,1e022730-5ace-437f-add7-77bad9738743,2026-04-24,2026-05-24,2075.78,124.56,2200.34,Issued,SampleGen
INV-385a5371-6108-40cf-97a5-a4567cbb283c,ID201499,CID-080,385a5371-6108-40cf-97a5-a4567cbb283c,2025-02-28,2025-03-30,2569.76,154.2,2723.96,Issued,SampleGen
INV-654cc911-e4ae-4328-98f2-41bda5b47d5a,ID201500,CID-080,654cc911-e4ae-4328-98f2-41bda5b47d5a,2025-04-09,2025-05-09,363.88,21.84,385.72,Issued,SampleGen
INV-4cc3e860-2e13-41ca-956a-8f8389797196,ID201501,CID-080,4cc3e860-2e13-41ca-956a-8f8389797196,2025-07-01,2025-07-31,4075.86,244.56,4320.42,Issued,SampleGen
INV-462f5eec-252d-4ccd-8013-3d1a174589b2,ID201502,CID-080,462f5eec-252d-4ccd-8013-3d1a174589b2,2025-07-31,2025-08-30,1967.88,118.08,2085.96,Issued,SampleGen
INV-4faa51b2-c467-4e54-a469-bc9c5d86f846,ID201503,CID-080,4faa51b2-c467-4e54-a469-bc9c5d86f846,2025-08-16,2025-09-15,899.92,54.0,953.92,Issued,SampleGen
INV-1724c6e8-594e-46ae-afee-c15ad52b135f,ID201504,CID-080,1724c6e8-594e-46ae-afee-c15ad52b135f,2025-09-09,2025-10-09,2729.76,163.8,2893.56,Issued,SampleGen
INV-94d614ef-7db8-4c5c-96ae-62510bc6a242,ID201505,CID-080,94d614ef-7db8-4c5c-96ae-62510bc6a242,2026-02-20,2026-03-22,329.9,19.8,349.7,Issued,SampleGen
INV-5bf64c50-c6c3-4de8-8cee-fb8494b411fc,ID201506,CID-080,5bf64c50-c6c3-4de8-8cee-fb8494b411fc,2026-03-24,2026-04-23,4627.74,277.68,4905.42,Issued,SampleGen
INV-bb2784ee-3094-4d89-bead-35f15fe665d1,ID201507,CID-081,bb2784ee-3094-4d89-bead-35f15fe665d1,2025-03-31,2025-04-30,1035.9,62.16,1098.06,Issued,SampleGen
INV-edec5098-e210-408d-870f-a630040fdcaa,ID201508,CID-081,edec5098-e210-408d-870f-a630040fdcaa,2025-04-03,2025-05-03,3947.78,236.88,4184.66,Issued,SampleGen
INV-f31ac033-6c5b-4421-adfe-a553a83168df,ID201509,CID-081,f31ac033-6c5b-4421-adfe-a553a83168df,2025-05-18,2025-06-17,5207.76,312.48,5520.24,Issued,SampleGen
INV-115ed82c-898a-43a4-aabc-8b4d4adfc3ba,ID201510,CID-081,115ed82c-898a-43a4-aabc-8b4d4adfc3ba,2025-06-20,2025-07-20,1079.88,64.8,1144.68,Issued,SampleGen
INV-2644173e-3a1c-449a-89cb-70e75caf7a16,ID201511,CID-081,2644173e-3a1c-449a-89cb-70e75caf7a16,2025-07-16,2025-08-15,1193.78,71.64,1265.42,Issued,SampleGen
INV-d5808729-e0e2-4494-9078-572ad65022b0,ID201512,CID-081,d5808729-e0e2-4494-9078-572ad65022b0,2025-08-25,2025-09-24,815.88,48.96,864.84,Issued,SampleGen
INV-364cfac9-899d-4d06-b67a-8fbeea9190b0,ID201513,CID-081,364cfac9-899d-4d06-b67a-8fbeea9190b0,2025-09-03,2025-10-03,1831.76,109.92,1941.68,Issued,SampleGen
INV-b3ebedbc-a109-4b7d-95ca-e3ed3b88aade,ID201514,CID-081,b3ebedbc-a109-4b7d-95ca-e3ed3b88aade,2025-10-12,2025-11-11,463.84,27.84,491.68,Issued,SampleGen
INV-6b94a197-31eb-4645-a46c-73ea3db8afa3,ID201515,CID-081,6b94a197-31eb-4645-a46c-73ea3db8afa3,2025-11-19,2025-12-19,1875.86,112.56,1988.42,Issued,SampleGen
INV-3a32fbb8-5d9f-4111-a66b-db9e55f4847f,ID201516,CID-081,3a32fbb8-5d9f-4111-a66b-db9e55f4847f,2025-11-14,2025-12-14,1795.86,107.76,1903.62,Issued,SampleGen
INV-0ee372d2-13a3-4463-9568-9bd287d5ce9f,ID201517,CID-081,0ee372d2-13a3-4463-9568-9bd287d5ce9f,2025-12-02,2026-01-01,3567.88,214.08,3781.96,Issued,SampleGen
INV-6650ce29-2c6e-4ae6-a7dd-a84fd0c108ed,ID201518,CID-081,6650ce29-2c6e-4ae6-a7dd-a84fd0c108ed,2026-01-20,2026-02-19,3751.76,225.12,3976.88,Issued,SampleGen
INV-ad9b76c0-805b-4988-af8e-d6249a6fc30a,ID201519,CID-081,ad9b76c0-805b-4988-af8e-d6249a6fc30a,2026-02-09,2026-03-11,677.82,40.68,718.5,Issued,SampleGen
INV-2d96557f-830b-4827-b8cf-31a52f76c475,ID201520,CID-081,2d96557f-830b-4827-b8cf-31a52f76c475,2026-03-06,2026-04-05,2233.8,134.04,2367.84,Issued,SampleGen
INV-2221bd91-c148-4c2e-8694-16a9f820d2dd,ID201521,CID-081,2221bd91-c148-4c2e-8694-16a9f820d2dd,2026-03-07,2026-04-06,2111.82,126.72,2238.54,Issued,SampleGen
INV-f688d354-e5ec-4130-9c50-83220ca7bc45,ID201522,CID-081,f688d354-e5ec-4130-9c50-83220ca7bc45,2026-04-04,2026-05-04,4367.8,262.08,4629.88,Issued,SampleGen
INV-f5b4ab2a-b083-47b0-8b9d-9449b9e3de30,ID201523,CID-082,f5b4ab2a-b083-47b0-8b9d-9449b9e3de30,2025-01-30,2025-03-01,4315.8,258.96,4574.76,Issued,SampleGen
INV-22e876f2-9eb2-4e54-ae80-5171e71cfdbf,ID201524,CID-082,22e876f2-9eb2-4e54-ae80-5171e71cfdbf,2025-02-27,2025-03-29,1839.84,110.4,1950.24,Issued,SampleGen
INV-e494b482-73d5-4e53-869a-b10598138fc8,ID201525,CID-082,e494b482-73d5-4e53-869a-b10598138fc8,2025-03-18,2025-04-17,1327.86,79.68,1407.54,Issued,SampleGen
INV-accc92d5-ee77-4e9e-8245-aee2a38c871a,ID201526,CID-082,accc92d5-ee77-4e9e-8245-aee2a38c871a,2025-04-18,2025-05-18,3187.78,191.28,3379.06,Issued,SampleGen
INV-b250c639-2131-4187-8260-fe3a6dacae28,ID201527,CID-082,b250c639-2131-4187-8260-fe3a6dacae28,2025-04-12,2025-05-12,1979.9,118.8,2098.7,Issued,SampleGen
INV-4391eea8-fc66-4215-be02-686e2efd3a99,ID201528,CID-082,4391eea8-fc66-4215-be02-686e2efd3a99,2025-05-15,2025-06-14,1537.74,92.28,1630.02,Issued,SampleGen
INV-ea490087-31f7-4163-ac3c-e966081c2a3c,ID201529,CID-082,ea490087-31f7-4163-ac3c-e966081c2a3c,2025-05-25,2025-06-24,3155.84,189.36,3345.2,Issued,SampleGen
INV-064e077b-1ccc-4485-b258-d34ce1962790,ID201530,CID-082,064e077b-1ccc-4485-b258-d34ce1962790,2025-06-12,2025-07-12,1359.86,81.6,1441.46,Issued,SampleGen
INV-f306ad5b-f2de-4eef-97aa-3b2090c38fe0,ID201531,CID-082,f306ad5b-f2de-4eef-97aa-3b2090c38fe0,2025-07-01,2025-07-31,1729.86,103.8,1833.66,Issued,SampleGen
INV-162a0a82-beb1-473f-9b8b-9a776723bc7d,ID201532,CID-082,162a0a82-beb1-473f-9b8b-9a776723bc7d,2025-07-22,2025-08-21,1367.74,82.08,1449.82,Issued,SampleGen
INV-fa81b4b5-bd58-4e47-9ada-6581b6843513,ID201533,CID-082,fa81b4b5-bd58-4e47-9ada-6581b6843513,2025-07-29,2025-08-28,1927.86,115.68,2043.54,Issued,SampleGen
INV-86f3ad61-fced-4bd3-bb10-d3d9beae4ab8,ID201534,CID-082,86f3ad61-fced-4bd3-bb10-d3d9beae4ab8,2025-07-15,2025-08-14,2833.8,170.04,3003.84,Issued,SampleGen
INV-53b035bf-d79c-4540-af55-9d89a55a2234,ID201535,CID-082,53b035bf-d79c-4540-af55-9d89a55a2234,2025-08-03,2025-09-02,1311.76,78.72,1390.48,Issued,SampleGen
INV-cc6c505c-fcc7-454b-886e-ba0dbada92a5,ID201536,CID-082,cc6c505c-fcc7-454b-886e-ba0dbada92a5,2025-08-29,2025-09-28,2603.7,156.24,2759.94,Issued,SampleGen
INV-b2d52150-40b2-4823-b671-3631d244c559,ID201537,CID-082,b2d52150-40b2-4823-b671-3631d244c559,2025-09-19,2025-10-19,1163.78,69.84,1233.62,Issued,SampleGen
INV-cee23169-f5af-4bf3-9fc2-666e6c2a62a6,ID201538,CID-082,cee23169-f5af-4bf3-9fc2-666e6c2a62a6,2025-09-15,2025-10-15,609.84,36.6,646.44,Issued,SampleGen
INV-7d3d0b6e-d6fd-4678-8137-a1b96b51ed49,ID201539,CID-082,7d3d0b6e-d6fd-4678-8137-a1b96b51ed49,2025-09-09,2025-10-09,783.8,47.04,830.84,Issued,SampleGen
INV-343b8547-5842-4092-a092-e75019912710,ID201540,CID-082,343b8547-5842-4092-a092-e75019912710,2025-10-17,2025-11-16,475.8,28.56,504.36,Issued,SampleGen
INV-445e357f-ad0a-4a21-a4c3-9e468b2815df,ID201541,CID-082,445e357f-ad0a-4a21-a4c3-9e468b2815df,2025-10-26,2025-11-25,3683.8,221.04,3904.84,Issued,SampleGen
INV-fe01b069-6209-443b-8194-5b2061a1800a,ID201542,CID-082,fe01b069-6209-443b-8194-5b2061a1800a,2025-10-16,2025-11-15,551.88,33.12,585.0,Issued,SampleGen
INV-f5421ec3-447e-48bd-955f-dfff76f68433,ID201543,CID-082,f5421ec3-447e-48bd-955f-dfff76f68433,2025-11-06,2025-12-06,3211.78,192.72,3404.5,Issued,SampleGen
INV-2a40a65d-8f6c-4267-ac9d-488846215c1c,ID201544,CID-082,2a40a65d-8f6c-4267-ac9d-488846215c1c,2025-11-05,2025-12-05,2573.82,154.44,2728.26,Issued,SampleGen
INV-abb80d9c-5b36-484a-87b5-d6cc834671b5,ID201545,CID-082,abb80d9c-5b36-484a-87b5-d6cc834671b5,2025-11-08,2025-12-08,1247.8,74.88,1322.68,Issued,SampleGen
INV-66456671-0e51-4eb0-b0ea-3ea63addc9e8,ID201546,CID-082,66456671-0e51-4eb0-b0ea-3ea63addc9e8,2025-12-17,2026-01-16,1239.9,74.4,1314.3,Issued,SampleGen
INV-1987d1b9-3256-43a1-b090-72ab77131516,ID201547,CID-082,1987d1b9-3256-43a1-b090-72ab77131516,2025-12-12,2026-01-11,2119.76,127.2,2246.96,Issued,SampleGen
INV-9c09ad32-a2f4-4c5a-abd5-dcca69db2156,ID201548,CID-082,9c09ad32-a2f4-4c5a-abd5-dcca69db2156,2025-12-21,2026-01-20,2683.8,161.04,2844.84,Issued,SampleGen
INV-38b5b4b2-a3b5-45ad-bbff-c7609fca5338,ID201549,CID-082,38b5b4b2-a3b5-45ad-bbff-c7609fca5338,2026-01-15,2026-02-14,3223.88,193.44,3417.32,Issued,SampleGen
INV-b881784c-3451-48ad-aa77-61905e14c677,ID201550,CID-082,b881784c-3451-48ad-aa77-61905e14c677,2026-01-28,2026-02-27,895.78,53.76,949.54,Issued,SampleGen
INV-b15b63e8-19cd-4138-8ef5-ed8f0263bbc2,ID201551,CID-082,b15b63e8-19cd-4138-8ef5-ed8f0263bbc2,2026-01-07,2026-02-06,511.86,30.72,542.58,Issued,SampleGen
INV-5134b3cc-a705-4831-b06a-ed5e66980996,ID201552,CID-082,5134b3cc-a705-4831-b06a-ed5e66980996,2026-02-23,2026-03-25,3987.8,239.28,4227.08,Issued,SampleGen
INV-efd1aa92-e720-47de-b25d-0d2944a2aec5,ID201553,CID-082,efd1aa92-e720-47de-b25d-0d2944a2aec5,2026-02-11,2026-03-13,4179.78,250.8,4430.58,Issued,SampleGen
INV-d529908b-6539-4c3c-ab84-d14818dc4f9f,ID201554,CID-082,d529908b-6539-4c3c-ab84-d14818dc4f9f,2026-02-12,2026-03-14,357.9,21.48,379.38,Issued,SampleGen
INV-8bfeecce-ccab-419b-85bd-54b52be399f7,ID201555,CID-082,8bfeecce-ccab-419b-85bd-54b52be399f7,2026-02-22,2026-03-24,3503.8,210.24,3714.04,Issued,SampleGen
INV-642326b5-d89b-45f6-9114-3b6553600144,ID201556,CID-082,642326b5-d89b-45f6-9114-3b6553600144,2026-03-18,2026-04-17,517.86,31.08,548.94,Issued,SampleGen
INV-0ee6b967-ace6-4e4a-91c2-f2d234a2ab00,ID201557,CID-082,0ee6b967-ace6-4e4a-91c2-f2d234a2ab00,2026-03-19,2026-04-18,719.92,43.2,763.12,Issued,SampleGen
INV-9293bda6-4b47-447e-a199-94cd834d61f0,ID201558,CID-082,9293bda6-4b47-447e-a199-94cd834d61f0,2026-03-07,2026-04-06,753.86,45.24,799.1,Issued,SampleGen
INV-402bdfc3-79f1-4d91-8976-41b57a8b02e1,ID201559,CID-082,402bdfc3-79f1-4d91-8976-41b57a8b02e1,2026-03-04,2026-04-03,871.8,52.32,924.12,Issued,SampleGen
INV-3c0afa37-2200-4ecd-9c7b-e01d6303048d,ID201560,CID-082,3c0afa37-2200-4ecd-9c7b-e01d6303048d,2026-04-15,2026-05-15,595.86,35.76,631.62,Issued,SampleGen
INV-0561b03d-6025-4217-8afe-73a11cc22fbe,ID201561,CID-082,0561b03d-6025-4217-8afe-73a11cc22fbe,2026-04-17,2026-05-17,2691.78,161.52,2853.3,Issued,SampleGen
INV-59535e14-2181-449f-9246-a7fb2c16fab8,ID201562,CID-082,59535e14-2181-449f-9246-a7fb2c16fab8,2026-04-04,2026-05-04,991.88,59.52,1051.4,Issued,SampleGen
INV-c0ab2e5c-54c6-4748-a933-816b364e8c43,ID201563,CID-082,c0ab2e5c-54c6-4748-a933-816b364e8c43,2026-04-05,2026-05-05,1015.74,60.96,1076.7,Issued,SampleGen
INV-113885bc-8ad4-4edd-be2c-fd937ec72d5c,ID201564,CID-083,113885bc-8ad4-4edd-be2c-fd937ec72d5c,2025-02-10,2025-03-12,501.8,30.12,531.92,Issued,SampleGen
INV-3dc84302-0784-4283-962e-020caae73773,ID201565,CID-083,3dc84302-0784-4283-962e-020caae73773,2025-03-19,2025-04-18,3719.82,223.2,3943.02,Issued,SampleGen
INV-064054df-1da9-46a1-90c8-78525c3f578f,ID201566,CID-083,064054df-1da9-46a1-90c8-78525c3f578f,2025-04-27,2025-05-27,3935.82,236.16,4171.98,Issued,SampleGen
INV-929c5251-ab1d-4e4f-ad28-4107266c9a1b,ID201567,CID-083,929c5251-ab1d-4e4f-ad28-4107266c9a1b,2025-05-10,2025-06-09,863.76,51.84,915.6,Issued,SampleGen
INV-8cb4c7e4-b8c9-410e-87af-4edc65b9963f,ID201568,CID-083,8cb4c7e4-b8c9-410e-87af-4edc65b9963f,2025-06-27,2025-07-27,1403.86,84.24,1488.1,Issued,SampleGen
INV-67828e67-218e-4151-a770-32206082f194,ID201569,CID-083,67828e67-218e-4151-a770-32206082f194,2025-06-03,2025-07-03,2895.76,173.76,3069.52,Issued,SampleGen
INV-7e8a7dde-f4bc-4283-b3fa-541d0cf4b1e1,ID201570,CID-083,7e8a7dde-f4bc-4283-b3fa-541d0cf4b1e1,2025-07-04,2025-08-03,389.86,23.4,413.26,Issued,SampleGen
INV-153cdf35-0f2c-4f0d-a00b-ed4c2c78af99,ID201571,CID-083,153cdf35-0f2c-4f0d-a00b-ed4c2c78af99,2025-08-14,2025-09-13,403.82,24.24,428.06,Issued,SampleGen
INV-96d59a9b-330b-46e6-ba4d-7ab97c473534,ID201572,CID-083,96d59a9b-330b-46e6-ba4d-7ab97c473534,2025-10-01,2025-10-31,2037.8,122.28,2160.08,Issued,SampleGen
INV-e708f8be-4c62-4827-9f10-fb9a8d938155,ID201573,CID-083,e708f8be-4c62-4827-9f10-fb9a8d938155,2025-10-06,2025-11-05,935.8,56.16,991.96,Issued,SampleGen
INV-2c22237e-9a60-42f3-b64b-f12fe3be5e3b,ID201574,CID-083,2c22237e-9a60-42f3-b64b-f12fe3be5e3b,2025-11-18,2025-12-18,903.88,54.24,958.12,Issued,SampleGen
INV-a3e72e53-5220-40b0-90aa-73b9060e7dbf,ID201575,CID-083,a3e72e53-5220-40b0-90aa-73b9060e7dbf,2025-12-12,2026-01-11,1609.84,96.6,1706.44,Issued,SampleGen
INV-64c0531e-6020-4218-a532-22016b87aa9b,ID201576,CID-083,64c0531e-6020-4218-a532-22016b87aa9b,2025-12-31,2026-01-30,1319.82,79.2,1399.02,Issued,SampleGen
INV-ad9af983-6108-46d9-a1b6-900e93b1c51a,ID201577,CID-083,ad9af983-6108-46d9-a1b6-900e93b1c51a,2026-01-07,2026-02-06,687.84,41.28,729.12,Issued,SampleGen
INV-48287075-6a41-4966-9eb0-ed1f0118fb0b,ID201578,CID-083,48287075-6a41-4966-9eb0-ed1f0118fb0b,2026-02-08,2026-03-10,4687.76,281.28,4969.04,Issued,SampleGen
INV-3dc194af-eb62-4972-9589-67b9d1d9bfc5,ID201579,CID-083,3dc194af-eb62-4972-9589-67b9d1d9bfc5,2026-02-26,2026-03-28,763.82,45.84,809.66,Issued,SampleGen
INV-66316cf3-4555-492d-b315-fb42801899cc,ID201580,CID-083,66316cf3-4555-492d-b315-fb42801899cc,2026-03-21,2026-04-20,3159.72,189.6,3349.32,Issued,SampleGen
INV-510dee03-28ef-44ec-85f0-0cf7a797f2a9,ID201581,CID-083,510dee03-28ef-44ec-85f0-0cf7a797f2a9,2026-03-08,2026-04-07,4107.78,246.48,4354.26,Issued,SampleGen
INV-1ad0c370-e55d-4fcb-a779-86d415ec7d8e,ID201582,CID-083,1ad0c370-e55d-4fcb-a779-86d415ec7d8e,2026-05-01,2026-05-31,429.86,25.8,455.66,Issued,SampleGen
INV-b3aa9f9b-2ec0-4be3-9c28-0031af1ad8e4,ID201583,CID-084,b3aa9f9b-2ec0-4be3-9c28-0031af1ad8e4,2025-02-24,2025-03-26,261.9,15.72,277.62,Issued,SampleGen
INV-1e72022b-1955-408c-9977-bc86cd5af976,ID201584,CID-084,1e72022b-1955-408c-9977-bc86cd5af976,2025-03-16,2025-04-15,499.88,30.0,529.88,Issued,SampleGen
INV-42e6bdc1-211f-4d01-addb-4f2b428f030b,ID201585,CID-084,42e6bdc1-211f-4d01-addb-4f2b428f030b,2025-04-10,2025-05-10,3421.82,205.32,3627.14,Issued,SampleGen
INV-a0121c64-3bcc-461d-bdb6-cc2958e7d7db,ID201586,CID-084,a0121c64-3bcc-461d-bdb6-cc2958e7d7db,2025-05-13,2025-06-12,2107.7,126.48,2234.18,Issued,SampleGen
INV-c4a98665-88d0-49ea-970f-800a0ffe66d9,ID201587,CID-084,c4a98665-88d0-49ea-970f-800a0ffe66d9,2025-06-18,2025-07-18,3903.76,234.24,4138.0,Issued,SampleGen
INV-d5db8a73-498b-4c72-b178-6f0474e3b346,ID201588,CID-084,d5db8a73-498b-4c72-b178-6f0474e3b346,2025-07-15,2025-08-14,1599.88,96.0,1695.88,Issued,SampleGen
INV-068b189d-ddd2-4441-9d82-19c13fa9b84c,ID201589,CID-084,068b189d-ddd2-4441-9d82-19c13fa9b84c,2025-08-06,2025-09-05,635.9,38.16,674.06,Issued,SampleGen
INV-d8b51723-abdc-49b8-87de-25f3a5408d13,ID201590,CID-084,d8b51723-abdc-49b8-87de-25f3a5408d13,2025-08-17,2025-09-16,467.88,28.08,495.96,Issued,SampleGen
INV-b02af9f8-2902-4df6-8099-2841b5f4e1b3,ID201591,CID-084,b02af9f8-2902-4df6-8099-2841b5f4e1b3,2025-09-12,2025-10-12,1913.82,114.84,2028.66,Issued,SampleGen
INV-ec75d272-6d5e-4eb1-8225-ee500ed582e9,ID201592,CID-084,ec75d272-6d5e-4eb1-8225-ee500ed582e9,2025-10-08,2025-11-07,3019.82,181.2,3201.02,Issued,SampleGen
INV-081ecb01-d402-447e-ae7f-080aa7af78cd,ID201593,CID-084,081ecb01-d402-447e-ae7f-080aa7af78cd,2025-11-10,2025-12-10,2531.72,151.92,2683.64,Issued,SampleGen
INV-fbe56611-1045-4550-890f-a35dd5a118be,ID201594,CID-084,fbe56611-1045-4550-890f-a35dd5a118be,2025-11-10,2025-12-10,4285.74,257.16,4542.9,Issued,SampleGen
INV-3b21ebc3-75bb-448d-a268-ddc4d37dd822,ID201595,CID-084,3b21ebc3-75bb-448d-a268-ddc4d37dd822,2025-12-04,2026-01-03,893.82,53.64,947.46,Issued,SampleGen
INV-fce20b09-72ae-48a4-88f6-2b86e3c60fa0,ID201596,CID-084,fce20b09-72ae-48a4-88f6-2b86e3c60fa0,2025-12-18,2026-01-17,1403.82,84.24,1488.06,Issued,SampleGen
INV-e0ea4c31-8eef-4f6a-8777-7d317de27dc0,ID201597,CID-084,e0ea4c31-8eef-4f6a-8777-7d317de27dc0,2026-01-13,2026-02-12,1599.82,96.0,1695.82,Issued,SampleGen
INV-b39ef9eb-3c2e-4b54-9735-3bf7ad965ccf,ID201598,CID-084,b39ef9eb-3c2e-4b54-9735-3bf7ad965ccf,2026-01-12,2026-02-11,3951.84,237.12,4188.96,Issued,SampleGen
INV-4c52b4f9-5a22-4cd7-8bd5-5f8408d97585,ID201599,CID-084,4c52b4f9-5a22-4cd7-8bd5-5f8408d97585,2026-02-21,2026-03-23,4455.84,267.36,4723.2,Issued,SampleGen
INV-eadf28c4-efae-4778-829a-a2509466871e,ID201600,CID-084,eadf28c4-efae-4778-829a-a2509466871e,2026-02-06,2026-03-08,531.84,31.92,563.76,Issued,SampleGen
INV-cf7d119c-1b02-4717-9c89-64713948aef0,ID201601,CID-084,cf7d119c-1b02-4717-9c89-64713948aef0,2026-03-24,2026-04-23,4947.76,296.88,5244.64,Issued,SampleGen
INV-de89c682-e49a-400d-b686-196cfff3b38a,ID201602,CID-084,de89c682-e49a-400d-b686-196cfff3b38a,2026-03-26,2026-04-25,1519.92,91.2,1611.12,Issued,SampleGen
INV-c0fd9d19-0400-4aa3-9c21-fbe05fb93fdc,ID201603,CID-084,c0fd9d19-0400-4aa3-9c21-fbe05fb93fdc,2026-04-10,2026-05-10,4987.76,299.28,5287.04,Issued,SampleGen
INV-e38aacda-ab7b-42c3-8667-13e172271e68,ID201604,CID-084,e38aacda-ab7b-42c3-8667-13e172271e68,2026-04-24,2026-05-24,4683.74,281.04,4964.78,Issued,SampleGen
INV-d3831cad-dad7-46e2-a2d5-055d92ee188d,ID201605,CID-085,d3831cad-dad7-46e2-a2d5-055d92ee188d,2025-01-16,2025-02-15,2059.86,123.6,2183.46,Issued,SampleGen
INV-37ba2fc0-0ce6-4122-ac8a-3eb3da83d88f,ID201606,CID-085,37ba2fc0-0ce6-4122-ac8a-3eb3da83d88f,2025-03-20,2025-04-19,2239.84,134.4,2374.24,Issued,SampleGen
INV-751f89f6-0910-4cc2-85ac-677ef22e8ceb,ID201607,CID-085,751f89f6-0910-4cc2-85ac-677ef22e8ceb,2025-04-23,2025-05-23,899.72,54.0,953.72,Issued,SampleGen
INV-8ff51c19-f2f7-4470-aba4-5682af76b9ce,ID201608,CID-085,8ff51c19-f2f7-4470-aba4-5682af76b9ce,2025-05-20,2025-06-19,543.84,32.64,576.48,Issued,SampleGen
INV-4e099481-bd33-491d-b6b0-49e9447d9c6c,ID201609,CID-085,4e099481-bd33-491d-b6b0-49e9447d9c6c,2025-06-07,2025-07-07,953.78,57.24,1011.02,Issued,SampleGen
INV-127326be-5eaf-477a-8b5e-ba4be6a51398,ID201610,CID-085,127326be-5eaf-477a-8b5e-ba4be6a51398,2025-07-05,2025-08-04,2819.86,169.2,2989.06,Issued,SampleGen
INV-768427d4-def4-482e-ae93-ac5a88742a89,ID201611,CID-085,768427d4-def4-482e-ae93-ac5a88742a89,2025-08-13,2025-09-12,1237.8,74.28,1312.08,Issued,SampleGen
INV-9a93048e-ccb9-40d6-8665-67cabf02ced0,ID201612,CID-085,9a93048e-ccb9-40d6-8665-67cabf02ced0,2025-09-15,2025-10-15,1887.92,113.28,2001.2,Issued,SampleGen
INV-13daecbc-6efc-4289-b626-3853d013d212,ID201613,CID-085,13daecbc-6efc-4289-b626-3853d013d212,2025-10-04,2025-11-03,449.82,27.0,476.82,Issued,SampleGen
INV-59e7b92b-19a9-44fb-b604-c5772622b033,ID201614,CID-085,59e7b92b-19a9-44fb-b604-c5772622b033,2025-11-08,2025-12-08,8495.72,509.76,9005.48,Issued,SampleGen
INV-9633dcb3-6100-4fce-852d-48fe9752848b,ID201615,CID-085,9633dcb3-6100-4fce-852d-48fe9752848b,2025-12-29,2026-01-28,2223.8,133.44,2357.24,Issued,SampleGen
INV-953eed7b-a0fd-44f4-9c7c-5b582825ecd1,ID201616,CID-085,953eed7b-a0fd-44f4-9c7c-5b582825ecd1,2026-01-02,2026-02-01,2443.82,146.64,2590.46,Issued,SampleGen
INV-6ab105c7-460a-4a1b-a721-5a6829eac19f,ID201617,CID-085,6ab105c7-460a-4a1b-a721-5a6829eac19f,2026-02-17,2026-03-19,527.84,31.68,559.52,Issued,SampleGen
INV-00118bce-2b6d-45e1-944c-1299b3ae9965,ID201618,CID-085,00118bce-2b6d-45e1-944c-1299b3ae9965,2026-03-22,2026-04-21,3115.72,186.96,3302.68,Issued,SampleGen
INV-020b0c4e-f291-4339-a56a-97f9eb23ad76,ID201619,CID-085,020b0c4e-f291-4339-a56a-97f9eb23ad76,2026-04-08,2026-05-08,2915.9,174.96,3090.86,Issued,SampleGen
INV-1cafa19d-d513-41db-a208-6de42e2f7aa5,ID201620,CID-086,1cafa19d-d513-41db-a208-6de42e2f7aa5,2025-02-01,2025-03-03,1975.8,118.56,2094.36,Issued,SampleGen
INV-fd7ca5af-f1e0-4072-9653-41ca60afb896,ID201621,CID-086,fd7ca5af-f1e0-4072-9653-41ca60afb896,2025-02-07,2025-03-09,4547.86,272.88,4820.74,Issued,SampleGen
INV-7af378bf-6650-4b87-9cef-aae456199dbb,ID201622,CID-086,7af378bf-6650-4b87-9cef-aae456199dbb,2025-09-01,2025-10-01,539.86,32.4,572.26,Issued,SampleGen
INV-328e6eef-c60a-424b-a796-e57fd67fc886,ID201623,CID-086,328e6eef-c60a-424b-a796-e57fd67fc886,2025-11-17,2025-12-17,4525.74,271.56,4797.3,Issued,SampleGen
INV-eb049d4c-b651-4c07-bb4c-7d1d527758ff,ID201624,CID-086,eb049d4c-b651-4c07-bb4c-7d1d527758ff,2025-12-12,2026-01-11,3447.78,206.88,3654.66,Issued,SampleGen
INV-a1642336-97f7-4e96-adc1-340673915931,ID201625,CID-086,a1642336-97f7-4e96-adc1-340673915931,2026-01-05,2026-02-04,381.86,22.92,404.78,Issued,SampleGen
INV-1770912f-221c-4fa2-8481-1e4d79aceca4,ID201626,CID-086,1770912f-221c-4fa2-8481-1e4d79aceca4,2026-02-24,2026-03-26,983.92,59.04,1042.96,Issued,SampleGen
INV-19aaa2c1-2bf4-449d-bb22-e261e42a2528,ID201627,CID-086,19aaa2c1-2bf4-449d-bb22-e261e42a2528,2026-03-05,2026-04-04,2535.72,152.16,2687.88,Issued,SampleGen
INV-c1e05171-e6d1-4ff0-b273-8c1ff825627f,ID201628,CID-086,c1e05171-e6d1-4ff0-b273-8c1ff825627f,2026-04-07,2026-05-07,2387.84,143.28,2531.12,Issued,SampleGen
INV-78ed707f-4823-4075-9eec-a8011721ca4d,ID201629,CID-087,78ed707f-4823-4075-9eec-a8011721ca4d,2025-01-26,2025-02-25,379.86,22.8,402.66,Issued,SampleGen
INV-b3b9dd75-65d9-4733-bdce-730da20265f1,ID201630,CID-087,b3b9dd75-65d9-4733-bdce-730da20265f1,2025-05-14,2025-06-13,803.8,48.24,852.04,Issued,SampleGen
INV-db5558de-19b8-405b-b281-c6c1871c56b9,ID201631,CID-087,db5558de-19b8-405b-b281-c6c1871c56b9,2025-06-05,2025-07-05,2659.86,159.6,2819.46,Issued,SampleGen
INV-57899d93-3376-459b-8ad2-3aaa6a75550c,ID201632,CID-087,57899d93-3376-459b-8ad2-3aaa6a75550c,2025-07-23,2025-08-22,3507.88,210.48,3718.36,Issued,SampleGen
INV-8c4d0850-2b33-4910-b8ae-c67338e2a95a,ID201633,CID-087,8c4d0850-2b33-4910-b8ae-c67338e2a95a,2025-08-30,2025-09-29,469.9,28.2,498.1,Issued,SampleGen
INV-d0791fa4-14a2-4a74-8632-f4f3ae1fa751,ID201634,CID-087,d0791fa4-14a2-4a74-8632-f4f3ae1fa751,2025-09-18,2025-10-18,2789.74,167.4,2957.14,Issued,SampleGen
INV-7ceb9aa1-cb23-46ab-a399-c45128a9e0de,ID201635,CID-087,7ceb9aa1-cb23-46ab-a399-c45128a9e0de,2025-10-31,2025-11-30,875.78,52.56,928.34,Issued,SampleGen
INV-e31518bf-dd93-44ce-af54-8cc8ffab9a57,ID201636,CID-087,e31518bf-dd93-44ce-af54-8cc8ffab9a57,2025-11-13,2025-12-13,7745.76,464.76,8210.52,Issued,SampleGen
INV-d3f81c40-17f0-48c0-8388-6f6ec063b720,ID201637,CID-087,d3f81c40-17f0-48c0-8388-6f6ec063b720,2025-12-11,2026-01-10,1531.82,91.92,1623.74,Issued,SampleGen
INV-e876e8d0-ea91-4a9b-a070-bcf260571fcf,ID201638,CID-087,e876e8d0-ea91-4a9b-a070-bcf260571fcf,2026-01-13,2026-02-12,4527.84,271.68,4799.52,Issued,SampleGen
INV-ccf26573-dfdc-4480-b1a3-eb1a77dca63d,ID201639,CID-087,ccf26573-dfdc-4480-b1a3-eb1a77dca63d,2026-02-08,2026-03-10,565.86,33.96,599.82,Issued,SampleGen
INV-76766cf6-afc0-4355-beff-7a7ce9bf09ba,ID201640,CID-087,76766cf6-afc0-4355-beff-7a7ce9bf09ba,2026-03-25,2026-04-24,2327.8,139.68,2467.48,Issued,SampleGen
INV-22ff4834-05e4-48e7-976b-207ab695a6b3,ID201641,CID-087,22ff4834-05e4-48e7-976b-207ab695a6b3,2026-03-27,2026-04-26,977.76,58.68,1036.44,Issued,SampleGen
INV-310f8d30-f4fa-4712-96c2-9eb1f03baa73,ID201642,CID-087,310f8d30-f4fa-4712-96c2-9eb1f03baa73,2026-04-26,2026-05-26,2319.84,139.2,2459.04,Issued,SampleGen
INV-075b79fe-9357-44dd-b984-85875a8a8d0e,ID201643,CID-088,075b79fe-9357-44dd-b984-85875a8a8d0e,2025-03-09,2025-04-08,1763.8,105.84,1869.64,Issued,SampleGen
INV-40d68049-75d0-4130-926f-a393865d6496,ID201644,CID-088,40d68049-75d0-4130-926f-a393865d6496,2025-04-10,2025-05-10,899.78,54.0,953.78,Issued,SampleGen
INV-752940c9-0870-4b38-a8de-46ee22c0e573,ID201645,CID-088,752940c9-0870-4b38-a8de-46ee22c0e573,2025-05-16,2025-06-15,2923.86,175.44,3099.3,Issued,SampleGen
INV-9d00940b-4772-4f60-93be-703c25093a1b,ID201646,CID-088,9d00940b-4772-4f60-93be-703c25093a1b,2025-09-19,2025-10-19,3839.8,230.4,4070.2,Issued,SampleGen
INV-2be66812-439e-4f6e-95b7-f625e93fba60,ID201647,CID-088,2be66812-439e-4f6e-95b7-f625e93fba60,2026-01-30,2026-03-01,2157.84,129.48,2287.32,Issued,SampleGen
INV-bc45e324-8547-4b2d-b752-c8fbfbbb0ac4,ID201648,CID-088,bc45e324-8547-4b2d-b752-c8fbfbbb0ac4,2026-02-14,2026-03-16,5067.74,304.08,5371.82,Issued,SampleGen
INV-f304fbfc-9c04-4b4d-a2f9-45bb4432e1f8,ID201649,CID-088,f304fbfc-9c04-4b4d-a2f9-45bb4432e1f8,2026-03-07,2026-04-06,597.84,35.88,633.72,Issued,SampleGen
INV-d609e91d-abee-49eb-b7f2-4d7348dd3069,ID201650,CID-089,d609e91d-abee-49eb-b7f2-4d7348dd3069,2025-01-09,2025-02-08,2875.86,172.56,3048.42,Issued,SampleGen
INV-37e6acce-bd2b-48be-b91d-c3c0e45e838f,ID201651,CID-089,37e6acce-bd2b-48be-b91d-c3c0e45e838f,2025-02-25,2025-03-27,2223.8,133.44,2357.24,Issued,SampleGen
INV-907d8455-ee97-4877-90d8-72f56275392a,ID201652,CID-089,907d8455-ee97-4877-90d8-72f56275392a,2025-03-22,2025-04-21,899.9,54.0,953.9,Issued,SampleGen
INV-880f7dcd-9577-498b-a971-94c420ba4a26,ID201653,CID-089,880f7dcd-9577-498b-a971-94c420ba4a26,2025-04-04,2025-05-04,4627.82,277.68,4905.5,Issued,SampleGen
INV-958c4a60-6d85-4546-b4a9-13a40af57bda,ID201654,CID-089,958c4a60-6d85-4546-b4a9-13a40af57bda,2025-06-22,2025-07-22,899.9,54.0,953.9,Issued,SampleGen
INV-a51caeed-7e7a-4eb4-822c-f2909a91a8c7,ID201655,CID-089,a51caeed-7e7a-4eb4-822c-f2909a91a8c7,2025-07-08,2025-08-07,343.86,20.64,364.5,Issued,SampleGen
INV-1d6a59fe-fc17-41fd-9ac9-c66bfd1fdca7,ID201656,CID-089,1d6a59fe-fc17-41fd-9ac9-c66bfd1fdca7,2025-08-25,2025-09-24,783.86,47.04,830.9,Issued,SampleGen
INV-a34afa9c-2155-48cf-91ce-8984fa17f80a,ID201657,CID-089,a34afa9c-2155-48cf-91ce-8984fa17f80a,2025-09-02,2025-10-02,2011.84,120.72,2132.56,Issued,SampleGen
INV-1c88663c-8571-4f61-bd34-2b67800f998b,ID201658,CID-089,1c88663c-8571-4f61-bd34-2b67800f998b,2025-10-23,2025-11-22,2919.72,175.2,3094.92,Issued,SampleGen
INV-5e2c21fd-26e3-40b1-a156-1b8b1f96ea7b,ID201659,CID-089,5e2c21fd-26e3-40b1-a156-1b8b1f96ea7b,2025-11-09,2025-12-09,2187.72,131.28,2319.0,Issued,SampleGen
INV-6ce67399-be1d-4ac5-b87d-704765674ab8,ID201660,CID-089,6ce67399-be1d-4ac5-b87d-704765674ab8,2025-11-27,2025-12-27,857.74,51.48,909.22,Issued,SampleGen
INV-2918509c-fe13-4c19-882c-4d79f998b068,ID201661,CID-089,2918509c-fe13-4c19-882c-4d79f998b068,2025-12-17,2026-01-16,1247.74,74.88,1322.62,Issued,SampleGen
INV-0a8660e7-ea03-435f-88fb-6e229564202f,ID201662,CID-089,0a8660e7-ea03-435f-88fb-6e229564202f,2026-01-19,2026-02-18,3539.88,212.4,3752.28,Issued,SampleGen
INV-fd48b923-25d1-4337-8ab6-db6f775e4e48,ID201663,CID-089,fd48b923-25d1-4337-8ab6-db6f775e4e48,2026-01-28,2026-02-27,419.88,25.2,445.08,Issued,SampleGen
INV-055d68d9-1f4a-4614-8ede-c43bca706ba0,ID201664,CID-089,055d68d9-1f4a-4614-8ede-c43bca706ba0,2026-02-07,2026-03-09,1717.86,103.08,1820.94,Issued,SampleGen
INV-2c3587a2-0797-45d7-87cf-72819aa387dc,ID201665,CID-089,2c3587a2-0797-45d7-87cf-72819aa387dc,2026-03-01,2026-03-31,3223.88,193.44,3417.32,Issued,SampleGen
INV-a360276e-ca61-4bb4-8e0d-89b978a10525,ID201666,CID-089,a360276e-ca61-4bb4-8e0d-89b978a10525,2026-03-29,2026-04-28,357.9,21.48,379.38,Issued,SampleGen
INV-bde54815-12e1-4f9f-a50d-cd7b7e8f42c8,ID201667,CID-089,bde54815-12e1-4f9f-a50d-cd7b7e8f42c8,2026-03-04,2026-04-03,1765.74,105.96,1871.7,Issued,SampleGen
INV-41db32fe-b56a-4cd3-a9a9-ceb3e9b68779,ID201668,CID-089,41db32fe-b56a-4cd3-a9a9-ceb3e9b68779,2026-04-10,2026-05-10,2183.84,131.04,2314.88,Issued,SampleGen
INV-2f888969-e0ae-4281-abb7-f6058a7cc30c,ID201669,CID-089,2f888969-e0ae-4281-abb7-f6058a7cc30c,2026-04-08,2026-05-08,423.9,25.44,449.34,Issued,SampleGen
INV-4cca7c2b-ee37-4fc7-ab64-9baaa9503ae1,ID201670,CID-090,4cca7c2b-ee37-4fc7-ab64-9baaa9503ae1,2025-02-14,2025-03-16,2235.84,134.16,2370.0,Issued,SampleGen
INV-61436703-682e-4b6e-b56a-0ba9d52d78d6,ID201671,CID-090,61436703-682e-4b6e-b56a-0ba9d52d78d6,2025-03-13,2025-04-12,4339.74,260.4,4600.14,Issued,SampleGen
INV-58353133-08f1-40c8-a82e-4691b545e79d,ID201672,CID-090,58353133-08f1-40c8-a82e-4691b545e79d,2025-06-08,2025-07-08,375.9,22.56,398.46,Issued,SampleGen
INV-bcaafd6d-73b9-4ff1-a0ed-7b22acd00dd9,ID201673,CID-090,bcaafd6d-73b9-4ff1-a0ed-7b22acd00dd9,2025-07-05,2025-08-04,1555.74,93.36,1649.1,Issued,SampleGen
INV-50a7ad63-a93d-480b-ab81-747b1b7047d3,ID201674,CID-090,50a7ad63-a93d-480b-ab81-747b1b7047d3,2025-08-13,2025-09-12,903.8,54.24,958.04,Issued,SampleGen
INV-7d1b7961-a336-4957-953d-274ca26e2a8c,ID201675,CID-090,7d1b7961-a336-4957-953d-274ca26e2a8c,2025-10-25,2025-11-24,527.88,31.68,559.56,Issued,SampleGen
INV-1c56bfc7-f2b0-479e-b767-66e9c54aaac6,ID201676,CID-090,1c56bfc7-f2b0-479e-b767-66e9c54aaac6,2025-12-07,2026-01-06,2831.88,169.92,3001.8,Issued,SampleGen
INV-a7f6e83f-8f92-496f-9dc9-9792f3a16292,ID201677,CID-090,a7f6e83f-8f92-496f-9dc9-9792f3a16292,2026-03-15,2026-04-14,3179.8,190.8,3370.6,Issued,SampleGen
INV-a56de839-3894-4692-97ed-dc770c984c69,ID201678,CID-090,a56de839-3894-4692-97ed-dc770c984c69,2026-04-16,2026-05-16,617.88,37.08,654.96,Issued,SampleGen
INV-ba6fbe7d-2e1e-4d9a-a904-a88122683563,ID201679,CID-091,ba6fbe7d-2e1e-4d9a-a904-a88122683563,2025-01-06,2025-02-05,543.92,32.64,576.56,Issued,SampleGen
INV-a7beca12-f17d-44ae-abd5-16e28079a563,ID201680,CID-091,a7beca12-f17d-44ae-abd5-16e28079a563,2025-02-24,2025-03-26,4043.82,242.64,4286.46,Issued,SampleGen
INV-c75a4590-af76-48c1-8563-40a08a1456de,ID201681,CID-091,c75a4590-af76-48c1-8563-40a08a1456de,2025-04-20,2025-05-20,2523.84,151.44,2675.28,Issued,SampleGen
INV-871a03d8-fdc9-49bc-ac47-ab0eef1ab0d6,ID201682,CID-091,871a03d8-fdc9-49bc-ac47-ab0eef1ab0d6,2025-05-13,2025-06-12,3919.72,235.2,4154.92,Issued,SampleGen
INV-e4ecaa7a-aebe-4864-bf1a-51d0402d8fb2,ID201683,CID-091,e4ecaa7a-aebe-4864-bf1a-51d0402d8fb2,2025-11-27,2025-12-27,867.82,52.08,919.9,Issued,SampleGen
INV-3842c087-a4b2-4b09-8db8-2569d48b006c,ID201684,CID-091,3842c087-a4b2-4b09-8db8-2569d48b006c,2026-02-01,2026-03-03,4703.76,282.24,4986.0,Issued,SampleGen
INV-9ec4b972-f961-4140-a651-16ad67a9faf5,ID201685,CID-091,9ec4b972-f961-4140-a651-16ad67a9faf5,2026-02-02,2026-03-04,1639.82,98.4,1738.22,Issued,SampleGen
INV-a5002013-f309-4aee-a0b3-5049a14c5c3c,ID201686,CID-091,a5002013-f309-4aee-a0b3-5049a14c5c3c,2026-03-07,2026-04-06,2327.76,139.68,2467.44,Issued,SampleGen
INV-a58de7e2-6a70-4170-95a4-7c0d32f0cca9,ID201687,CID-091,a58de7e2-6a70-4170-95a4-7c0d32f0cca9,2026-04-17,2026-05-17,1419.86,85.2,1505.06,Issued,SampleGen
INV-93658e4a-2fcd-4884-a3a9-6a01fc98d168,ID201688,CID-092,93658e4a-2fcd-4884-a3a9-6a01fc98d168,2025-01-04,2025-02-03,3307.8,198.48,3506.28,Issued,SampleGen
INV-2f1a543b-8e8e-4e14-b8ea-1b2dc5b42689,ID201689,CID-092,2f1a543b-8e8e-4e14-b8ea-1b2dc5b42689,2025-02-02,2025-03-04,3347.7,200.88,3548.58,Issued,SampleGen
INV-7a9d36c0-0d90-45e4-8993-5eb70f049b42,ID201690,CID-092,7a9d36c0-0d90-45e4-8993-5eb70f049b42,2025-03-31,2025-04-30,6251.82,375.12,6626.94,Issued,SampleGen
INV-3f9aecff-1585-4401-81e3-72e9c58fe180,ID201691,CID-092,3f9aecff-1585-4401-81e3-72e9c58fe180,2025-04-15,2025-05-15,3071.74,184.32,3256.06,Issued,SampleGen
INV-77e8a06a-5283-4075-820b-5aca56db0c2f,ID201692,CID-092,77e8a06a-5283-4075-820b-5aca56db0c2f,2025-05-31,2025-06-30,1959.76,117.6,2077.36,Issued,SampleGen
INV-d975c181-3968-4971-ae6b-f8309afc49fd,ID201693,CID-092,d975c181-3968-4971-ae6b-f8309afc49fd,2025-06-17,2025-07-17,2251.8,135.12,2386.92,Issued,SampleGen
INV-590b067a-33f8-4c16-a27b-1ffcdc6a5844,ID201694,CID-092,590b067a-33f8-4c16-a27b-1ffcdc6a5844,2025-07-24,2025-08-23,1787.82,107.28,1895.1,Issued,SampleGen
INV-206e29b2-163b-40d1-a0d4-9395fc78a861,ID201695,CID-092,206e29b2-163b-40d1-a0d4-9395fc78a861,2025-08-03,2025-09-02,651.84,39.12,690.96,Issued,SampleGen
INV-49ecb831-f5a6-4cb8-952b-c6a37b0696c8,ID201696,CID-092,49ecb831-f5a6-4cb8-952b-c6a37b0696c8,2025-09-08,2025-10-08,601.84,36.12,637.96,Issued,SampleGen
INV-28ecf216-9082-4739-b6aa-abdff259a7bd,ID201697,CID-092,28ecf216-9082-4739-b6aa-abdff259a7bd,2025-10-27,2025-11-26,423.9,25.44,449.34,Issued,SampleGen
INV-8a5be4f6-2872-4675-a394-9d2a5122e67e,ID201698,CID-092,8a5be4f6-2872-4675-a394-9d2a5122e67e,2025-11-24,2025-12-24,831.8,49.92,881.72,Issued,SampleGen
INV-ef91c562-e060-46bc-b9e2-9be5e2518afa,ID201699,CID-092,ef91c562-e060-46bc-b9e2-9be5e2518afa,2025-12-18,2026-01-17,1763.76,105.84,1869.6,Issued,SampleGen
INV-e2ca17be-d861-4fee-8b40-9ac3fc8a3203,ID201700,CID-092,e2ca17be-d861-4fee-8b40-9ac3fc8a3203,2026-01-04,2026-02-03,6815.84,408.96,7224.8,Issued,SampleGen
INV-e56ffdd3-2463-4fd2-ba66-95292dfb6652,ID201701,CID-092,e56ffdd3-2463-4fd2-ba66-95292dfb6652,2026-01-31,2026-03-02,1323.8,79.44,1403.24,Issued,SampleGen
INV-28f70ea6-ab26-465b-a68e-94ca763d66d9,ID201702,CID-092,28f70ea6-ab26-465b-a68e-94ca763d66d9,2026-02-02,2026-03-04,2835.86,170.16,3006.02,Issued,SampleGen
INV-a9130e22-3c65-4f52-b89e-fe73564f90ec,ID201703,CID-092,a9130e22-3c65-4f52-b89e-fe73564f90ec,2026-02-22,2026-03-24,2141.82,128.52,2270.34,Issued,SampleGen
INV-ef9915a5-0ba8-42ce-a032-5027f5db394a,ID201704,CID-092,ef9915a5-0ba8-42ce-a032-5027f5db394a,2026-03-09,2026-04-08,1283.74,77.04,1360.78,Issued,SampleGen
INV-64ced694-ddd9-4934-9b5a-86d217190518,ID201705,CID-092,64ced694-ddd9-4934-9b5a-86d217190518,2026-04-06,2026-05-06,1911.8,114.72,2026.52,Issued,SampleGen
INV-86b4909e-e8a2-40b3-a245-41c71e50282b,ID201706,CID-093,86b4909e-e8a2-40b3-a245-41c71e50282b,2025-01-05,2025-02-04,1587.82,95.28,1683.1,Issued,SampleGen
INV-71f5f8b1-f9d2-48a0-94cb-2dab65bc7dfa,ID201707,CID-093,71f5f8b1-f9d2-48a0-94cb-2dab65bc7dfa,2025-02-07,2025-03-09,325.9,19.56,345.46,Issued,SampleGen
INV-e6851674-a041-4ca8-a8c2-ae9ec8337780,ID201708,CID-093,e6851674-a041-4ca8-a8c2-ae9ec8337780,2025-03-18,2025-04-17,2279.88,136.8,2416.68,Issued,SampleGen
INV-81c4135d-0c19-45b0-be4f-bcc0162e7e5c,ID201709,CID-093,81c4135d-0c19-45b0-be4f-bcc0162e7e5c,2025-04-07,2025-05-07,2197.74,131.88,2329.62,Issued,SampleGen
INV-d33b3d54-838f-4a21-b5a4-c1891caad816,ID201710,CID-093,d33b3d54-838f-4a21-b5a4-c1891caad816,2025-05-08,2025-06-07,3727.84,223.68,3951.52,Issued,SampleGen
INV-c1ece234-cdf8-4dbe-a57a-49be279fd6c3,ID201711,CID-093,c1ece234-cdf8-4dbe-a57a-49be279fd6c3,2025-05-04,2025-06-03,845.74,50.76,896.5,Issued,SampleGen
INV-ef641296-b814-49d3-99b9-7a5edd8c2e21,ID201712,CID-093,ef641296-b814-49d3-99b9-7a5edd8c2e21,2025-06-16,2025-07-16,1493.78,89.64,1583.42,Issued,SampleGen
INV-659af018-a2a3-4503-a0d4-9f17a506a1ee,ID201713,CID-093,659af018-a2a3-4503-a0d4-9f17a506a1ee,2025-07-14,2025-08-13,1311.84,78.72,1390.56,Issued,SampleGen
INV-0c151ed4-222d-4e99-aaf6-24d55d811eb2,ID201714,CID-093,0c151ed4-222d-4e99-aaf6-24d55d811eb2,2025-08-11,2025-09-10,409.86,24.6,434.46,Issued,SampleGen
INV-eb46b60a-22b2-4ff6-9258-4dd4903e390b,ID201715,CID-093,eb46b60a-22b2-4ff6-9258-4dd4903e390b,2025-08-13,2025-09-12,4715.74,282.96,4998.7,Issued,SampleGen
INV-0266fee1-2654-408d-a360-1593ee91f939,ID201716,CID-093,0266fee1-2654-408d-a360-1593ee91f939,2025-09-18,2025-10-18,699.84,42.0,741.84,Issued,SampleGen
INV-a942cb7f-6e2e-41d7-8241-4e5f65afe3c9,ID201717,CID-093,a942cb7f-6e2e-41d7-8241-4e5f65afe3c9,2025-09-04,2025-10-04,1079.88,64.8,1144.68,Issued,SampleGen
INV-b6103ca1-bcef-4f18-b7fb-ba1dde4e9d90,ID201718,CID-093,b6103ca1-bcef-4f18-b7fb-ba1dde4e9d90,2025-10-30,2025-11-29,2843.78,170.64,3014.42,Issued,SampleGen
INV-38ae4c50-ac34-437d-bb0f-fa1eb7f59445,ID201719,CID-093,38ae4c50-ac34-437d-bb0f-fa1eb7f59445,2025-10-24,2025-11-23,445.86,26.76,472.62,Issued,SampleGen
INV-90c7fdc2-1723-4b38-ab1f-e46800d7d809,ID201720,CID-093,90c7fdc2-1723-4b38-ab1f-e46800d7d809,2025-11-13,2025-12-13,2687.9,161.28,2849.18,Issued,SampleGen
INV-32a151cb-5965-4234-b4c0-c5ff808f3528,ID201721,CID-093,32a151cb-5965-4234-b4c0-c5ff808f3528,2025-11-12,2025-12-12,2547.74,152.88,2700.62,Issued,SampleGen
INV-71ef039d-a3c5-4b46-9d24-76442071c3bf,ID201722,CID-093,71ef039d-a3c5-4b46-9d24-76442071c3bf,2025-12-09,2026-01-08,2659.86,159.6,2819.46,Issued,SampleGen
INV-7be2a847-e5a8-4b0a-8e6e-fd1d365d710d,ID201723,CID-093,7be2a847-e5a8-4b0a-8e6e-fd1d365d710d,2025-12-07,2026-01-06,4565.8,273.96,4839.76,Issued,SampleGen
INV-9bf80236-5840-4330-8454-222c7053f0da,ID201724,CID-093,9bf80236-5840-4330-8454-222c7053f0da,2026-01-04,2026-02-03,4443.78,266.64,4710.42,Issued,SampleGen
INV-bfcdf8f5-db02-4336-a77c-21c9d73ebc8d,ID201725,CID-093,bfcdf8f5-db02-4336-a77c-21c9d73ebc8d,2026-01-15,2026-02-14,4135.8,248.16,4383.96,Issued,SampleGen
INV-f0dcc175-fef7-4250-af6a-2459d2bcf7e2,ID201726,CID-093,f0dcc175-fef7-4250-af6a-2459d2bcf7e2,2026-02-14,2026-03-16,4467.74,268.08,4735.82,Issued,SampleGen
INV-2d17c893-f17b-434f-87cd-c2b64d110a0f,ID201727,CID-093,2d17c893-f17b-434f-87cd-c2b64d110a0f,2026-02-28,2026-03-30,855.86,51.36,907.22,Issued,SampleGen
INV-384ddd00-fde7-4be9-badd-99a8942d7f73,ID201728,CID-093,384ddd00-fde7-4be9-badd-99a8942d7f73,2026-03-03,2026-04-02,1831.84,109.92,1941.76,Issued,SampleGen
INV-80310c7a-867e-4ae1-b582-b2741a801329,ID201729,CID-093,80310c7a-867e-4ae1-b582-b2741a801329,2026-04-01,2026-05-01,2095.74,125.76,2221.5,Issued,SampleGen
INV-262d35cf-e945-4097-9cea-f16d14ba5e7b,ID201730,CID-093,262d35cf-e945-4097-9cea-f16d14ba5e7b,2026-03-25,2026-04-24,741.86,44.52,786.38,Issued,SampleGen
INV-25bd22e5-63f5-4a2b-af5f-0ba51b0f5640,ID201731,CID-093,25bd22e5-63f5-4a2b-af5f-0ba51b0f5640,2026-04-10,2026-05-10,1259.86,75.6,1335.46,Issued,SampleGen
INV-e3358121-75f8-48d8-bb90-d9ed7bbd71c2,ID201732,CID-093,e3358121-75f8-48d8-bb90-d9ed7bbd71c2,2026-04-04,2026-05-04,2875.74,172.56,3048.3,Issued,SampleGen
INV-7961c8eb-b57a-4675-a508-06013102567c,ID201733,CID-094,7961c8eb-b57a-4675-a508-06013102567c,2025-01-30,2025-03-01,5291.82,317.52,5609.34,Issued,SampleGen
INV-4aa7986b-8c9c-46b0-80cf-040e98ddc19e,ID201734,CID-094,4aa7986b-8c9c-46b0-80cf-040e98ddc19e,2025-02-27,2025-03-29,635.9,38.16,674.06,Issued,SampleGen
INV-f3450d75-a7b5-4ffd-ab62-a12bd1675bb9,ID201735,CID-094,f3450d75-a7b5-4ffd-ab62-a12bd1675bb9,2025-07-20,2025-08-19,891.92,53.52,945.44,Issued,SampleGen
INV-3f180bb8-b638-4e94-97d4-b67b2b95deb0,ID201736,CID-094,3f180bb8-b638-4e94-97d4-b67b2b95deb0,2025-08-27,2025-09-26,983.84,59.04,1042.88,Issued,SampleGen
INV-c4714676-5d27-4e37-bb1e-2837ac557939,ID201737,CID-094,c4714676-5d27-4e37-bb1e-2837ac557939,2025-10-19,2025-11-18,3535.8,212.16,3747.96,Issued,SampleGen
INV-ae52ee2b-bcc6-45da-8eb2-c92dc7fadee7,ID201738,CID-094,ae52ee2b-bcc6-45da-8eb2-c92dc7fadee7,2025-11-12,2025-12-12,1113.84,66.84,1180.68,Issued,SampleGen
INV-7172d8bf-67db-43b5-a1b5-4ecc3bf0bd8a,ID201739,CID-094,7172d8bf-67db-43b5-a1b5-4ecc3bf0bd8a,2026-02-19,2026-03-21,4003.78,240.24,4244.02,Issued,SampleGen
INV-1da19ae5-72e8-4fce-acf5-36d12f83a5ea,ID201740,CID-094,1da19ae5-72e8-4fce-acf5-36d12f83a5ea,2026-03-04,2026-04-03,1357.82,81.48,1439.3,Issued,SampleGen
INV-4dbfafc8-e4d7-4532-bf51-34808961d8fc,ID201741,CID-095,4dbfafc8-e4d7-4532-bf51-34808961d8fc,2025-02-28,2025-03-30,1507.86,90.48,1598.34,Issued,SampleGen
INV-5ac2b7ad-39ae-4234-9ecd-65dd83494b96,ID201742,CID-095,5ac2b7ad-39ae-4234-9ecd-65dd83494b96,2025-03-26,2025-04-25,4547.86,272.88,4820.74,Issued,SampleGen
INV-4a0b5ccd-df16-4e35-a0f0-38413636e95d,ID201743,CID-095,4a0b5ccd-df16-4e35-a0f0-38413636e95d,2025-04-10,2025-05-10,6999.72,420.0,7419.72,Issued,SampleGen
INV-c6992605-a1e7-4e0e-856b-bc7a9ffc7fbe,ID201744,CID-095,c6992605-a1e7-4e0e-856b-bc7a9ffc7fbe,2025-05-23,2025-06-22,879.9,52.8,932.7,Issued,SampleGen
INV-fd035899-6d07-42c5-9f70-30b157c94624,ID201745,CID-095,fd035899-6d07-42c5-9f70-30b157c94624,2025-06-10,2025-07-10,435.86,26.16,462.02,Issued,SampleGen
INV-aa731bb1-314f-4a8a-a7a8-1103328befc4,ID201746,CID-095,aa731bb1-314f-4a8a-a7a8-1103328befc4,2025-07-20,2025-08-19,3297.8,197.88,3495.68,Issued,SampleGen
INV-2ad84b41-60b2-4668-b82e-d7d54ef434f8,ID201747,CID-095,2ad84b41-60b2-4668-b82e-d7d54ef434f8,2025-08-08,2025-09-07,1187.8,71.28,1259.08,Issued,SampleGen
INV-bf50d8fc-e04e-4a3f-9fd3-f88385b040a0,ID201748,CID-095,bf50d8fc-e04e-4a3f-9fd3-f88385b040a0,2025-09-16,2025-10-16,463.88,27.84,491.72,Issued,SampleGen
INV-a6e9687d-c371-4458-a824-f8cdf9c8a801,ID201749,CID-095,a6e9687d-c371-4458-a824-f8cdf9c8a801,2025-10-24,2025-11-23,1063.8,63.84,1127.64,Issued,SampleGen
INV-8aa7c444-93a7-4992-bbfd-72c59837b34f,ID201750,CID-095,8aa7c444-93a7-4992-bbfd-72c59837b34f,2025-11-29,2025-12-29,4155.86,249.36,4405.22,Issued,SampleGen
INV-73088ea4-1bf6-41c7-9096-e57fc0156de4,ID201751,CID-095,73088ea4-1bf6-41c7-9096-e57fc0156de4,2025-11-29,2025-12-29,683.88,41.04,724.92,Issued,SampleGen
INV-a3ed9176-a3e4-484f-8ee7-2bd2ec255229,ID201752,CID-095,a3ed9176-a3e4-484f-8ee7-2bd2ec255229,2025-12-15,2026-01-14,4547.86,272.88,4820.74,Issued,SampleGen
INV-510e5e86-3c55-4b4e-afa7-ecf5592800a8,ID201753,CID-095,510e5e86-3c55-4b4e-afa7-ecf5592800a8,2026-01-30,2026-03-01,2957.78,177.48,3135.26,Issued,SampleGen
INV-ab6a35ab-0f7d-4e7d-aa9f-87c48e8a9769,ID201754,CID-095,ab6a35ab-0f7d-4e7d-aa9f-87c48e8a9769,2026-01-03,2026-02-02,3683.8,221.04,3904.84,Issued,SampleGen
INV-bcdd5d22-65cb-4d2f-a92a-97ec66efc4f7,ID201755,CID-095,bcdd5d22-65cb-4d2f-a92a-97ec66efc4f7,2026-02-15,2026-03-17,529.86,31.8,561.66,Issued,SampleGen
INV-77126a43-af91-434e-a388-ef9c148bff77,ID201756,CID-095,77126a43-af91-434e-a388-ef9c148bff77,2026-03-03,2026-04-02,2275.8,136.56,2412.36,Issued,SampleGen
INV-7aaad12a-d0a8-4ab3-af64-6084ace46519,ID201757,CID-095,7aaad12a-d0a8-4ab3-af64-6084ace46519,2026-03-05,2026-04-04,2239.84,134.4,2374.24,Issued,SampleGen
INV-bfc670eb-4dd7-455c-bad8-a2e845191721,ID201758,CID-095,bfc670eb-4dd7-455c-bad8-a2e845191721,2026-04-06,2026-05-06,699.86,42.0,741.86,Issued,SampleGen
INV-c6466c60-5bc5-45f2-891f-163405ab8cd5,ID201759,CID-095,c6466c60-5bc5-45f2-891f-163405ab8cd5,2026-04-14,2026-05-14,4039.76,242.4,4282.16,Issued,SampleGen
INV-594f9649-0876-448c-8531-934b7480c95c,ID201760,CID-096,594f9649-0876-448c-8531-934b7480c95c,2025-02-21,2025-03-23,891.92,53.52,945.44,Issued,SampleGen
INV-6b0e9a4e-a8f3-4b11-93ae-85c9dae2c3ac,ID201761,CID-096,6b0e9a4e-a8f3-4b11-93ae-85c9dae2c3ac,2025-03-02,2025-04-01,863.86,51.84,915.7,Issued,SampleGen
INV-4afb87af-f24b-4431-a57c-b004ce7c71aa,ID201762,CID-096,4afb87af-f24b-4431-a57c-b004ce7c71aa,2025-04-10,2025-05-10,445.86,26.76,472.62,Issued,SampleGen
INV-139ef79b-32b5-4a91-8def-90ae96596a0e,ID201763,CID-096,139ef79b-32b5-4a91-8def-90ae96596a0e,2025-05-27,2025-06-26,587.76,35.28,623.04,Issued,SampleGen
INV-55b267c5-4d1c-4cc6-b770-3c9a9e25c66a,ID201764,CID-096,55b267c5-4d1c-4cc6-b770-3c9a9e25c66a,2025-06-23,2025-07-23,1631.82,97.92,1729.74,Issued,SampleGen
INV-c57343c3-3450-4bce-a00b-6e1904b44b56,ID201765,CID-096,c57343c3-3450-4bce-a00b-6e1904b44b56,2025-07-19,2025-08-18,1541.74,92.52,1634.26,Issued,SampleGen
INV-f4604fed-2458-4511-b27f-98a41df8c444,ID201766,CID-096,f4604fed-2458-4511-b27f-98a41df8c444,2025-08-02,2025-09-01,2197.74,131.88,2329.62,Issued,SampleGen
INV-f369ec25-934e-4ee3-bc1d-c72348f41f81,ID201767,CID-096,f369ec25-934e-4ee3-bc1d-c72348f41f81,2025-09-25,2025-10-25,2191.8,131.52,2323.32,Issued,SampleGen
INV-63b276af-d418-4e42-9b20-c6d1710bd9b0,ID201768,CID-096,63b276af-d418-4e42-9b20-c6d1710bd9b0,2025-09-06,2025-10-06,1967.84,118.08,2085.92,Issued,SampleGen
INV-84b8df68-96f0-4ed8-b197-197ce146c7ce,ID201769,CID-096,84b8df68-96f0-4ed8-b197-197ce146c7ce,2025-10-27,2025-11-26,4619.78,277.2,4896.98,Issued,SampleGen
INV-6159dce4-00f6-4cf1-b65f-1a6cc3f2669d,ID201770,CID-096,6159dce4-00f6-4cf1-b65f-1a6cc3f2669d,2025-10-13,2025-11-12,605.88,36.36,642.24,Issued,SampleGen
INV-0b260975-4ff1-4e00-b9d1-e3ca2ffe2d57,ID201771,CID-096,0b260975-4ff1-4e00-b9d1-e3ca2ffe2d57,2025-11-12,2025-12-12,591.9,35.52,627.42,Issued,SampleGen
INV-b8284c1c-cebe-4c07-a120-fc8313d43929,ID201772,CID-096,b8284c1c-cebe-4c07-a120-fc8313d43929,2025-11-10,2025-12-10,3647.86,218.88,3866.74,Issued,SampleGen
INV-c692a849-04d2-4537-a99c-9ce9dc34a2cc,ID201773,CID-096,c692a849-04d2-4537-a99c-9ce9dc34a2cc,2025-12-26,2026-01-25,1747.8,104.88,1852.68,Issued,SampleGen
INV-abcdc9af-bd1b-48ef-88ec-540d8bafd7e3,ID201774,CID-096,abcdc9af-bd1b-48ef-88ec-540d8bafd7e3,2025-12-13,2026-01-12,453.86,27.24,481.1,Issued,SampleGen
INV-7230da1a-199e-45e9-895c-22dc4e4470fd,ID201775,CID-096,7230da1a-199e-45e9-895c-22dc4e4470fd,2026-01-16,2026-02-15,815.8,48.96,864.76,Issued,SampleGen
INV-9b2f5e2d-fb7d-419d-881c-4c010908a4b2,ID201776,CID-096,9b2f5e2d-fb7d-419d-881c-4c010908a4b2,2026-01-25,2026-02-24,1299.82,78.0,1377.82,Issued,SampleGen
INV-a68cbdfc-3f70-426a-ab66-a4225dfb58c4,ID201777,CID-096,a68cbdfc-3f70-426a-ab66-a4225dfb58c4,2026-02-04,2026-03-06,4195.76,251.76,4447.52,Issued,SampleGen
INV-5a984d40-2344-4fd3-8552-7545b064d62f,ID201778,CID-096,5a984d40-2344-4fd3-8552-7545b064d62f,2026-02-21,2026-03-23,639.86,38.4,678.26,Issued,SampleGen
INV-21f79060-03a0-48b4-a24d-d86974ddbd53,ID201779,CID-096,21f79060-03a0-48b4-a24d-d86974ddbd53,2026-04-01,2026-05-01,415.88,24.96,440.84,Issued,SampleGen
INV-26f6f534-1bba-42d5-8077-4f720d5f523a,ID201780,CID-096,26f6f534-1bba-42d5-8077-4f720d5f523a,2026-03-12,2026-04-11,1003.82,60.24,1064.06,Issued,SampleGen
INV-4ad7c04f-e87c-45e3-8e2e-77dcce00be5f,ID201781,CID-096,4ad7c04f-e87c-45e3-8e2e-77dcce00be5f,2026-04-06,2026-05-06,2119.76,127.2,2246.96,Issued,SampleGen
INV-a90b7e8d-8042-49ca-9ffb-e89e6a593fb5,ID201782,CID-096,a90b7e8d-8042-49ca-9ffb-e89e6a593fb5,2026-04-11,2026-05-11,1011.8,60.72,1072.52,Issued,SampleGen
INV-8537b7e1-1a76-4cbb-a7e8-b958e6ffebcd,ID201783,CID-097,8537b7e1-1a76-4cbb-a7e8-b958e6ffebcd,2025-03-26,2025-04-25,2791.8,167.52,2959.32,Issued,SampleGen
INV-44c29596-e7fa-48db-9f7b-cb4a47860df8,ID201784,CID-097,44c29596-e7fa-48db-9f7b-cb4a47860df8,2025-05-07,2025-06-06,1175.76,70.56,1246.32,Issued,SampleGen
INV-dbe38b23-a17c-44a2-b603-fb04d0e26fe6,ID201785,CID-097,dbe38b23-a17c-44a2-b603-fb04d0e26fe6,2025-06-05,2025-07-05,2443.8,146.64,2590.44,Issued,SampleGen
INV-7a7f7500-aea8-4427-b1e5-919dc453ce63,ID201786,CID-097,7a7f7500-aea8-4427-b1e5-919dc453ce63,2025-07-16,2025-08-15,541.82,32.52,574.34,Issued,SampleGen
INV-32380b87-4ee5-444d-bc68-dcf0ac73d1b8,ID201787,CID-097,32380b87-4ee5-444d-bc68-dcf0ac73d1b8,2025-08-25,2025-09-24,2301.78,138.12,2439.9,Issued,SampleGen
INV-5554296f-a92a-44de-8d92-36088307d211,ID201788,CID-097,5554296f-a92a-44de-8d92-36088307d211,2025-10-04,2025-11-03,3683.82,221.04,3904.86,Issued,SampleGen
INV-419f3d51-87f8-4e90-b9a3-aa1aee83abd5,ID201789,CID-097,419f3d51-87f8-4e90-b9a3-aa1aee83abd5,2025-12-25,2026-01-24,1235.76,74.16,1309.92,Issued,SampleGen
INV-f6050026-62db-46f7-b5e0-71082499556c,ID201790,CID-097,f6050026-62db-46f7-b5e0-71082499556c,2026-01-07,2026-02-06,1651.88,99.12,1751.0,Issued,SampleGen
INV-6c8008be-8e71-4531-9a1b-889ba28ef509,ID201791,CID-097,6c8008be-8e71-4531-9a1b-889ba28ef509,2026-02-12,2026-03-14,3581.86,214.92,3796.78,Issued,SampleGen
INV-67077b22-6d58-430f-a9dc-b45a1380a7dd,ID201792,CID-097,67077b22-6d58-430f-a9dc-b45a1380a7dd,2026-03-10,2026-04-09,2779.84,166.8,2946.64,Issued,SampleGen
INV-2a59e93d-9c6d-4e6e-aa9e-b0a5480c44b0,ID201793,CID-097,2a59e93d-9c6d-4e6e-aa9e-b0a5480c44b0,2026-04-23,2026-05-23,265.9,15.96,281.86,Issued,SampleGen
INV-eeb20c22-6f62-491a-b4a9-9adf42bf64dc,ID201794,CID-098,eeb20c22-6f62-491a-b4a9-9adf42bf64dc,2025-01-08,2025-02-07,5977.76,358.68,6336.44,Issued,SampleGen
INV-3e3950ed-0d78-4722-9233-5debb61fad93,ID201795,CID-098,3e3950ed-0d78-4722-9233-5debb61fad93,2025-03-20,2025-04-19,2045.86,122.76,2168.62,Issued,SampleGen
INV-63b2c053-fbe0-4edf-860c-4269922b6523,ID201796,CID-098,63b2c053-fbe0-4edf-860c-4269922b6523,2025-04-10,2025-05-10,551.84,33.12,584.96,Issued,SampleGen
INV-7cd360b0-5b72-419c-b69c-8fce05f77c16,ID201797,CID-098,7cd360b0-5b72-419c-b69c-8fce05f77c16,2025-05-16,2025-06-15,1835.92,110.16,1946.08,Issued,SampleGen
INV-eb9f325e-3dd0-4072-84fd-9c3d1f640b8c,ID201798,CID-098,eb9f325e-3dd0-4072-84fd-9c3d1f640b8c,2025-06-28,2025-07-28,627.78,37.68,665.46,Issued,SampleGen
INV-2038636a-8698-4169-a365-6309175e1300,ID201799,CID-098,2038636a-8698-4169-a365-6309175e1300,2025-07-30,2025-08-29,1075.82,64.56,1140.38,Issued,SampleGen
INV-5d83736a-35d4-4b4e-b8c0-2ab6eab331f3,ID201800,CID-098,5d83736a-35d4-4b4e-b8c0-2ab6eab331f3,2025-08-04,2025-09-03,403.92,24.24,428.16,Issued,SampleGen
INV-9a632bb4-0be3-48cb-a4da-de32182ab285,ID201801,CID-098,9a632bb4-0be3-48cb-a4da-de32182ab285,2025-09-27,2025-10-27,671.82,40.32,712.14,Issued,SampleGen
INV-1d63eec7-faa3-406d-980b-b53e06aac286,ID201802,CID-098,1d63eec7-faa3-406d-980b-b53e06aac286,2025-10-13,2025-11-12,4939.8,296.4,5236.2,Issued,SampleGen
INV-e8477c9a-7aad-4e5a-bdec-472890a1ac87,ID201803,CID-098,e8477c9a-7aad-4e5a-bdec-472890a1ac87,2025-12-18,2026-01-17,1639.82,98.4,1738.22,Issued,SampleGen
INV-28583786-4ffa-4646-a878-0eb7efa6d05b,ID201804,CID-098,28583786-4ffa-4646-a878-0eb7efa6d05b,2026-01-27,2026-02-26,531.86,31.92,563.78,Issued,SampleGen
INV-57e724d5-1e3b-4f50-8ba9-a8940c7ef957,ID201805,CID-098,57e724d5-1e3b-4f50-8ba9-a8940c7ef957,2026-02-20,2026-03-22,2729.88,163.8,2893.68,Issued,SampleGen
INV-b6dc9416-be1f-4e6e-8950-d4a68eee351e,ID201806,CID-098,b6dc9416-be1f-4e6e-8950-d4a68eee351e,2026-03-30,2026-04-29,5111.88,306.72,5418.6,Issued,SampleGen
INV-2c83557d-2b46-4530-a658-7573a17f04c6,ID201807,CID-098,2c83557d-2b46-4530-a658-7573a17f04c6,2026-04-23,2026-05-23,2599.82,156.0,2755.82,Issued,SampleGen
INV-b1baa28d-377f-4e56-b9ca-447389259d1d,ID201808,CID-099,b1baa28d-377f-4e56-b9ca-447389259d1d,2025-02-25,2025-03-27,5479.8,328.8,5808.6,Issued,SampleGen
INV-62d855bd-1db9-4207-9f29-aa42c5499f46,ID201809,CID-099,62d855bd-1db9-4207-9f29-aa42c5499f46,2025-04-06,2025-05-06,527.88,31.68,559.56,Issued,SampleGen
INV-3fb69615-bac8-4e61-b47a-c5238d2b5454,ID201810,CID-099,3fb69615-bac8-4e61-b47a-c5238d2b5454,2025-05-17,2025-06-16,2899.8,174.0,3073.8,Issued,SampleGen
INV-566562d3-b9c3-468a-a583-d7b515bfe498,ID201811,CID-099,566562d3-b9c3-468a-a583-d7b515bfe498,2025-06-24,2025-07-24,1429.84,85.8,1515.64,Issued,SampleGen
INV-b4c9b8f7-09b3-4b92-82ed-b2a892cb94f7,ID201812,CID-099,b4c9b8f7-09b3-4b92-82ed-b2a892cb94f7,2025-08-11,2025-09-10,1411.9,84.72,1496.62,Issued,SampleGen
INV-c59ec002-35a2-4428-bb50-67458301d012,ID201813,CID-099,c59ec002-35a2-4428-bb50-67458301d012,2025-09-12,2025-10-12,3109.78,186.6,3296.38,Issued,SampleGen
INV-ae4f0f34-b1bf-439e-ab38-9896fbda12a5,ID201814,CID-099,ae4f0f34-b1bf-439e-ab38-9896fbda12a5,2025-10-08,2025-11-07,487.84,29.28,517.12,Issued,SampleGen
INV-94873f40-b1b6-4aa0-90ae-c779b9576fef,ID201815,CID-099,94873f40-b1b6-4aa0-90ae-c779b9576fef,2025-11-29,2025-12-29,1005.76,60.36,1066.12,Issued,SampleGen
INV-557e25e7-81a2-4db0-9035-4b175722f290,ID201816,CID-099,557e25e7-81a2-4db0-9035-4b175722f290,2025-12-12,2026-01-11,2003.88,120.24,2124.12,Issued,SampleGen
INV-e97455b4-1f9f-4231-994a-8bf62bd7d708,ID201817,CID-099,e97455b4-1f9f-4231-994a-8bf62bd7d708,2026-01-24,2026-02-23,1697.84,101.88,1799.72,Issued,SampleGen
INV-2b97fafd-dfc6-4f6a-96a0-0fcf4e413438,ID201818,CID-099,2b97fafd-dfc6-4f6a-96a0-0fcf4e413438,2026-02-24,2026-03-26,3775.84,226.56,4002.4,Issued,SampleGen
INV-46743fde-b41e-48a2-8730-2fbc627613cb,ID201819,CID-099,46743fde-b41e-48a2-8730-2fbc627613cb,2026-03-15,2026-04-14,2695.9,161.76,2857.66,Issued,SampleGen
INV-1a0756c7-48e3-4a7d-8bd6-1a3a0aad2803,ID201820,CID-099,1a0756c7-48e3-4a7d-8bd6-1a3a0aad2803,2026-04-11,2026-05-11,1443.84,86.64,1530.48,Issued,SampleGen
INV-9d9800fc-c0c2-41db-a5ea-e304533727d9,ID201821,CID-099,9d9800fc-c0c2-41db-a5ea-e304533727d9,2026-04-04,2026-05-04,1483.8,89.04,1572.84,Issued,SampleGen
INV-54e920ae-7ba0-4812-b134-d5023d5975e7,ID201822,CID-100,54e920ae-7ba0-4812-b134-d5023d5975e7,2025-04-04,2025-05-04,919.84,55.2,975.04,Issued,SampleGen
INV-211ac496-ff60-4520-baad-97cbb33d264e,ID201823,CID-100,211ac496-ff60-4520-baad-97cbb33d264e,2025-05-22,2025-06-21,2311.8,138.72,2450.52,Issued,SampleGen
INV-a2857641-4628-4800-962c-22776ddb31e2,ID201824,CID-100,a2857641-4628-4800-962c-22776ddb31e2,2025-06-12,2025-07-12,375.9,22.56,398.46,Issued,SampleGen
INV-3e9bd4e3-1eb2-4d18-b6a8-dcecf6aa1fde,ID201825,CID-100,3e9bd4e3-1eb2-4d18-b6a8-dcecf6aa1fde,2025-07-10,2025-08-09,1667.8,100.08,1767.88,Issued,SampleGen
INV-087609cb-403e-41dd-9d9e-f4d356b18597,ID201826,CID-100,087609cb-403e-41dd-9d9e-f4d356b18597,2025-08-31,2025-09-30,2985.76,179.16,3164.92,Issued,SampleGen
INV-c14afb9d-bfaa-4c6d-a7e3-07326c6053ab,ID201827,CID-100,c14afb9d-bfaa-4c6d-a7e3-07326c6053ab,2025-09-15,2025-10-15,333.9,20.04,353.94,Issued,SampleGen
INV-51ee7210-52aa-4217-9df5-e8ca710db2ee,ID201828,CID-100,51ee7210-52aa-4217-9df5-e8ca710db2ee,2025-10-21,2025-11-20,333.9,20.04,353.94,Issued,SampleGen
INV-715764c1-f454-47dc-80d5-ffbd06882fff,ID201829,CID-100,715764c1-f454-47dc-80d5-ffbd06882fff,2025-11-20,2025-12-20,1909.78,114.6,2024.38,Issued,SampleGen
INV-0528c705-bb56-4d14-b3c5-48e7413c4cda,ID201830,CID-100,0528c705-bb56-4d14-b3c5-48e7413c4cda,2025-12-30,2026-01-29,3291.78,197.52,3489.3,Issued,SampleGen
INV-0fc7fc6b-9f4f-411a-8f01-b7fbebf1dc47,ID201831,CID-100,0fc7fc6b-9f4f-411a-8f01-b7fbebf1dc47,2026-01-12,2026-02-11,1271.8,76.32,1348.12,Issued,SampleGen
INV-c7c6e339-dbc8-4a05-abab-ca7a2cef6d52,ID201832,CID-100,c7c6e339-dbc8-4a05-abab-ca7a2cef6d52,2026-02-06,2026-03-08,3243.78,194.64,3438.42,Issued,SampleGen
INV-783c8014-e19d-4263-ace6-60ac1d59ec7a,ID201833,CID-100,783c8014-e19d-4263-ace6-60ac1d59ec7a,2026-02-14,2026-03-16,639.88,38.4,678.28,Issued,SampleGen
INV-356fcf01-0056-4ad9-84e5-4d25982edeca,ID201834,CID-100,356fcf01-0056-4ad9-84e5-4d25982edeca,2026-03-27,2026-04-26,2815.78,168.96,2984.74,Issued,SampleGen
INV-63271c9a-ab1c-4cc3-a461-6d9029db95fc,ID201835,CID-100,63271c9a-ab1c-4cc3-a461-6d9029db95fc,2026-04-29,2026-05-29,2969.82,178.2,3148.02,Issued,SampleGen
INV-4e453c5b-524b-44e4-9c32-f71d01e2f291,ID201836,CID-101,4e453c5b-524b-44e4-9c32-f71d01e2f291,2025-01-06,2025-02-05,2675.82,160.56,2836.38,Issued,SampleGen
INV-a006dc50-2a3a-47ba-bbc9-45fc36a7d398,ID201837,CID-101,a006dc50-2a3a-47ba-bbc9-45fc36a7d398,2025-03-06,2025-04-05,3647.86,218.88,3866.74,Issued,SampleGen
INV-2a180771-d405-4480-92a8-b2cc7d71f5ca,ID201838,CID-101,2a180771-d405-4480-92a8-b2cc7d71f5ca,2025-05-14,2025-06-13,3647.86,218.88,3866.74,Issued,SampleGen
INV-14b2cd01-1483-41ac-a077-d7c0edc320e9,ID201839,CID-101,14b2cd01-1483-41ac-a077-d7c0edc320e9,2025-06-02,2025-07-02,1631.86,97.92,1729.78,Issued,SampleGen
INV-2080edef-72da-41c9-936e-02015fa1d3f7,ID201840,CID-101,2080edef-72da-41c9-936e-02015fa1d3f7,2025-07-22,2025-08-21,1119.92,67.2,1187.12,Issued,SampleGen
INV-f524c0c3-9f29-406d-98e8-4bc04c7641ee,ID201841,CID-101,f524c0c3-9f29-406d-98e8-4bc04c7641ee,2025-09-29,2025-10-29,3075.76,184.56,3260.32,Issued,SampleGen
INV-bde98bfc-0525-4d44-ad72-aa6342975b96,ID201842,CID-101,bde98bfc-0525-4d44-ad72-aa6342975b96,2025-11-24,2025-12-24,491.92,29.52,521.44,Issued,SampleGen
INV-5644e4e8-5c07-40eb-a417-e654dacba7fa,ID201843,CID-101,5644e4e8-5c07-40eb-a417-e654dacba7fa,2025-12-03,2026-01-02,1679.72,100.8,1780.52,Issued,SampleGen
INV-d3ab636d-d369-406a-8228-db9797cc3a28,ID201844,CID-101,d3ab636d-d369-406a-8228-db9797cc3a28,2026-01-21,2026-02-20,5019.76,301.2,5320.96,Issued,SampleGen
INV-a10b0af9-fd99-475a-ac9a-26d861f82d4a,ID201845,CID-101,a10b0af9-fd99-475a-ac9a-26d861f82d4a,2026-02-03,2026-03-05,1651.88,99.12,1751.0,Issued,SampleGen
INV-6ef910c4-c540-4af9-9df6-b767bdb65e30,ID201846,CID-101,6ef910c4-c540-4af9-9df6-b767bdb65e30,2026-03-18,2026-04-17,2327.84,139.68,2467.52,Issued,SampleGen
INV-49c774b2-34d0-4f0b-b778-e57e694d442b,ID201847,CID-101,49c774b2-34d0-4f0b-b778-e57e694d442b,2026-04-18,2026-05-18,3591.88,215.52,3807.4,Issued,SampleGen
INV-3d659c42-d0d6-4646-b20d-11475e973027,ID201848,CID-102,3d659c42-d0d6-4646-b20d-11475e973027,2025-01-14,2025-02-13,1879.88,112.8,1992.68,Issued,SampleGen
INV-a10357cf-d1a1-4d58-8179-adddb281ba9f,ID201849,CID-102,a10357cf-d1a1-4d58-8179-adddb281ba9f,2025-02-08,2025-03-10,1817.78,109.08,1926.86,Issued,SampleGen
INV-b75bbf73-3f0b-4e5b-846a-61dd8a613687,ID201850,CID-102,b75bbf73-3f0b-4e5b-846a-61dd8a613687,2025-03-02,2025-04-01,939.92,56.4,996.32,Issued,SampleGen
INV-438e0fdf-26a0-4b6e-b6c9-d8c94bc83173,ID201851,CID-102,438e0fdf-26a0-4b6e-b6c9-d8c94bc83173,2025-03-13,2025-04-12,3147.8,188.88,3336.68,Issued,SampleGen
INV-ecb6ed7b-753e-4b0a-a825-707b1f39227c,ID201852,CID-102,ecb6ed7b-753e-4b0a-a825-707b1f39227c,2025-04-15,2025-05-15,2955.84,177.36,3133.2,Issued,SampleGen
INV-fc65095d-a3c4-4144-85f2-3609f024d6bc,ID201853,CID-102,fc65095d-a3c4-4144-85f2-3609f024d6bc,2025-04-09,2025-05-09,3843.74,230.64,4074.38,Issued,SampleGen
INV-0d24ed50-32e7-43bf-ab48-39447472049e,ID201854,CID-102,0d24ed50-32e7-43bf-ab48-39447472049e,2025-06-01,2025-07-01,2607.84,156.48,2764.32,Issued,SampleGen
INV-bf7362c7-d255-4de5-a5dc-ea9f297a63e3,ID201855,CID-102,bf7362c7-d255-4de5-a5dc-ea9f297a63e3,2025-05-08,2025-06-07,873.82,52.44,926.26,Issued,SampleGen
INV-8afcf421-1c93-4bf5-aee2-4d0588f7fed7,ID201856,CID-102,8afcf421-1c93-4bf5-aee2-4d0588f7fed7,2025-06-11,2025-07-11,1189.82,71.4,1261.22,Issued,SampleGen
INV-ad6321b1-ed5f-4dc5-bc64-7a5a6956fb48,ID201857,CID-102,ad6321b1-ed5f-4dc5-bc64-7a5a6956fb48,2025-06-11,2025-07-11,4317.82,259.08,4576.9,Issued,SampleGen
INV-646e6c33-525a-43a7-88cd-70d8f570ca47,ID201858,CID-102,646e6c33-525a-43a7-88cd-70d8f570ca47,2025-07-18,2025-08-17,2435.76,146.16,2581.92,Issued,SampleGen
INV-3009be08-b71f-45f9-baa2-a36e863b512f,ID201859,CID-102,3009be08-b71f-45f9-baa2-a36e863b512f,2025-07-28,2025-08-27,1395.7,83.76,1479.46,Issued,SampleGen
INV-315b88f4-7c33-4685-9330-ca1d4a853823,ID201860,CID-102,315b88f4-7c33-4685-9330-ca1d4a853823,2025-08-11,2025-09-10,1135.76,68.16,1203.92,Issued,SampleGen
INV-bab8a22f-1728-43a4-af51-e45c0231d8bf,ID201861,CID-102,bab8a22f-1728-43a4-af51-e45c0231d8bf,2025-08-23,2025-09-22,1815.72,108.96,1924.68,Issued,SampleGen
INV-373a5dc7-405b-417d-a755-22697c380743,ID201862,CID-102,373a5dc7-405b-417d-a755-22697c380743,2025-09-08,2025-10-08,2421.76,145.32,2567.08,Issued,SampleGen
INV-e020001d-682e-4401-b3f9-0905e5902e9f,ID201863,CID-102,e020001d-682e-4401-b3f9-0905e5902e9f,2025-09-13,2025-10-13,3223.88,193.44,3417.32,Issued,SampleGen
INV-9d912f0c-ab7f-478e-9820-cd46a5898572,ID201864,CID-102,9d912f0c-ab7f-478e-9820-cd46a5898572,2025-09-28,2025-10-28,3683.86,221.04,3904.9,Issued,SampleGen
INV-778dca67-1bb3-4852-9978-1559c4e26912,ID201865,CID-102,778dca67-1bb3-4852-9978-1559c4e26912,2025-10-29,2025-11-28,3355.78,201.36,3557.14,Issued,SampleGen
INV-e5043def-9474-4b03-b930-0659ab4184b5,ID201866,CID-102,e5043def-9474-4b03-b930-0659ab4184b5,2025-10-28,2025-11-27,2139.84,128.4,2268.24,Issued,SampleGen
INV-873fc6fb-3f2d-4336-a7e0-5af81532ec47,ID201867,CID-102,873fc6fb-3f2d-4336-a7e0-5af81532ec47,2025-10-21,2025-11-20,971.82,58.32,1030.14,Issued,SampleGen
INV-7562eb7b-f369-4eb0-a2c5-e06fd800c736,ID201868,CID-102,7562eb7b-f369-4eb0-a2c5-e06fd800c736,2025-11-21,2025-12-21,4053.74,243.24,4296.98,Issued,SampleGen
INV-2e152aa2-df32-4eb3-a4c2-0a72080c8e20,ID201869,CID-102,2e152aa2-df32-4eb3-a4c2-0a72080c8e20,2025-11-12,2025-12-12,2095.78,125.76,2221.54,Issued,SampleGen
INV-6fcae2e0-4cdd-4457-beb4-57d1bf92f4d9,ID201870,CID-102,6fcae2e0-4cdd-4457-beb4-57d1bf92f4d9,2025-11-21,2025-12-21,1403.82,84.24,1488.06,Issued,SampleGen
INV-d18c998a-dcb4-400a-93b0-64ea685e0261,ID201871,CID-102,d18c998a-dcb4-400a-93b0-64ea685e0261,2025-12-11,2026-01-10,3683.82,221.04,3904.86,Issued,SampleGen
INV-e0c49c0e-cff8-4c15-a1aa-2f36a831ed19,ID201872,CID-102,e0c49c0e-cff8-4c15-a1aa-2f36a831ed19,2025-12-12,2026-01-11,6855.7,411.36,7267.06,Issued,SampleGen
INV-d71bd2c8-5214-4804-91c1-b7de4e77e921,ID201873,CID-102,d71bd2c8-5214-4804-91c1-b7de4e77e921,2025-12-08,2026-01-07,1891.8,113.52,2005.32,Issued,SampleGen
INV-4ecc30a9-4805-4d60-8f0c-7be04e9b64de,ID201874,CID-102,4ecc30a9-4805-4d60-8f0c-7be04e9b64de,2026-01-16,2026-02-15,983.72,59.04,1042.76,Issued,SampleGen
INV-15938ce3-8f38-4073-ac88-0021ddd62d53,ID201875,CID-102,15938ce3-8f38-4073-ac88-0021ddd62d53,2026-01-28,2026-02-27,1677.86,100.68,1778.54,Issued,SampleGen
INV-e6fcf980-dc1b-4dda-b6aa-31d4e9a7373f,ID201876,CID-102,e6fcf980-dc1b-4dda-b6aa-31d4e9a7373f,2026-01-20,2026-02-19,2047.74,122.88,2170.62,Issued,SampleGen
INV-644dd79e-3859-4509-b622-e8755c729140,ID201877,CID-102,644dd79e-3859-4509-b622-e8755c729140,2026-02-15,2026-03-17,1711.72,102.72,1814.44,Issued,SampleGen
INV-14af9328-dacf-4861-b068-0abc0fb6e94a,ID201878,CID-102,14af9328-dacf-4861-b068-0abc0fb6e94a,2026-02-24,2026-03-26,1007.78,60.48,1068.26,Issued,SampleGen
INV-8d082014-50f1-4860-99fb-dd903753c9e3,ID201879,CID-102,8d082014-50f1-4860-99fb-dd903753c9e3,2026-02-14,2026-03-16,2111.9,126.72,2238.62,Issued,SampleGen
INV-921105ab-b668-491b-bc7d-bfe4db1477b6,ID201880,CID-102,921105ab-b668-491b-bc7d-bfe4db1477b6,2026-03-08,2026-04-07,1511.82,90.72,1602.54,Issued,SampleGen
INV-be1610a6-66a4-4cc5-a7cb-cb559a0deecb,ID201881,CID-102,be1610a6-66a4-4cc5-a7cb-cb559a0deecb,2026-03-26,2026-04-25,2527.8,151.68,2679.48,Issued,SampleGen
INV-a1bd249a-a713-4361-b2b4-e00c8691c3ea,ID201882,CID-102,a1bd249a-a713-4361-b2b4-e00c8691c3ea,2026-03-14,2026-04-13,4051.78,243.12,4294.9,Issued,SampleGen
INV-e162b1be-d976-4376-8744-20cc1b10132e,ID201883,CID-102,e162b1be-d976-4376-8744-20cc1b10132e,2026-03-19,2026-04-18,483.82,29.04,512.86,Issued,SampleGen
INV-72664227-8c89-4064-a2d8-e2d6e0d9cbf0,ID201884,CID-102,72664227-8c89-4064-a2d8-e2d6e0d9cbf0,2026-04-08,2026-05-08,939.92,56.4,996.32,Issued,SampleGen
INV-ce3cf6c8-896f-4a90-9d92-9a90872a157b,ID201885,CID-102,ce3cf6c8-896f-4a90-9d92-9a90872a157b,2026-04-21,2026-05-21,2857.8,171.48,3029.28,Issued,SampleGen
INV-beb7a1f8-5ce5-4b14-8604-c945e07a0cc1,ID201886,CID-102,beb7a1f8-5ce5-4b14-8604-c945e07a0cc1,2026-04-05,2026-05-05,707.86,42.48,750.34,Issued,SampleGen
INV-d205b0ee-1739-4830-bd97-40818cccf49d,ID201887,CID-102,d205b0ee-1739-4830-bd97-40818cccf49d,2026-04-04,2026-05-04,1463.86,87.84,1551.7,Issued,SampleGen
INV-66776750-271a-47e6-a34b-e1c0e8e11338,ID201888,CID-103,66776750-271a-47e6-a34b-e1c0e8e11338,2025-01-25,2025-02-24,347.88,20.88,368.76,Issued,SampleGen
INV-889c7428-cec3-4016-ba10-da147bddd3f1,ID201889,CID-103,889c7428-cec3-4016-ba10-da147bddd3f1,2025-02-22,2025-03-24,527.84,31.68,559.52,Issued,SampleGen
INV-50af9d06-86eb-4d7c-9179-eb1756c47599,ID201890,CID-103,50af9d06-86eb-4d7c-9179-eb1756c47599,2025-02-05,2025-03-07,1759.86,105.6,1865.46,Issued,SampleGen
INV-1452b047-45cf-4722-8bc0-f5c0f60c7635,ID201891,CID-103,1452b047-45cf-4722-8bc0-f5c0f60c7635,2025-03-12,2025-04-11,669.82,40.2,710.02,Issued,SampleGen
INV-55a62ddd-78fb-4713-8499-0d44c81ec9c5,ID201892,CID-103,55a62ddd-78fb-4713-8499-0d44c81ec9c5,2025-03-30,2025-04-29,2149.78,129.0,2278.78,Issued,SampleGen
INV-4a956726-3dee-4afb-82b2-2f477b5fb714,ID201893,CID-103,4a956726-3dee-4afb-82b2-2f477b5fb714,2025-04-11,2025-05-11,1899.76,114.0,2013.76,Issued,SampleGen
INV-ff8568a3-9241-41d6-a30a-746a1b504fcd,ID201894,CID-103,ff8568a3-9241-41d6-a30a-746a1b504fcd,2025-04-04,2025-05-04,679.88,40.8,720.68,Issued,SampleGen
INV-feee5e5b-3869-47ec-9313-8b080faf6241,ID201895,CID-103,feee5e5b-3869-47ec-9313-8b080faf6241,2025-05-13,2025-06-12,4471.72,268.32,4740.04,Issued,SampleGen
INV-2e187d04-7d33-4560-824e-bc0a56fcb068,ID201896,CID-103,2e187d04-7d33-4560-824e-bc0a56fcb068,2025-05-15,2025-06-14,577.86,34.68,612.54,Issued,SampleGen
INV-70941d19-b4a8-4d94-8662-422be2f8d29e,ID201897,CID-103,70941d19-b4a8-4d94-8662-422be2f8d29e,2025-06-28,2025-07-28,4039.84,242.4,4282.24,Issued,SampleGen
INV-fd72b9bb-4a37-4a86-a86c-0f3afd0c5e63,ID201898,CID-103,fd72b9bb-4a37-4a86-a86c-0f3afd0c5e63,2025-06-24,2025-07-24,1455.78,87.36,1543.14,Issued,SampleGen
INV-ce9496d9-414e-4a6d-bcc3-28075035b280,ID201899,CID-103,ce9496d9-414e-4a6d-bcc3-28075035b280,2025-06-08,2025-07-08,3557.86,213.48,3771.34,Issued,SampleGen
INV-4718bdb4-670f-429d-a439-39a6d51776bf,ID201900,CID-103,4718bdb4-670f-429d-a439-39a6d51776bf,2025-07-28,2025-08-27,611.8,36.72,648.52,Issued,SampleGen
INV-6cec1afb-fe54-483b-b367-36b6e07fc96e,ID201901,CID-103,6cec1afb-fe54-483b-b367-36b6e07fc96e,2025-07-12,2025-08-11,1119.8,67.2,1187.0,Issued,SampleGen
INV-59ca5455-2e54-47b7-b303-bad3412b38ac,ID201902,CID-103,59ca5455-2e54-47b7-b303-bad3412b38ac,2025-07-10,2025-08-09,2323.84,139.44,2463.28,Issued,SampleGen
INV-75ea11be-af5f-4ef2-90bd-52fbd2b6b7a4,ID201903,CID-103,75ea11be-af5f-4ef2-90bd-52fbd2b6b7a4,2025-08-22,2025-09-21,3775.84,226.56,4002.4,Issued,SampleGen
INV-2d1a4daf-8c6b-4003-892f-3791359c1662,ID201904,CID-103,2d1a4daf-8c6b-4003-892f-3791359c1662,2025-08-09,2025-09-08,1651.88,99.12,1751.0,Issued,SampleGen
INV-0686439a-300f-4c38-8e17-90543fe9ab59,ID201905,CID-103,0686439a-300f-4c38-8e17-90543fe9ab59,2025-08-13,2025-09-12,2929.8,175.8,3105.6,Issued,SampleGen
INV-41727e82-b035-4b10-9bc1-170f74bbd6dd,ID201906,CID-103,41727e82-b035-4b10-9bc1-170f74bbd6dd,2025-09-04,2025-10-04,357.9,21.48,379.38,Issued,SampleGen
INV-1e63d1f1-1c69-4f45-bb5e-1ee7f9bd1e71,ID201907,CID-103,1e63d1f1-1c69-4f45-bb5e-1ee7f9bd1e71,2025-09-29,2025-10-29,6623.74,397.44,7021.18,Issued,SampleGen
INV-d6086e4a-0797-4b20-990d-1fed9372f1ef,ID201908,CID-103,d6086e4a-0797-4b20-990d-1fed9372f1ef,2025-09-08,2025-10-08,1041.7,62.52,1104.22,Issued,SampleGen
INV-e92204cc-331c-45e7-81a7-4de36c6383cc,ID201909,CID-103,e92204cc-331c-45e7-81a7-4de36c6383cc,2025-09-22,2025-10-22,2923.86,175.44,3099.3,Issued,SampleGen
INV-72dd520c-6324-46f6-bacc-e54b3ea89f5a,ID201910,CID-103,72dd520c-6324-46f6-bacc-e54b3ea89f5a,2025-10-07,2025-11-06,1135.74,68.16,1203.9,Issued,SampleGen
INV-1371e443-5219-4428-b805-0cc0f5f9727d,ID201911,CID-103,1371e443-5219-4428-b805-0cc0f5f9727d,2025-10-11,2025-11-10,5481.76,328.92,5810.68,Issued,SampleGen
INV-72e1c446-d675-4c20-b5fd-2e252188cc4e,ID201912,CID-103,72e1c446-d675-4c20-b5fd-2e252188cc4e,2025-10-25,2025-11-24,1523.72,91.44,1615.16,Issued,SampleGen
INV-228e0434-2ecf-4d86-8208-925582260ec0,ID201913,CID-103,228e0434-2ecf-4d86-8208-925582260ec0,2025-10-28,2025-11-27,1759.86,105.6,1865.46,Issued,SampleGen
INV-ec6204f7-ad65-4ef0-a78c-74f26a5ecb2f,ID201914,CID-103,ec6204f7-ad65-4ef0-a78c-74f26a5ecb2f,2025-11-18,2025-12-18,439.86,26.4,466.26,Issued,SampleGen
INV-78893f75-a976-4a72-819e-32f2dd3c6e79,ID201915,CID-103,78893f75-a976-4a72-819e-32f2dd3c6e79,2025-11-03,2025-12-03,2139.78,128.4,2268.18,Issued,SampleGen
INV-6899263b-66cb-4631-88e8-5d8337e6e66a,ID201916,CID-103,6899263b-66cb-4631-88e8-5d8337e6e66a,2025-11-29,2025-12-29,1055.76,63.36,1119.12,Issued,SampleGen
INV-ef9939f3-290b-4528-b46f-548ceef85852,ID201917,CID-103,ef9939f3-290b-4528-b46f-548ceef85852,2025-11-03,2025-12-03,943.92,56.64,1000.56,Issued,SampleGen
INV-a63911cc-9e58-42ef-bc21-8ba70ea59a28,ID201918,CID-103,a63911cc-9e58-42ef-bc21-8ba70ea59a28,2025-12-10,2026-01-09,3947.86,236.88,4184.74,Issued,SampleGen
INV-ec9656f9-c258-4c56-b304-2e43c85e9b63,ID201919,CID-103,ec9656f9-c258-4c56-b304-2e43c85e9b63,2025-12-13,2026-01-12,2239.84,134.4,2374.24,Issued,SampleGen
INV-a48f4859-917f-4cf5-a8ea-577458bfa2da,ID201920,CID-103,a48f4859-917f-4cf5-a8ea-577458bfa2da,2025-12-02,2026-01-01,1295.84,77.76,1373.6,Issued,SampleGen
INV-fee8c05c-6a9f-4c64-a7b1-d008d5077065,ID201921,CID-103,fee8c05c-6a9f-4c64-a7b1-d008d5077065,2025-12-07,2026-01-06,4437.74,266.28,4704.02,Issued,SampleGen
INV-8f5ea1e0-40a1-4f25-8f6a-cf136e3d88e9,ID201922,CID-103,8f5ea1e0-40a1-4f25-8f6a-cf136e3d88e9,2026-01-29,2026-02-28,5295.68,317.76,5613.44,Issued,SampleGen
INV-4f43c6b6-7380-4e27-86cc-8a64b9a20569,ID201923,CID-103,4f43c6b6-7380-4e27-86cc-8a64b9a20569,2026-01-23,2026-02-22,921.76,55.32,977.08,Issued,SampleGen
INV-d143204c-0313-4036-b8af-282632a99526,ID201924,CID-103,d143204c-0313-4036-b8af-282632a99526,2026-01-11,2026-02-10,2359.78,141.6,2501.38,Issued,SampleGen
INV-27735ead-2be1-4cc4-9033-872978158384,ID201925,CID-103,27735ead-2be1-4cc4-9033-872978158384,2026-01-07,2026-02-06,1877.9,112.68,1990.58,Issued,SampleGen
INV-fd7ae956-8ad4-418e-ab4a-53a7d9e94c0e,ID201926,CID-103,fd7ae956-8ad4-418e-ab4a-53a7d9e94c0e,2026-02-09,2026-03-11,7463.76,447.84,7911.6,Issued,SampleGen
INV-c1ba9b2e-deee-464d-aa06-0779f366fa8f,ID201927,CID-103,c1ba9b2e-deee-464d-aa06-0779f366fa8f,2026-02-20,2026-03-22,2763.74,165.84,2929.58,Issued,SampleGen
INV-3a629ad6-9bc4-4a02-bd40-97122a72e9f0,ID201928,CID-103,3a629ad6-9bc4-4a02-bd40-97122a72e9f0,2026-02-27,2026-03-29,3587.82,215.28,3803.1,Issued,SampleGen
INV-f1ed0f1e-d13c-44ce-a1c0-052cb2fc7d87,ID201929,CID-103,f1ed0f1e-d13c-44ce-a1c0-052cb2fc7d87,2026-02-18,2026-03-20,1927.86,115.68,2043.54,Issued,SampleGen
INV-61f355c8-6ba2-4878-a476-cf7b2828deab,ID201930,CID-103,61f355c8-6ba2-4878-a476-cf7b2828deab,2026-02-03,2026-03-05,7319.7,439.2,7758.9,Issued,SampleGen
INV-13a88f91-e454-4f46-9894-1036e250497a,ID201931,CID-103,13a88f91-e454-4f46-9894-1036e250497a,2026-03-29,2026-04-28,2639.7,158.4,2798.1,Issued,SampleGen
INV-c33cf1ff-244a-4a99-8da8-07bf09b0a4b9,ID201932,CID-103,c33cf1ff-244a-4a99-8da8-07bf09b0a4b9,2026-03-11,2026-04-10,527.84,31.68,559.52,Issued,SampleGen
INV-8abaa72c-359e-43f4-8d67-a6b440ff0f6a,ID201933,CID-103,8abaa72c-359e-43f4-8d67-a6b440ff0f6a,2026-03-22,2026-04-21,2843.9,170.64,3014.54,Issued,SampleGen
INV-4d99010a-6be9-4483-bed4-02e32d171d6c,ID201934,CID-103,4d99010a-6be9-4483-bed4-02e32d171d6c,2026-03-25,2026-04-24,1031.92,61.92,1093.84,Issued,SampleGen
INV-fa6aeb88-b267-4724-939b-49ff68c1a893,ID201935,CID-103,fa6aeb88-b267-4724-939b-49ff68c1a893,2026-03-18,2026-04-17,541.86,32.52,574.38,Issued,SampleGen
INV-e8905c43-0a63-4391-82ce-b1ca9b08919f,ID201936,CID-103,e8905c43-0a63-4391-82ce-b1ca9b08919f,2026-04-17,2026-05-17,4259.9,255.6,4515.5,Issued,SampleGen
INV-f8d3241e-0d3a-40e7-ac95-3ffa87e966fc,ID201937,CID-103,f8d3241e-0d3a-40e7-ac95-3ffa87e966fc,2026-04-26,2026-05-26,2335.8,140.16,2475.96,Issued,SampleGen
INV-3a122708-6bc5-49bf-8b96-69fa170135a6,ID201938,CID-103,3a122708-6bc5-49bf-8b96-69fa170135a6,2026-04-22,2026-05-22,723.86,43.44,767.3,Issued,SampleGen
INV-524196ac-82a7-45c6-9538-69082e994fbd,ID201939,CID-103,524196ac-82a7-45c6-9538-69082e994fbd,2026-04-06,2026-05-06,1255.9,75.36,1331.26,Issued,SampleGen
INV-89048b7b-e03c-4361-9198-61804b76a241,ID201940,CID-103,89048b7b-e03c-4361-9198-61804b76a241,2026-04-21,2026-05-21,2469.8,148.2,2618.0,Issued,SampleGen
INV-daa9632a-1965-4a03-b9a6-11de6ddf88e1,ID201941,CID-104,daa9632a-1965-4a03-b9a6-11de6ddf88e1,2025-05-14,2025-06-13,6255.78,375.36,6631.14,Issued,SampleGen
INV-c612daa8-6c0e-4f4d-b08e-2212fedfe0a9,ID201942,CID-104,c612daa8-6c0e-4f4d-b08e-2212fedfe0a9,2025-06-08,2025-07-08,2123.84,127.44,2251.28,Issued,SampleGen
INV-556399df-5d3b-43e0-ae99-1b52588c9beb,ID201943,CID-104,556399df-5d3b-43e0-ae99-1b52588c9beb,2025-07-13,2025-08-12,5155.76,309.36,5465.12,Issued,SampleGen
INV-f47f78c0-2b91-4234-a5cc-0b7b17fafe35,ID201944,CID-104,f47f78c0-2b91-4234-a5cc-0b7b17fafe35,2025-09-13,2025-10-13,1903.76,114.24,2018.0,Issued,SampleGen
INV-70b2db9b-05d6-4871-a664-291b0168c77f,ID201945,CID-104,70b2db9b-05d6-4871-a664-291b0168c77f,2025-10-10,2025-11-09,1335.74,80.16,1415.9,Issued,SampleGen
INV-e378930a-71ee-4f03-9125-8c7de7d7dc19,ID201946,CID-104,e378930a-71ee-4f03-9125-8c7de7d7dc19,2025-12-21,2026-01-20,437.88,26.28,464.16,Issued,SampleGen
INV-f99bd710-d01e-4da5-9ef6-088cf54d6bdf,ID201947,CID-104,f99bd710-d01e-4da5-9ef6-088cf54d6bdf,2026-03-16,2026-04-15,1531.82,91.92,1623.74,Issued,SampleGen
INV-47950fc3-dbb6-4870-83b9-82e582e0d5c0,ID201948,CID-104,47950fc3-dbb6-4870-83b9-82e582e0d5c0,2026-04-11,2026-05-11,3523.88,211.44,3735.32,Issued,SampleGen
INV-95134d26-6266-4da1-bc19-446822260297,ID201949,CID-105,95134d26-6266-4da1-bc19-446822260297,2025-06-02,2025-07-02,4523.78,271.44,4795.22,Issued,SampleGen
INV-c852e95b-fd07-4e2b-aa6d-e69647002e95,ID201950,CID-105,c852e95b-fd07-4e2b-aa6d-e69647002e95,2025-07-12,2025-08-11,1683.78,101.04,1784.82,Issued,SampleGen
INV-9f868d9d-9f19-4d27-82b3-8bd03e6eb83e,ID201951,CID-105,9f868d9d-9f19-4d27-82b3-8bd03e6eb83e,2025-11-22,2025-12-22,1607.82,96.48,1704.3,Issued,SampleGen
INV-75c715e0-57a5-47f7-b81f-2a03f02113e7,ID201952,CID-105,75c715e0-57a5-47f7-b81f-2a03f02113e7,2026-01-05,2026-02-04,1783.84,107.04,1890.88,Issued,SampleGen
INV-76ad3884-d5d8-4cca-a039-87ee6c9f1c65,ID201953,CID-105,76ad3884-d5d8-4cca-a039-87ee6c9f1c65,2026-04-28,2026-05-28,1347.72,80.88,1428.6,Issued,SampleGen
INV-ffb34944-3c06-41ff-a271-036307b3c2a7,ID201954,CID-106,ffb34944-3c06-41ff-a271-036307b3c2a7,2025-01-11,2025-02-10,6515.74,390.96,6906.7,Issued,SampleGen
INV-35927496-4c49-4b4c-9cea-961a3e2fc9da,ID201955,CID-106,35927496-4c49-4b4c-9cea-961a3e2fc9da,2025-03-02,2025-04-01,717.86,43.08,760.94,Issued,SampleGen
INV-f97b493b-21ac-46b1-9c13-ba758bb96a83,ID201956,CID-106,f97b493b-21ac-46b1-9c13-ba758bb96a83,2025-04-15,2025-05-15,1261.78,75.72,1337.5,Issued,SampleGen
INV-580f1f28-71f7-42be-82e6-e2b5c5fa81db,ID201957,CID-106,580f1f28-71f7-42be-82e6-e2b5c5fa81db,2025-06-29,2025-07-29,2659.86,159.6,2819.46,Issued,SampleGen
INV-3477bdc2-e39c-4527-9da0-bc8182c9d07c,ID201958,CID-106,3477bdc2-e39c-4527-9da0-bc8182c9d07c,2025-07-05,2025-08-04,903.88,54.24,958.12,Issued,SampleGen
INV-7bfa84b3-4b98-4c2d-9d60-27847da96b4f,ID201959,CID-106,7bfa84b3-4b98-4c2d-9d60-27847da96b4f,2025-08-07,2025-09-06,775.84,46.56,822.4,Issued,SampleGen
INV-0707b588-0758-45cb-bf87-835088dbf3f4,ID201960,CID-106,0707b588-0758-45cb-bf87-835088dbf3f4,2025-09-26,2025-10-26,2943.86,176.64,3120.5,Issued,SampleGen
INV-bd761912-f837-4f8c-a6b0-07aa7a4acad0,ID201961,CID-106,bd761912-f837-4f8c-a6b0-07aa7a4acad0,2025-09-20,2025-10-20,1577.76,94.68,1672.44,Issued,SampleGen
INV-41dd618f-51e4-440a-a5e1-6c02d296c1dd,ID201962,CID-106,41dd618f-51e4-440a-a5e1-6c02d296c1dd,2025-10-21,2025-11-20,3999.72,240.0,4239.72,Issued,SampleGen
INV-3fdb049d-18b0-415c-be8b-15905d4e37fe,ID201963,CID-106,3fdb049d-18b0-415c-be8b-15905d4e37fe,2025-10-14,2025-11-13,2141.84,128.52,2270.36,Issued,SampleGen
INV-6dffb28f-c17b-4f44-ac7a-18f2872b22c7,ID201964,CID-106,6dffb28f-c17b-4f44-ac7a-18f2872b22c7,2025-11-16,2025-12-16,9371.78,562.32,9934.1,Issued,SampleGen
INV-6e7f7d57-f599-42d9-9be0-25cb55edc150,ID201965,CID-106,6e7f7d57-f599-42d9-9be0-25cb55edc150,2025-12-08,2026-01-07,879.9,52.8,932.7,Issued,SampleGen
INV-cf8b4a23-223e-45a9-b3ad-5e09bcb199ab,ID201966,CID-106,cf8b4a23-223e-45a9-b3ad-5e09bcb199ab,2026-01-28,2026-02-27,1415.88,84.96,1500.84,Issued,SampleGen
INV-e2b2c883-d0f5-4c85-88d0-c63a80d30df9,ID201967,CID-106,e2b2c883-d0f5-4c85-88d0-c63a80d30df9,2026-01-12,2026-02-11,591.9,35.52,627.42,Issued,SampleGen
INV-9c006e84-091d-4970-9e6b-03a56912f694,ID201968,CID-106,9c006e84-091d-4970-9e6b-03a56912f694,2026-02-16,2026-03-18,1379.8,82.8,1462.6,Issued,SampleGen
INV-1c0a8f71-a4d1-4347-8cc7-7f8a7be7392e,ID201969,CID-106,1c0a8f71-a4d1-4347-8cc7-7f8a7be7392e,2026-03-22,2026-04-21,807.84,48.48,856.32,Issued,SampleGen
INV-63af2585-4b4b-4488-b440-9c9575e5d8e8,ID201970,CID-106,63af2585-4b4b-4488-b440-9c9575e5d8e8,2026-03-16,2026-04-15,779.88,46.8,826.68,Issued,SampleGen
INV-2f5c772e-5bf2-4e3f-81c2-d36955625d93,ID201971,CID-106,2f5c772e-5bf2-4e3f-81c2-d36955625d93,2026-04-28,2026-05-28,1231.76,73.92,1305.68,Issued,SampleGen
INV-fd7d3131-2838-4a3c-a8f4-dc9416983995,ID201972,CID-106,fd7d3131-2838-4a3c-a8f4-dc9416983995,2026-04-16,2026-05-16,1339.86,80.4,1420.26,Issued,SampleGen
INV-efea7913-85e5-43b4-8b4e-77882850c7d4,ID201973,CID-107,efea7913-85e5-43b4-8b4e-77882850c7d4,2025-01-17,2025-02-16,2091.8,125.52,2217.32,Issued,SampleGen
INV-3c03a54f-d11f-4ae8-89ae-65964a2cab4e,ID201974,CID-107,3c03a54f-d11f-4ae8-89ae-65964a2cab4e,2025-02-03,2025-03-05,957.9,57.48,1015.38,Issued,SampleGen
INV-71e3905d-b5dc-41f4-b9c4-686f81af73b9,ID201975,CID-107,71e3905d-b5dc-41f4-b9c4-686f81af73b9,2025-03-11,2025-04-10,445.86,26.76,472.62,Issued,SampleGen
INV-16244296-e203-4d2c-960e-a670975d6252,ID201976,CID-107,16244296-e203-4d2c-960e-a670975d6252,2025-04-26,2025-05-26,737.88,44.28,782.16,Issued,SampleGen
INV-9935afa7-a3dc-4ada-9f8d-7f17426d6a81,ID201977,CID-107,9935afa7-a3dc-4ada-9f8d-7f17426d6a81,2025-05-07,2025-06-06,1279.9,76.8,1356.7,Issued,SampleGen
INV-84f1b63f-3d95-4fe1-8913-635060f29333,ID201978,CID-107,84f1b63f-3d95-4fe1-8913-635060f29333,2025-06-06,2025-07-06,2183.8,131.04,2314.84,Issued,SampleGen
INV-f886a0e5-9076-402d-a540-158d98c86733,ID201979,CID-107,f886a0e5-9076-402d-a540-158d98c86733,2025-07-14,2025-08-13,3485.78,209.16,3694.94,Issued,SampleGen
INV-a14ddf87-c3c5-4cff-bc89-e5c877bad98c,ID201980,CID-107,a14ddf87-c3c5-4cff-bc89-e5c877bad98c,2025-08-31,2025-09-30,2359.78,141.6,2501.38,Issued,SampleGen
INV-e5eb2e0b-d6cb-465a-9f04-58b8b443b242,ID201981,CID-107,e5eb2e0b-d6cb-465a-9f04-58b8b443b242,2025-09-03,2025-10-03,3747.7,224.88,3972.58,Issued,SampleGen
INV-aab94857-955d-4bec-b95f-016f3de3bc77,ID201982,CID-107,aab94857-955d-4bec-b95f-016f3de3bc77,2025-10-19,2025-11-18,791.76,47.52,839.28,Issued,SampleGen
INV-38a81834-2ad5-46ab-89ad-09710221823b,ID201983,CID-107,38a81834-2ad5-46ab-89ad-09710221823b,2025-11-02,2025-12-02,2355.72,141.36,2497.08,Issued,SampleGen
INV-74972a1b-084a-4cdb-b04d-31f2120ffa50,ID201984,CID-107,74972a1b-084a-4cdb-b04d-31f2120ffa50,2025-12-21,2026-01-20,2287.82,137.28,2425.1,Issued,SampleGen
INV-9e815669-9375-4d86-bf52-5268d0bf0a95,ID201985,CID-107,9e815669-9375-4d86-bf52-5268d0bf0a95,2026-01-22,2026-02-21,3499.82,210.0,3709.82,Issued,SampleGen
INV-2a294c64-2330-490c-9fc5-5a119a5780e2,ID201986,CID-107,2a294c64-2330-490c-9fc5-5a119a5780e2,2026-01-11,2026-02-10,2031.86,121.92,2153.78,Issued,SampleGen
INV-15096f70-8978-4482-9a7d-af6d4f7168ab,ID201987,CID-107,15096f70-8978-4482-9a7d-af6d4f7168ab,2026-02-20,2026-03-22,2863.78,171.84,3035.62,Issued,SampleGen
INV-b5a62b22-f4b3-4490-b3fa-e4ee7db3226f,ID201988,CID-107,b5a62b22-f4b3-4490-b3fa-e4ee7db3226f,2026-02-19,2026-03-21,1411.76,84.72,1496.48,Issued,SampleGen
INV-2902ade5-1c27-4f3c-af24-71f33d963136,ID201989,CID-107,2902ade5-1c27-4f3c-af24-71f33d963136,2026-03-24,2026-04-23,1215.86,72.96,1288.82,Issued,SampleGen
INV-03bbbc96-e815-443d-b0e8-95ea5c5f0c02,ID201990,CID-107,03bbbc96-e815-443d-b0e8-95ea5c5f0c02,2026-04-26,2026-05-26,1315.76,78.96,1394.72,Issued,SampleGen
INV-f12aee2b-9385-406c-b75a-5909ffa2470c,ID201991,CID-107,f12aee2b-9385-406c-b75a-5909ffa2470c,2026-04-09,2026-05-09,1519.92,91.2,1611.12,Issued,SampleGen
INV-8a5d0557-cc24-44b6-8d88-71574f822f8c,ID201992,CID-108,8a5d0557-cc24-44b6-8d88-71574f822f8c,2025-01-08,2025-02-07,4535.78,272.16,4807.94,Issued,SampleGen
INV-ed407871-909d-4518-9ad3-fd18c4675593,ID201993,CID-108,ed407871-909d-4518-9ad3-fd18c4675593,2025-03-13,2025-04-12,5111.88,306.72,5418.6,Issued,SampleGen
INV-88ceb2f5-7079-4d46-9a8a-47c90f64881d,ID201994,CID-108,88ceb2f5-7079-4d46-9a8a-47c90f64881d,2025-06-10,2025-07-10,2687.8,161.28,2849.08,Issued,SampleGen
INV-b9d47fb7-0b6c-4f1c-8b6b-1e8ee5f281e5,ID201995,CID-108,b9d47fb7-0b6c-4f1c-8b6b-1e8ee5f281e5,2025-08-10,2025-09-09,559.88,33.6,593.48,Issued,SampleGen
INV-22b01d96-807a-40f1-a776-b61c14d97eeb,ID201996,CID-108,22b01d96-807a-40f1-a776-b61c14d97eeb,2025-09-11,2025-10-11,313.9,18.84,332.74,Issued,SampleGen
INV-7af1a98e-710e-4e96-8916-db5e37f7e7fd,ID201997,CID-108,7af1a98e-710e-4e96-8916-db5e37f7e7fd,2025-10-17,2025-11-16,2063.84,123.84,2187.68,Issued,SampleGen
INV-863caa8d-ce7d-48cf-bc73-99329e6fc561,ID201998,CID-108,863caa8d-ce7d-48cf-bc73-99329e6fc561,2025-11-14,2025-12-14,2347.74,140.88,2488.62,Issued,SampleGen
INV-0615558e-8876-4441-a95c-46a180386ba7,ID201999,CID-108,0615558e-8876-4441-a95c-46a180386ba7,2025-12-17,2026-01-16,527.84,31.68,559.52,Issued,SampleGen
INV-e0f61af8-904b-477c-abbb-e5a347b934f6,ID202000,CID-108,e0f61af8-904b-477c-abbb-e5a347b934f6,2026-01-11,2026-02-10,829.8,49.8,879.6,Issued,SampleGen
INV-4ea15f34-c510-4a2b-89b2-c7ce04677455,ID202001,CID-108,4ea15f34-c510-4a2b-89b2-c7ce04677455,2026-02-12,2026-03-14,1051.82,63.12,1114.94,Issued,SampleGen
INV-7456b355-0795-4d7d-b8a2-b5cec8cdfe6e,ID202002,CID-108,7456b355-0795-4d7d-b8a2-b5cec8cdfe6e,2026-02-20,2026-03-22,1347.86,80.88,1428.74,Issued,SampleGen
INV-1b63415e-6f0b-43c8-8c6f-8e5c482ff853,ID202003,CID-108,1b63415e-6f0b-43c8-8c6f-8e5c482ff853,2026-03-29,2026-04-28,779.8,46.8,826.6,Issued,SampleGen
INV-1c92d6ff-6fcf-4290-91ed-3d21f790dcdc,ID202004,CID-108,1c92d6ff-6fcf-4290-91ed-3d21f790dcdc,2026-04-04,2026-05-04,3647.86,218.88,3866.74,Issued,SampleGen
INV-aaff2eba-8ad4-457d-88fd-9efd96149666,ID202005,CID-108,aaff2eba-8ad4-457d-88fd-9efd96149666,2026-04-21,2026-05-21,2311.68,138.72,2450.4,Issued,SampleGen
INV-42391d7d-0ac4-4691-b008-7ac03cde119a,ID202006,CID-109,42391d7d-0ac4-4691-b008-7ac03cde119a,2025-01-20,2025-02-19,1659.88,99.6,1759.48,Issued,SampleGen
INV-c0c754ce-852a-42bd-a045-23f3327fbbec,ID202007,CID-109,c0c754ce-852a-42bd-a045-23f3327fbbec,2025-05-16,2025-06-15,3895.76,233.76,4129.52,Issued,SampleGen
INV-58cf7f82-dfab-4870-b440-9d7323f09736,ID202008,CID-109,58cf7f82-dfab-4870-b440-9d7323f09736,2025-08-17,2025-09-16,4081.74,244.92,4326.66,Issued,SampleGen
INV-2ceda72e-bad6-4680-9bbd-fd1b51ef411f,ID202009,CID-109,2ceda72e-bad6-4680-9bbd-fd1b51ef411f,2025-09-26,2025-10-26,1091.76,65.52,1157.28,Issued,SampleGen
INV-4d4e2b61-6e23-4ee2-8fdc-c1465e7c6e16,ID202010,CID-109,4d4e2b61-6e23-4ee2-8fdc-c1465e7c6e16,2025-10-08,2025-11-07,1973.78,118.44,2092.22,Issued,SampleGen
INV-03ca8af6-e8b7-4dbe-910c-10ac5b806aec,ID202011,CID-109,03ca8af6-e8b7-4dbe-910c-10ac5b806aec,2025-12-27,2026-01-26,1539.76,92.4,1632.16,Issued,SampleGen
INV-840e7123-2826-41a4-ad49-600d8a91e093,ID202012,CID-109,840e7123-2826-41a4-ad49-600d8a91e093,2026-02-21,2026-03-23,5211.72,312.72,5524.44,Issued,SampleGen
INV-de367043-e111-461e-9b54-83b00d765230,ID202013,CID-109,de367043-e111-461e-9b54-83b00d765230,2026-03-28,2026-04-27,4181.78,250.92,4432.7,Issued,SampleGen
INV-1c0ad3ea-468a-4abb-a642-d2be501273cc,ID202014,CID-110,1c0ad3ea-468a-4abb-a642-d2be501273cc,2025-05-14,2025-06-13,1679.88,100.8,1780.68,Issued,SampleGen
INV-3b3ddd5e-70b8-4ef9-ab4d-79dc68724365,ID202015,CID-110,3b3ddd5e-70b8-4ef9-ab4d-79dc68724365,2025-06-26,2025-07-26,4513.72,270.84,4784.56,Issued,SampleGen
INV-44f49962-bb71-454b-b714-830d94d28e37,ID202016,CID-110,44f49962-bb71-454b-b714-830d94d28e37,2025-09-22,2025-10-22,717.86,43.08,760.94,Issued,SampleGen
INV-49835c3b-93bd-4a60-ab29-303fbae7d1b2,ID202017,CID-110,49835c3b-93bd-4a60-ab29-303fbae7d1b2,2025-11-23,2025-12-23,1879.88,112.8,1992.68,Issued,SampleGen
INV-c1e213e1-2da2-46f9-9bf7-d940599c06f0,ID202018,CID-110,c1e213e1-2da2-46f9-9bf7-d940599c06f0,2025-12-28,2026-01-27,1239.84,74.4,1314.24,Issued,SampleGen
INV-5fd20f7d-9347-4b6f-b3c8-f95e28ca1201,ID202019,CID-110,5fd20f7d-9347-4b6f-b3c8-f95e28ca1201,2026-01-04,2026-02-03,7483.78,449.04,7932.82,Issued,SampleGen
INV-35951d05-ad00-4863-80af-55effdf648d5,ID202020,CID-110,35951d05-ad00-4863-80af-55effdf648d5,2026-03-31,2026-04-30,4423.76,265.44,4689.2,Issued,SampleGen
INV-2c750fad-dc93-4c08-ab0c-9ec62e9c0ca6,ID202021,CID-110,2c750fad-dc93-4c08-ab0c-9ec62e9c0ca6,2026-04-14,2026-05-14,1389.78,83.4,1473.18,Issued,SampleGen
INV-af40429b-87e3-43ef-b0e2-c1ed72164aca,ID202022,CID-111,af40429b-87e3-43ef-b0e2-c1ed72164aca,2025-02-23,2025-03-25,3327.76,199.68,3527.44,Issued,SampleGen
INV-f63e7d4d-6178-41ab-a5b3-09c48ca8fb65,ID202023,CID-111,f63e7d4d-6178-41ab-a5b3-09c48ca8fb65,2025-03-06,2025-04-05,3291.78,197.52,3489.3,Issued,SampleGen
INV-32d05ea1-8f34-44a2-8c4c-4768c3c0d8b5,ID202024,CID-111,32d05ea1-8f34-44a2-8c4c-4768c3c0d8b5,2025-04-23,2025-05-23,845.78,50.76,896.54,Issued,SampleGen
INV-735b7ac3-d0dd-45e1-90e5-fcf73c87743e,ID202025,CID-111,735b7ac3-d0dd-45e1-90e5-fcf73c87743e,2025-05-20,2025-06-19,4001.74,240.12,4241.86,Issued,SampleGen
INV-a3b12a01-8668-40f1-ad65-79c99adf24f3,ID202026,CID-111,a3b12a01-8668-40f1-ad65-79c99adf24f3,2025-06-30,2025-07-30,449.82,27.0,476.82,Issued,SampleGen
INV-84e4d112-4f8b-4e1e-8061-5e95eed58fcf,ID202027,CID-111,84e4d112-4f8b-4e1e-8061-5e95eed58fcf,2025-07-06,2025-08-05,2661.78,159.72,2821.5,Issued,SampleGen
INV-0b88f819-eb06-4e6e-9ee9-5ceef0ea6cfc,ID202028,CID-111,0b88f819-eb06-4e6e-9ee9-5ceef0ea6cfc,2025-08-06,2025-09-05,1499.82,90.0,1589.82,Issued,SampleGen
INV-3b93ed13-ba1a-4c0e-b4af-d82c70e070b3,ID202029,CID-111,3b93ed13-ba1a-4c0e-b4af-d82c70e070b3,2025-09-30,2025-10-30,935.82,56.16,991.98,Issued,SampleGen
INV-3cad7803-3da7-469a-a25d-20ef5d1e55bc,ID202030,CID-111,3cad7803-3da7-469a-a25d-20ef5d1e55bc,2025-09-19,2025-10-19,2063.92,123.84,2187.76,Issued,SampleGen
INV-75abd97f-7687-422e-9a73-49e21d59763d,ID202031,CID-111,75abd97f-7687-422e-9a73-49e21d59763d,2025-10-24,2025-11-23,4375.72,262.56,4638.28,Issued,SampleGen
INV-3b1afb26-9808-4d7f-9357-59a3404986db,ID202032,CID-111,3b1afb26-9808-4d7f-9357-59a3404986db,2025-11-09,2025-12-09,2247.74,134.88,2382.62,Issued,SampleGen
INV-2874859c-8c15-4e76-a6bf-271b3b4ccb42,ID202033,CID-111,2874859c-8c15-4e76-a6bf-271b3b4ccb42,2025-12-25,2026-01-24,961.72,57.72,1019.44,Issued,SampleGen
INV-3c40005c-57ba-4183-908b-6e914c48073a,ID202034,CID-111,3c40005c-57ba-4183-908b-6e914c48073a,2026-01-31,2026-03-02,1507.78,90.48,1598.26,Issued,SampleGen
INV-ed1bb5d2-97f3-4ae0-878c-a2a53d1f7ae8,ID202035,CID-111,ed1bb5d2-97f3-4ae0-878c-a2a53d1f7ae8,2026-02-06,2026-03-08,2451.84,147.12,2598.96,Issued,SampleGen
INV-cc74c3b3-43e2-4969-908f-0d2ab41045c3,ID202036,CID-111,cc74c3b3-43e2-4969-908f-0d2ab41045c3,2026-02-10,2026-03-12,5743.8,344.64,6088.44,Issued,SampleGen
INV-07a16bbf-3045-4987-8e9c-f29b17d67daa,ID202037,CID-111,07a16bbf-3045-4987-8e9c-f29b17d67daa,2026-03-13,2026-04-12,4855.74,291.36,5147.1,Issued,SampleGen
INV-9e429db9-d166-4364-859b-7e287469229b,ID202038,CID-111,9e429db9-d166-4364-859b-7e287469229b,2026-04-13,2026-05-13,525.84,31.56,557.4,Issued,SampleGen
INV-a4b542dc-1570-4ea8-a2cb-4506749d2578,ID202039,CID-111,a4b542dc-1570-4ea8-a2cb-4506749d2578,2026-04-09,2026-05-09,959.8,57.6,1017.4,Issued,SampleGen
INV-65f350a2-2376-40a4-95cf-280c47c4ec4f,ID202040,CID-112,65f350a2-2376-40a4-95cf-280c47c4ec4f,2025-01-23,2025-02-22,559.88,33.6,593.48,Issued,SampleGen
INV-13f8a90a-a8f2-4c4f-8321-b335eebf8690,ID202041,CID-112,13f8a90a-a8f2-4c4f-8321-b335eebf8690,2025-02-22,2025-03-24,2993.8,179.64,3173.44,Issued,SampleGen
INV-4351a82b-3e75-498f-98e5-1602458c03fb,ID202042,CID-112,4351a82b-3e75-498f-98e5-1602458c03fb,2025-03-22,2025-04-21,2243.9,134.64,2378.54,Issued,SampleGen
INV-a6236bbd-416b-4a8a-b475-2ccaf7ebad29,ID202043,CID-112,a6236bbd-416b-4a8a-b475-2ccaf7ebad29,2025-04-03,2025-05-03,1691.82,101.52,1793.34,Issued,SampleGen
INV-a062eb00-9d54-4edd-8232-e96ddba848ac,ID202044,CID-112,a062eb00-9d54-4edd-8232-e96ddba848ac,2025-05-12,2025-06-11,963.82,57.84,1021.66,Issued,SampleGen
INV-d927d7a7-7460-4cf7-8f4f-c9eac5e41065,ID202045,CID-112,d927d7a7-7460-4cf7-8f4f-c9eac5e41065,2025-06-29,2025-07-29,413.86,24.84,438.7,Issued,SampleGen
INV-1c1dab89-9c73-44da-854b-40a68ff4beae,ID202046,CID-112,1c1dab89-9c73-44da-854b-40a68ff4beae,2025-07-02,2025-08-01,4343.68,260.64,4604.32,Issued,SampleGen
INV-74386d5b-27af-4d81-88f4-10c5ecbd5f01,ID202047,CID-112,74386d5b-27af-4d81-88f4-10c5ecbd5f01,2025-07-18,2025-08-17,959.86,57.6,1017.46,Issued,SampleGen
INV-c8f5e008-c615-45da-a9dd-e68653edea40,ID202048,CID-112,c8f5e008-c615-45da-a9dd-e68653edea40,2025-08-23,2025-09-22,1119.78,67.2,1186.98,Issued,SampleGen
INV-569aec86-d2ee-474e-9be1-305a98a015b2,ID202049,CID-112,569aec86-d2ee-474e-9be1-305a98a015b2,2025-09-08,2025-10-08,3821.78,229.32,4051.1,Issued,SampleGen
INV-5af7e759-f970-4465-aecc-764b72e3e496,ID202050,CID-112,5af7e759-f970-4465-aecc-764b72e3e496,2025-10-11,2025-11-10,1819.92,109.2,1929.12,Issued,SampleGen
INV-8bbaa001-6fd6-44eb-a6ba-9739ef224f38,ID202051,CID-112,8bbaa001-6fd6-44eb-a6ba-9739ef224f38,2025-10-08,2025-11-07,805.8,48.36,854.16,Issued,SampleGen
INV-003aea02-200a-45bd-bacb-4303ccf606f2,ID202052,CID-112,003aea02-200a-45bd-bacb-4303ccf606f2,2025-11-10,2025-12-10,2715.9,162.96,2878.86,Issued,SampleGen
INV-924d569f-3955-428d-8897-aedc9da4846f,ID202053,CID-112,924d569f-3955-428d-8897-aedc9da4846f,2025-11-07,2025-12-07,2687.76,161.28,2849.04,Issued,SampleGen
INV-0e6e5aad-77b0-44e4-9096-1739a085a76a,ID202054,CID-112,0e6e5aad-77b0-44e4-9096-1739a085a76a,2025-12-24,2026-01-23,4979.82,298.8,5278.62,Issued,SampleGen
INV-c20e9419-531b-4bd1-9d13-b04aaa6ebd68,ID202055,CID-112,c20e9419-531b-4bd1-9d13-b04aaa6ebd68,2025-12-08,2026-01-07,3203.72,192.24,3395.96,Issued,SampleGen
INV-a7de28e6-8f35-4180-bc8f-b17ff339f596,ID202056,CID-112,a7de28e6-8f35-4180-bc8f-b17ff339f596,2026-01-06,2026-02-05,6671.8,400.32,7072.12,Issued,SampleGen
INV-efe87c37-dc9f-4874-94f4-6a69e3073744,ID202057,CID-112,efe87c37-dc9f-4874-94f4-6a69e3073744,2026-01-29,2026-02-28,1819.74,109.2,1928.94,Issued,SampleGen
INV-2b40e389-2aa5-4011-80d0-df928bd6043e,ID202058,CID-112,2b40e389-2aa5-4011-80d0-df928bd6043e,2026-02-07,2026-03-09,3613.76,216.84,3830.6,Issued,SampleGen
INV-71abc133-f829-4b1a-8f21-7bf709261b03,ID202059,CID-112,71abc133-f829-4b1a-8f21-7bf709261b03,2026-02-14,2026-03-16,2847.72,170.88,3018.6,Issued,SampleGen
INV-23195716-4354-4ac7-94a5-14c6b6fbdb76,ID202060,CID-112,23195716-4354-4ac7-94a5-14c6b6fbdb76,2026-03-23,2026-04-22,1299.86,78.0,1377.86,Issued,SampleGen
INV-0e403340-c6a5-405c-831e-070aed999bbc,ID202061,CID-112,0e403340-c6a5-405c-831e-070aed999bbc,2026-03-04,2026-04-03,2951.76,177.12,3128.88,Issued,SampleGen
INV-38926d7d-3b64-45e3-96cb-b58f968b57de,ID202062,CID-112,38926d7d-3b64-45e3-96cb-b58f968b57de,2026-04-05,2026-05-05,451.88,27.12,479.0,Issued,SampleGen
INV-61d2853b-fa72-4bf3-a6d2-fccb80625428,ID202063,CID-114,61d2853b-fa72-4bf3-a6d2-fccb80625428,2025-01-27,2025-02-26,859.78,51.6,911.38,Issued,SampleGen
INV-3a986199-b873-44ca-9ddc-fd687999ffdf,ID202064,CID-114,3a986199-b873-44ca-9ddc-fd687999ffdf,2025-04-19,2025-05-19,3001.84,180.12,3181.96,Issued,SampleGen
INV-bf1487c9-cc1b-4062-aa4e-c9414220eba4,ID202065,CID-114,bf1487c9-cc1b-4062-aa4e-c9414220eba4,2025-05-02,2025-06-01,5947.76,356.88,6304.64,Issued,SampleGen
INV-0bbea430-cb07-468b-94c5-48907c0ea63c,ID202066,CID-114,0bbea430-cb07-468b-94c5-48907c0ea63c,2025-06-22,2025-07-22,709.82,42.6,752.42,Issued,SampleGen
INV-1271f502-4b64-4d27-83a5-d67e7d8bf279,ID202067,CID-114,1271f502-4b64-4d27-83a5-d67e7d8bf279,2025-07-11,2025-08-10,3591.88,215.52,3807.4,Issued,SampleGen
INV-999ea53e-4eae-4b13-bc9d-d4f3cd9fe6d8,ID202068,CID-114,999ea53e-4eae-4b13-bc9d-d4f3cd9fe6d8,2025-08-28,2025-09-27,3359.74,201.6,3561.34,Issued,SampleGen
INV-a51e4af1-608d-47a3-9d3c-117d9b7aef57,ID202069,CID-114,a51e4af1-608d-47a3-9d3c-117d9b7aef57,2025-09-15,2025-10-15,933.84,56.04,989.88,Issued,SampleGen
INV-8cc7b964-b3f3-4cc5-9bd5-52f6d7dfe7ff,ID202070,CID-114,8cc7b964-b3f3-4cc5-9bd5-52f6d7dfe7ff,2025-10-27,2025-11-26,979.82,58.8,1038.62,Issued,SampleGen
INV-a6383e20-2a83-45de-bf2c-7965430c9db4,ID202071,CID-114,a6383e20-2a83-45de-bf2c-7965430c9db4,2025-11-14,2025-12-14,129.9,7.8,137.7,Issued,SampleGen
INV-dc3f6de2-7d7b-4261-9245-719b6cd6b67d,ID202072,CID-114,dc3f6de2-7d7b-4261-9245-719b6cd6b67d,2025-12-27,2026-01-26,3345.78,200.76,3546.54,Issued,SampleGen
INV-9e32367e-024a-4b2f-bc73-5b7271f87df4,ID202073,CID-114,9e32367e-024a-4b2f-bc73-5b7271f87df4,2026-01-09,2026-02-08,4715.72,282.96,4998.68,Issued,SampleGen
INV-1c707572-5a1c-4553-963a-e20723457a05,ID202074,CID-114,1c707572-5a1c-4553-963a-e20723457a05,2026-02-24,2026-03-26,1025.82,61.56,1087.38,Issued,SampleGen
INV-c0041b89-266d-4a1d-8d01-e0ae353459fa,ID202075,CID-114,c0041b89-266d-4a1d-8d01-e0ae353459fa,2026-02-27,2026-03-29,519.86,31.2,551.06,Issued,SampleGen
INV-c842d543-0f26-403c-895a-3cf20c7af348,ID202076,CID-114,c842d543-0f26-403c-895a-3cf20c7af348,2026-03-27,2026-04-26,811.76,48.72,860.48,Issued,SampleGen
INV-36751071-79ca-4afe-aa66-806de073940e,ID202077,CID-114,36751071-79ca-4afe-aa66-806de073940e,2026-03-28,2026-04-27,507.88,30.48,538.36,Issued,SampleGen
INV-b3aac5ba-30bd-4b3d-aea2-8a29c8e96a3c,ID202078,CID-114,b3aac5ba-30bd-4b3d-aea2-8a29c8e96a3c,2026-04-08,2026-05-08,2499.74,150.0,2649.74,Issued,SampleGen
INV-f81bbd60-03a5-448a-9735-e7e4d6ab0d5b,ID202079,CID-114,f81bbd60-03a5-448a-9735-e7e4d6ab0d5b,2026-04-26,2026-05-26,1445.84,86.76,1532.6,Issued,SampleGen
INV-19f6c2ed-3e04-4ed2-b92f-a0070a4c3a62,ID202080,CID-115,19f6c2ed-3e04-4ed2-b92f-a0070a4c3a62,2025-02-27,2025-03-29,1499.9,90.0,1589.9,Issued,SampleGen
INV-ddd12a8a-3991-4dda-bced-59a94316e051,ID202081,CID-115,ddd12a8a-3991-4dda-bced-59a94316e051,2025-03-19,2025-04-18,4505.76,270.36,4776.12,Issued,SampleGen
INV-de97f09b-e5b8-4b1b-9be2-0856ecdd7171,ID202082,CID-115,de97f09b-e5b8-4b1b-9be2-0856ecdd7171,2025-05-11,2025-06-10,1795.84,107.76,1903.6,Issued,SampleGen
INV-3f7313b4-10db-4686-892b-2a0c948aafb9,ID202083,CID-115,3f7313b4-10db-4686-892b-2a0c948aafb9,2025-06-25,2025-07-25,379.88,22.8,402.68,Issued,SampleGen
INV-21117481-3a95-4773-9777-282cb7bd9463,ID202084,CID-115,21117481-3a95-4773-9777-282cb7bd9463,2025-07-06,2025-08-05,1975.92,118.56,2094.48,Issued,SampleGen
INV-1403404e-4be7-450d-9787-6fecfb0d801e,ID202085,CID-115,1403404e-4be7-450d-9787-6fecfb0d801e,2025-08-27,2025-09-26,2111.8,126.72,2238.52,Issued,SampleGen
INV-bbc53b8c-fe3e-4179-839c-e05700a3e400,ID202086,CID-115,bbc53b8c-fe3e-4179-839c-e05700a3e400,2025-09-16,2025-10-16,3455.8,207.36,3663.16,Issued,SampleGen
INV-a898b3a6-33cc-49a9-aa4f-725a2dbfd74a,ID202087,CID-115,a898b3a6-33cc-49a9-aa4f-725a2dbfd74a,2025-10-05,2025-11-04,1519.86,91.2,1611.06,Issued,SampleGen
INV-f3557006-70e1-4e82-90a1-c7dfd4f5e4cd,ID202088,CID-115,f3557006-70e1-4e82-90a1-c7dfd4f5e4cd,2025-11-22,2025-12-22,301.86,18.12,319.98,Issued,SampleGen
INV-c73146f1-b326-4947-bfec-6d1fbca377bb,ID202089,CID-115,c73146f1-b326-4947-bfec-6d1fbca377bb,2025-12-12,2026-01-11,4121.8,247.32,4369.12,Issued,SampleGen
INV-8dd6c5ef-e973-4740-a867-8d9d6f82da6a,ID202090,CID-115,8dd6c5ef-e973-4740-a867-8d9d6f82da6a,2026-01-31,2026-03-02,2523.76,151.44,2675.2,Issued,SampleGen
INV-07f1943a-5a21-4c4e-bfb3-8cc10504b106,ID202091,CID-115,07f1943a-5a21-4c4e-bfb3-8cc10504b106,2026-02-19,2026-03-21,1721.82,103.32,1825.14,Issued,SampleGen
INV-2baea11c-ec7f-4e81-9424-4eef0a75ae48,ID202092,CID-115,2baea11c-ec7f-4e81-9424-4eef0a75ae48,2026-03-18,2026-04-17,3223.88,193.44,3417.32,Issued,SampleGen
INV-6a0f90a3-fe9e-48e1-a6a3-1d73b7680187,ID202093,CID-115,6a0f90a3-fe9e-48e1-a6a3-1d73b7680187,2026-04-09,2026-05-09,2079.74,124.8,2204.54,Issued,SampleGen
INV-12ad9e3f-4036-40c5-926a-7b74bc296d69,ID202094,CID-116,12ad9e3f-4036-40c5-926a-7b74bc296d69,2025-01-29,2025-02-28,5963.86,357.84,6321.7,Issued,SampleGen
INV-0078fa71-9c97-41a4-8fa2-d35d6b1716cb,ID202095,CID-116,0078fa71-9c97-41a4-8fa2-d35d6b1716cb,2025-02-02,2025-03-04,449.88,27.0,476.88,Issued,SampleGen
INV-5f33fa22-d3ae-4916-b708-f5e16697fe68,ID202096,CID-116,5f33fa22-d3ae-4916-b708-f5e16697fe68,2025-03-11,2025-04-10,485.88,29.16,515.04,Issued,SampleGen
INV-a9fc8fbe-7853-4fe7-8eee-ff817f051bf0,ID202097,CID-116,a9fc8fbe-7853-4fe7-8eee-ff817f051bf0,2025-04-29,2025-05-29,5099.74,306.0,5405.74,Issued,SampleGen
INV-ee6fa9ad-0901-48b9-9409-34ffad4033e4,ID202098,CID-116,ee6fa9ad-0901-48b9-9409-34ffad4033e4,2025-05-09,2025-06-08,473.88,28.44,502.32,Issued,SampleGen
INV-94eec4b7-6a1d-4a37-b49f-7088d0a2fab8,ID202099,CID-116,94eec4b7-6a1d-4a37-b49f-7088d0a2fab8,2025-06-29,2025-07-29,3709.78,222.6,3932.38,Issued,SampleGen
INV-e1ea5379-128a-4a2e-9c3a-7c79c3ff8bca,ID202100,CID-116,e1ea5379-128a-4a2e-9c3a-7c79c3ff8bca,2025-08-01,2025-08-31,4083.74,245.04,4328.78,Issued,SampleGen
INV-2c3112d2-55f3-497d-aa26-6d1958ad4009,ID202101,CID-116,2c3112d2-55f3-497d-aa26-6d1958ad4009,2025-08-04,2025-09-03,2143.8,128.64,2272.44,Issued,SampleGen
INV-adfd0255-a8d1-4eba-9255-220d36cb5e5a,ID202102,CID-116,adfd0255-a8d1-4eba-9255-220d36cb5e5a,2025-09-30,2025-10-30,5767.78,346.08,6113.86,Issued,SampleGen
INV-af9a318e-6501-43a5-942c-1b47b4839426,ID202103,CID-116,af9a318e-6501-43a5-942c-1b47b4839426,2025-10-27,2025-11-26,425.82,25.56,451.38,Issued,SampleGen
INV-320f27a3-0e9c-429a-9949-fe1400a165d6,ID202104,CID-116,320f27a3-0e9c-429a-9949-fe1400a165d6,2025-10-18,2025-11-17,1509.84,90.6,1600.44,Issued,SampleGen
INV-5ff60e2a-2054-4963-9ed7-1e3753d28ce3,ID202105,CID-116,5ff60e2a-2054-4963-9ed7-1e3753d28ce3,2025-11-05,2025-12-05,779.88,46.8,826.68,Issued,SampleGen
INV-ce76d197-62f9-4c59-b923-5feff84813d9,ID202106,CID-116,ce76d197-62f9-4c59-b923-5feff84813d9,2025-11-14,2025-12-14,1123.84,67.44,1191.28,Issued,SampleGen
INV-bcb5fded-d736-4e89-8998-b15bf5d4fd91,ID202107,CID-116,bcb5fded-d736-4e89-8998-b15bf5d4fd91,2025-12-29,2026-01-28,1835.92,110.16,1946.08,Issued,SampleGen
INV-3ea69f4d-74d2-4e1b-9e27-0a3723de4d9d,ID202108,CID-116,3ea69f4d-74d2-4e1b-9e27-0a3723de4d9d,2025-12-05,2026-01-04,4731.82,283.92,5015.74,Issued,SampleGen
INV-3044e57d-f434-466d-9c12-4bdf40294385,ID202109,CID-116,3044e57d-f434-466d-9c12-4bdf40294385,2026-01-24,2026-02-23,899.92,54.0,953.92,Issued,SampleGen
INV-29813318-9944-43d5-998c-15606f391d6d,ID202110,CID-116,29813318-9944-43d5-998c-15606f391d6d,2026-01-24,2026-02-23,519.88,31.2,551.08,Issued,SampleGen
INV-abf4cc23-a501-4e58-a821-1248afcebf19,ID202111,CID-116,abf4cc23-a501-4e58-a821-1248afcebf19,2026-02-24,2026-03-26,903.88,54.24,958.12,Issued,SampleGen
INV-d8e580de-8302-4b37-a62c-fb505a67fc05,ID202112,CID-116,d8e580de-8302-4b37-a62c-fb505a67fc05,2026-02-05,2026-03-07,827.72,49.68,877.4,Issued,SampleGen
INV-20d8efb7-3124-4ede-8646-a978deb12ffb,ID202113,CID-116,20d8efb7-3124-4ede-8646-a978deb12ffb,2026-03-13,2026-04-12,1119.88,67.2,1187.08,Issued,SampleGen
INV-76463197-d94a-4149-8246-4c62d7164deb,ID202114,CID-116,76463197-d94a-4149-8246-4c62d7164deb,2026-03-07,2026-04-06,861.72,51.72,913.44,Issued,SampleGen
INV-59e55e66-07e6-4684-bf94-f31290e09b77,ID202115,CID-116,59e55e66-07e6-4684-bf94-f31290e09b77,2026-04-05,2026-05-05,877.82,52.68,930.5,Issued,SampleGen
INV-4387c235-2d30-4c31-8160-e4b402131adc,ID202116,CID-116,4387c235-2d30-4c31-8160-e4b402131adc,2026-04-02,2026-05-02,3287.8,197.28,3485.08,Issued,SampleGen
INV-482471e8-1362-472e-9b83-487323730353,ID202117,CID-116,482471e8-1362-472e-9b83-487323730353,2026-04-04,2026-05-04,1943.9,116.64,2060.54,Issued,SampleGen
INV-16219687-f1be-4955-8411-a7d206d71024,ID202118,CID-117,16219687-f1be-4955-8411-a7d206d71024,2025-01-07,2025-02-06,949.8,57.0,1006.8,Issued,SampleGen
INV-d71411bd-33a8-4e53-b4d7-0fc113008043,ID202119,CID-117,d71411bd-33a8-4e53-b4d7-0fc113008043,2025-02-19,2025-03-21,4359.68,261.6,4621.28,Issued,SampleGen
INV-fc2312d2-b530-4eb4-9a19-6fcb0d447ad3,ID202120,CID-117,fc2312d2-b530-4eb4-9a19-6fcb0d447ad3,2025-03-19,2025-04-18,2819.78,169.2,2988.98,Issued,SampleGen
INV-629042ad-7d05-40fd-8875-166bd6ae19f9,ID202121,CID-117,629042ad-7d05-40fd-8875-166bd6ae19f9,2025-03-12,2025-04-11,2691.74,161.52,2853.26,Issued,SampleGen
INV-c118dcc8-f7b3-4afc-bd05-4a2254353bb7,ID202122,CID-117,c118dcc8-f7b3-4afc-bd05-4a2254353bb7,2025-04-12,2025-05-12,2047.8,122.88,2170.68,Issued,SampleGen
INV-641c35a7-7fec-4ab6-8711-cc0cad7ab6d2,ID202123,CID-117,641c35a7-7fec-4ab6-8711-cc0cad7ab6d2,2025-05-11,2025-06-10,391.84,23.52,415.36,Issued,SampleGen
INV-dc96e2d6-a004-4ab8-8f94-a5fee6d0cb9d,ID202124,CID-117,dc96e2d6-a004-4ab8-8f94-a5fee6d0cb9d,2025-05-05,2025-06-04,3295.78,197.76,3493.54,Issued,SampleGen
INV-1e41a03d-a4f4-4cd7-b2e6-b421d1d55807,ID202125,CID-117,1e41a03d-a4f4-4cd7-b2e6-b421d1d55807,2025-06-04,2025-07-04,1599.68,96.0,1695.68,Issued,SampleGen
INV-d3f038ff-0ea2-41a8-be03-8678b34f7b9b,ID202126,CID-117,d3f038ff-0ea2-41a8-be03-8678b34f7b9b,2025-06-26,2025-07-26,3927.76,235.68,4163.44,Issued,SampleGen
INV-6375c3f2-397c-4ba4-92de-564e0a1ada84,ID202127,CID-117,6375c3f2-397c-4ba4-92de-564e0a1ada84,2025-07-03,2025-08-02,5603.7,336.24,5939.94,Issued,SampleGen
INV-b1d0a3ac-059d-4638-8a71-14a1ae9c834c,ID202128,CID-117,b1d0a3ac-059d-4638-8a71-14a1ae9c834c,2025-07-10,2025-08-09,1195.76,71.76,1267.52,Issued,SampleGen
INV-b27e02a6-5c91-419f-a533-2714455ecd19,ID202129,CID-117,b27e02a6-5c91-419f-a533-2714455ecd19,2025-08-12,2025-09-11,1399.86,84.0,1483.86,Issued,SampleGen
INV-00f20f6b-69f5-4e4e-8519-42aa2a225aa2,ID202130,CID-117,00f20f6b-69f5-4e4e-8519-42aa2a225aa2,2025-08-06,2025-09-05,3619.7,217.2,3836.9,Issued,SampleGen
INV-32018b1a-65b0-4e56-97a4-6290bd2028cb,ID202131,CID-117,32018b1a-65b0-4e56-97a4-6290bd2028cb,2025-09-11,2025-10-11,1379.8,82.8,1462.6,Issued,SampleGen
INV-4677f516-f6f9-4dd9-b4c2-e5765a3e7a8f,ID202132,CID-117,4677f516-f6f9-4dd9-b4c2-e5765a3e7a8f,2025-09-21,2025-10-21,435.86,26.16,462.02,Issued,SampleGen
INV-97800cab-2c98-4114-a966-b33ce891b599,ID202133,CID-117,97800cab-2c98-4114-a966-b33ce891b599,2025-10-17,2025-11-16,815.88,48.96,864.84,Issued,SampleGen
INV-0835d2e8-2096-424e-9eda-0ccd6931c300,ID202134,CID-117,0835d2e8-2096-424e-9eda-0ccd6931c300,2025-10-08,2025-11-07,727.88,43.68,771.56,Issued,SampleGen
INV-e4a978bc-f4dd-4f35-8f80-206da8f377c9,ID202135,CID-117,e4a978bc-f4dd-4f35-8f80-206da8f377c9,2025-11-25,2025-12-25,6991.72,419.52,7411.24,Issued,SampleGen
INV-d67a285d-dd4a-405d-ba17-eb73f5db76ba,ID202136,CID-117,d67a285d-dd4a-405d-ba17-eb73f5db76ba,2025-11-23,2025-12-23,1419.8,85.2,1505.0,Issued,SampleGen
INV-3b16da97-05d1-4011-af46-96e2765001c0,ID202137,CID-117,3b16da97-05d1-4011-af46-96e2765001c0,2025-12-21,2026-01-20,3605.86,216.36,3822.22,Issued,SampleGen
INV-fc3adc09-4f22-4211-a52b-941699b1e105,ID202138,CID-117,fc3adc09-4f22-4211-a52b-941699b1e105,2025-12-22,2026-01-21,2423.72,145.44,2569.16,Issued,SampleGen
INV-086a6b62-74c1-47a5-9e6e-b59b8216c710,ID202139,CID-117,086a6b62-74c1-47a5-9e6e-b59b8216c710,2025-12-18,2026-01-17,4235.82,254.16,4489.98,Issued,SampleGen
INV-78851451-b642-4b87-bf72-6d4171929a11,ID202140,CID-117,78851451-b642-4b87-bf72-6d4171929a11,2026-01-17,2026-02-16,1703.88,102.24,1806.12,Issued,SampleGen
INV-1a7f39f5-549e-4431-8db0-792390c80cd8,ID202141,CID-117,1a7f39f5-549e-4431-8db0-792390c80cd8,2026-01-15,2026-02-14,5261.82,315.72,5577.54,Issued,SampleGen
INV-9150f851-b654-473d-ba37-46b49675a18f,ID202142,CID-117,9150f851-b654-473d-ba37-46b49675a18f,2026-01-25,2026-02-24,4555.72,273.36,4829.08,Issued,SampleGen
INV-bdfc4b3c-5255-4914-a903-4517dc293a9e,ID202143,CID-117,bdfc4b3c-5255-4914-a903-4517dc293a9e,2026-02-17,2026-03-19,1559.92,93.6,1653.52,Issued,SampleGen
INV-913f8b11-75ab-42c3-b336-2a6bb70bcd51,ID202144,CID-117,913f8b11-75ab-42c3-b336-2a6bb70bcd51,2026-02-18,2026-03-20,947.88,56.88,1004.76,Issued,SampleGen
INV-9e6ada97-57fd-4ffb-bc75-96d336f40fa6,ID202145,CID-117,9e6ada97-57fd-4ffb-bc75-96d336f40fa6,2026-03-02,2026-04-01,1083.86,65.04,1148.9,Issued,SampleGen
INV-f48b16ab-d2ec-4b53-a01e-7d6de7dd6528,ID202146,CID-117,f48b16ab-d2ec-4b53-a01e-7d6de7dd6528,2026-03-07,2026-04-06,4547.86,272.88,4820.74,Issued,SampleGen
INV-b23e66c3-d102-4616-b081-1dcd6564e768,ID202147,CID-117,b23e66c3-d102-4616-b081-1dcd6564e768,2026-03-12,2026-04-11,687.84,41.28,729.12,Issued,SampleGen
INV-a7d45a5c-379b-4f67-b15c-674068c9862f,ID202148,CID-117,a7d45a5c-379b-4f67-b15c-674068c9862f,2026-04-10,2026-05-10,4363.82,261.84,4625.66,Issued,SampleGen
INV-c5c2331a-be3c-4bbc-9431-d0dc6e3d07ab,ID202149,CID-117,c5c2331a-be3c-4bbc-9431-d0dc6e3d07ab,2026-04-24,2026-05-24,3147.78,188.88,3336.66,Issued,SampleGen
INV-065e8777-e7b6-40ab-b3d2-07bae7a5a8b8,ID202150,CID-117,065e8777-e7b6-40ab-b3d2-07bae7a5a8b8,2026-04-28,2026-05-28,5067.8,304.08,5371.88,Issued,SampleGen
INV-133112d5-23f5-48be-997c-087fd1150488,ID202151,CID-118,133112d5-23f5-48be-997c-087fd1150488,2025-02-07,2025-03-09,1759.86,105.6,1865.46,Issued,SampleGen
INV-c505f322-ec47-4b37-8105-682633b8426d,ID202152,CID-118,c505f322-ec47-4b37-8105-682633b8426d,2025-05-28,2025-06-27,5123.7,307.44,5431.14,Issued,SampleGen
INV-f22d4adb-2618-457b-bb77-3356592cdc7b,ID202153,CID-118,f22d4adb-2618-457b-bb77-3356592cdc7b,2025-06-21,2025-07-21,2079.74,124.8,2204.54,Issued,SampleGen
INV-c0fd9ff8-c46c-4b04-a1a8-df0f17686b06,ID202154,CID-118,c0fd9ff8-c46c-4b04-a1a8-df0f17686b06,2025-08-06,2025-09-05,299.88,18.0,317.88,Issued,SampleGen
INV-3bd6276a-610c-4479-af69-d822dfe55ada,ID202155,CID-118,3bd6276a-610c-4479-af69-d822dfe55ada,2025-09-18,2025-10-18,4955.8,297.36,5253.16,Issued,SampleGen
INV-4fa852e2-9d1f-4a1b-8f86-636c3d6a7d13,ID202156,CID-118,4fa852e2-9d1f-4a1b-8f86-636c3d6a7d13,2025-10-13,2025-11-12,2173.8,130.44,2304.24,Issued,SampleGen
INV-78157cfb-7504-4eac-aaa0-a955a209b0bb,ID202157,CID-118,78157cfb-7504-4eac-aaa0-a955a209b0bb,2025-11-12,2025-12-12,2567.8,154.08,2721.88,Issued,SampleGen
INV-8c0dfaa7-8efa-46ae-ac91-b33e663a4238,ID202158,CID-118,8c0dfaa7-8efa-46ae-ac91-b33e663a4238,2025-12-21,2026-01-20,1119.92,67.2,1187.12,Issued,SampleGen
INV-b8565d57-207d-40d2-941b-6d506f3b3df9,ID202159,CID-118,b8565d57-207d-40d2-941b-6d506f3b3df9,2026-01-20,2026-02-19,5483.7,329.04,5812.74,Issued,SampleGen
INV-b0c574e3-4cd0-4e24-8d46-78bbc06deb14,ID202160,CID-118,b0c574e3-4cd0-4e24-8d46-78bbc06deb14,2026-02-18,2026-03-20,419.88,25.2,445.08,Issued,SampleGen
INV-5797cfb9-e304-4c8f-8876-8f5249bc7903,ID202161,CID-118,5797cfb9-e304-4c8f-8876-8f5249bc7903,2026-03-10,2026-04-09,4745.8,284.76,5030.56,Issued,SampleGen
INV-f3162799-3628-4291-8826-68b0943e2b26,ID202162,CID-118,f3162799-3628-4291-8826-68b0943e2b26,2026-04-05,2026-05-05,519.92,31.2,551.12,Issued,SampleGen
INV-e7698ad5-726c-4386-979d-aad5b80bba86,ID202163,CID-119,e7698ad5-726c-4386-979d-aad5b80bba86,2025-01-06,2025-02-05,1971.74,118.32,2090.06,Issued,SampleGen
INV-739822d5-aad5-42ef-a373-0eaf2f5afda9,ID202164,CID-119,739822d5-aad5-42ef-a373-0eaf2f5afda9,2025-01-15,2025-02-14,2125.86,127.56,2253.42,Issued,SampleGen
INV-df2641c8-b384-4a7d-94b4-6df9f8976f2d,ID202165,CID-119,df2641c8-b384-4a7d-94b4-6df9f8976f2d,2025-02-07,2025-03-09,2435.82,146.16,2581.98,Issued,SampleGen
INV-3f0b620a-78bd-4258-b2af-9fa51d502e62,ID202166,CID-119,3f0b620a-78bd-4258-b2af-9fa51d502e62,2025-03-19,2025-04-18,3399.76,204.0,3603.76,Issued,SampleGen
INV-628787b2-5027-4094-aceb-3406ba8ef52b,ID202167,CID-119,628787b2-5027-4094-aceb-3406ba8ef52b,2025-03-16,2025-04-15,2423.88,145.44,2569.32,Issued,SampleGen
INV-a686f235-480a-471f-9a8e-3455daaf41c1,ID202168,CID-119,a686f235-480a-471f-9a8e-3455daaf41c1,2025-04-05,2025-05-05,2117.8,127.08,2244.88,Issued,SampleGen
INV-03b7540d-69a5-4c51-8577-5f163c71860d,ID202169,CID-119,03b7540d-69a5-4c51-8577-5f163c71860d,2025-04-12,2025-05-12,2275.78,136.56,2412.34,Issued,SampleGen
INV-d475c543-d78e-4f04-9a1b-7e11093f601f,ID202170,CID-119,d475c543-d78e-4f04-9a1b-7e11093f601f,2025-05-23,2025-06-22,2687.88,161.28,2849.16,Issued,SampleGen
INV-77d968c3-2976-4a07-a736-9031323ab4f7,ID202171,CID-119,77d968c3-2976-4a07-a736-9031323ab4f7,2025-05-13,2025-06-12,775.84,46.56,822.4,Issued,SampleGen
INV-a627c498-2ff4-4cb8-bbd8-2b7ec871bbf6,ID202172,CID-119,a627c498-2ff4-4cb8-bbd8-2b7ec871bbf6,2025-06-23,2025-07-23,623.88,37.44,661.32,Issued,SampleGen
INV-21a69c06-8124-4589-8be2-32064614d801,ID202173,CID-119,21a69c06-8124-4589-8be2-32064614d801,2025-06-09,2025-07-09,1571.88,94.32,1666.2,Issued,SampleGen
INV-2c9ec721-806a-497f-b5ee-ee46f44ecbb6,ID202174,CID-119,2c9ec721-806a-497f-b5ee-ee46f44ecbb6,2025-06-19,2025-07-19,1521.78,91.32,1613.1,Issued,SampleGen
INV-9fee6c6a-e7f2-41e5-9d1e-806b19c2fe7d,ID202175,CID-119,9fee6c6a-e7f2-41e5-9d1e-806b19c2fe7d,2025-07-10,2025-08-09,379.86,22.8,402.66,Issued,SampleGen
INV-170cdb5a-6483-4128-b1dc-588d81b5a5e2,ID202176,CID-119,170cdb5a-6483-4128-b1dc-588d81b5a5e2,2025-07-06,2025-08-05,1559.92,93.6,1653.52,Issued,SampleGen
INV-1e0ba14b-c337-4f91-b914-b5d09701c301,ID202177,CID-119,1e0ba14b-c337-4f91-b914-b5d09701c301,2025-08-17,2025-09-16,1603.82,96.24,1700.06,Issued,SampleGen
INV-bd354581-6c36-43c2-85d5-988bad1ea081,ID202178,CID-119,bd354581-6c36-43c2-85d5-988bad1ea081,2025-08-05,2025-09-04,1281.86,76.92,1358.78,Issued,SampleGen
INV-4f545b9d-ffec-4cce-8f25-a44aa15fd015,ID202179,CID-119,4f545b9d-ffec-4cce-8f25-a44aa15fd015,2025-08-26,2025-09-25,4091.8,245.52,4337.32,Issued,SampleGen
INV-7f2a6e55-6204-4b87-bc2d-160c8bfe9023,ID202180,CID-119,7f2a6e55-6204-4b87-bc2d-160c8bfe9023,2025-09-02,2025-10-02,1243.82,74.64,1318.46,Issued,SampleGen
INV-050d16b0-25a1-4045-8de1-4732e8d33f97,ID202181,CID-119,050d16b0-25a1-4045-8de1-4732e8d33f97,2025-09-05,2025-10-05,439.86,26.4,466.26,Issued,SampleGen
INV-8bff115e-11a4-4641-a5e4-bc5ea609dd6b,ID202182,CID-119,8bff115e-11a4-4641-a5e4-bc5ea609dd6b,2025-09-24,2025-10-24,2585.78,155.16,2740.94,Issued,SampleGen
INV-29393f18-c24e-432e-b860-d9110182a494,ID202183,CID-119,29393f18-c24e-432e-b860-d9110182a494,2025-10-20,2025-11-19,1859.86,111.6,1971.46,Issued,SampleGen
INV-934558e8-d30e-4b3e-b957-1654e26170d3,ID202184,CID-119,934558e8-d30e-4b3e-b957-1654e26170d3,2025-10-03,2025-11-02,1223.78,73.44,1297.22,Issued,SampleGen
INV-389bb3a9-e4a1-4bff-88b6-3879b35ad1a0,ID202185,CID-119,389bb3a9-e4a1-4bff-88b6-3879b35ad1a0,2025-10-05,2025-11-04,3723.84,223.44,3947.28,Issued,SampleGen
INV-ab736319-62ec-4186-9dda-033813f5a848,ID202186,CID-119,ab736319-62ec-4186-9dda-033813f5a848,2025-10-06,2025-11-05,3155.78,189.36,3345.14,Issued,SampleGen
INV-106e90d7-82ed-4eae-8fc0-e11bdc6764b3,ID202187,CID-119,106e90d7-82ed-4eae-8fc0-e11bdc6764b3,2025-11-04,2025-12-04,527.82,31.68,559.5,Issued,SampleGen
INV-a37cd634-fc4d-4289-b346-28cb455a1d22,ID202188,CID-119,a37cd634-fc4d-4289-b346-28cb455a1d22,2025-11-27,2025-12-27,4531.86,271.92,4803.78,Issued,SampleGen
INV-8ca675a8-6e25-4a22-8b88-bcc876188f50,ID202189,CID-119,8ca675a8-6e25-4a22-8b88-bcc876188f50,2025-11-03,2025-12-03,2291.7,137.52,2429.22,Issued,SampleGen
INV-ccbf2e51-cb77-4e2a-839e-44db6415537a,ID202190,CID-119,ccbf2e51-cb77-4e2a-839e-44db6415537a,2025-12-09,2026-01-08,4363.74,261.84,4625.58,Issued,SampleGen
INV-25c5ba16-f21a-4b37-b14e-6f1782fbb3a6,ID202191,CID-119,25c5ba16-f21a-4b37-b14e-6f1782fbb3a6,2025-12-28,2026-01-27,1663.84,99.84,1763.68,Issued,SampleGen
INV-28c23b4a-8f98-46b1-b05e-975e3710f412,ID202192,CID-119,28c23b4a-8f98-46b1-b05e-975e3710f412,2025-12-21,2026-01-20,1211.84,72.72,1284.56,Issued,SampleGen
INV-71e24eca-5a53-4d00-8b3a-ceb923e700c3,ID202193,CID-119,71e24eca-5a53-4d00-8b3a-ceb923e700c3,2025-12-06,2026-01-05,1111.8,66.72,1178.52,Issued,SampleGen
INV-5de97315-11ed-4d37-8ecf-51233d2d2438,ID202194,CID-119,5de97315-11ed-4d37-8ecf-51233d2d2438,2026-01-14,2026-02-13,1719.84,103.2,1823.04,Issued,SampleGen
INV-50435232-8331-4f00-9eea-236f462f6fae,ID202195,CID-119,50435232-8331-4f00-9eea-236f462f6fae,2026-01-11,2026-02-10,1591.74,95.52,1687.26,Issued,SampleGen
INV-20656aa9-6edd-44b5-9df8-9b3b5453652d,ID202196,CID-119,20656aa9-6edd-44b5-9df8-9b3b5453652d,2026-01-17,2026-02-16,523.9,31.44,555.34,Issued,SampleGen
INV-31261f10-bc6f-42c0-970e-9a233d89e430,ID202197,CID-119,31261f10-bc6f-42c0-970e-9a233d89e430,2026-01-18,2026-02-17,4451.74,267.12,4718.86,Issued,SampleGen
INV-d119dbc9-982d-4f9e-982c-53b7480aa673,ID202198,CID-119,d119dbc9-982d-4f9e-982c-53b7480aa673,2026-02-26,2026-03-28,387.92,23.28,411.2,Issued,SampleGen
INV-9e41487b-a1c3-4300-8bbe-d1881152fdaa,ID202199,CID-119,9e41487b-a1c3-4300-8bbe-d1881152fdaa,2026-02-18,2026-03-20,1197.84,71.88,1269.72,Issued,SampleGen
INV-b1cf8ec0-7a5b-441f-8e35-4451586b3049,ID202200,CID-119,b1cf8ec0-7a5b-441f-8e35-4451586b3049,2026-02-21,2026-03-23,1799.8,108.0,1907.8,Issued,SampleGen
INV-940a04c9-a401-456b-9fff-8f269e20c3e8,ID202201,CID-119,940a04c9-a401-456b-9fff-8f269e20c3e8,2026-02-17,2026-03-19,3813.78,228.84,4042.62,Issued,SampleGen
INV-a69201e4-2690-4678-86c3-e5edec0b548e,ID202202,CID-119,a69201e4-2690-4678-86c3-e5edec0b548e,2026-03-31,2026-04-30,2831.88,169.92,3001.8,Issued,SampleGen
INV-74b535ce-74ac-444d-9d72-e57a70b0d94a,ID202203,CID-119,74b535ce-74ac-444d-9d72-e57a70b0d94a,2026-03-02,2026-04-01,551.88,33.12,585.0,Issued,SampleGen
INV-289bf7fe-bc3e-4332-9411-d384f80551a9,ID202204,CID-119,289bf7fe-bc3e-4332-9411-d384f80551a9,2026-03-25,2026-04-24,1715.82,102.96,1818.78,Issued,SampleGen
INV-93b1e43e-be04-48f3-b75d-938f37fad401,ID202205,CID-119,93b1e43e-be04-48f3-b75d-938f37fad401,2026-03-08,2026-04-07,3697.82,221.88,3919.7,Issued,SampleGen
INV-f0ec4e8c-8bc7-41e5-b90d-6674dc3b3d26,ID202206,CID-119,f0ec4e8c-8bc7-41e5-b90d-6674dc3b3d26,2026-04-24,2026-05-24,291.88,17.52,309.4,Issued,SampleGen
INV-a485cd24-74ab-4206-8319-b9c09182ccf4,ID202207,CID-119,a485cd24-74ab-4206-8319-b9c09182ccf4,2026-04-05,2026-05-05,1629.78,97.8,1727.58,Issued,SampleGen
INV-9d50bc96-e046-4a35-9c2a-d95b2623af8e,ID202208,CID-119,9d50bc96-e046-4a35-9c2a-d95b2623af8e,2026-04-02,2026-05-02,517.86,31.08,548.94,Issued,SampleGen
INV-f1e54ffd-d6a7-496b-bef1-b21fb63cd7f3,ID202209,CID-119,f1e54ffd-d6a7-496b-bef1-b21fb63cd7f3,2026-04-27,2026-05-27,991.88,59.52,1051.4,Issued,SampleGen
INV-621c085b-2a35-4734-a5b2-0a7a1df7baa3,ID202210,CID-120,621c085b-2a35-4734-a5b2-0a7a1df7baa3,2025-02-06,2025-03-08,3591.88,215.52,3807.4,Issued,SampleGen
INV-5dd020e3-682e-42ff-96ea-519e5c7d146f,ID202211,CID-120,5dd020e3-682e-42ff-96ea-519e5c7d146f,2025-04-29,2025-05-29,5571.78,334.32,5906.1,Issued,SampleGen
INV-1992006c-8c07-4bce-b1bb-639a00b0ded1,ID202212,CID-120,1992006c-8c07-4bce-b1bb-639a00b0ded1,2025-05-28,2025-06-27,3603.76,216.24,3820.0,Issued,SampleGen
INV-8f1c2d99-6dae-4ef5-8de5-82e5785dcfb3,ID202213,CID-120,8f1c2d99-6dae-4ef5-8de5-82e5785dcfb3,2025-06-23,2025-07-23,1919.76,115.2,2034.96,Issued,SampleGen
INV-9fcd921a-8257-4f09-9d34-8d3a6a7ba504,ID202214,CID-120,9fcd921a-8257-4f09-9d34-8d3a6a7ba504,2025-07-16,2025-08-15,1823.82,109.44,1933.26,Issued,SampleGen
INV-ffd0fa42-b2b4-4677-91f7-9420726d3782,ID202215,CID-120,ffd0fa42-b2b4-4677-91f7-9420726d3782,2025-08-24,2025-09-23,519.76,31.2,550.96,Issued,SampleGen
INV-43cda908-b7f3-4b9e-8e17-dbdf566e99e2,ID202216,CID-120,43cda908-b7f3-4b9e-8e17-dbdf566e99e2,2025-09-14,2025-10-14,1783.88,107.04,1890.92,Issued,SampleGen
INV-725695e3-cdfa-47c5-ac1c-0d61023f8ef8,ID202217,CID-120,725695e3-cdfa-47c5-ac1c-0d61023f8ef8,2025-10-30,2025-11-29,489.86,29.4,519.26,Issued,SampleGen
INV-aa877118-0e58-4159-bea5-3d829bad4656,ID202218,CID-120,aa877118-0e58-4159-bea5-3d829bad4656,2025-11-30,2025-12-30,367.84,22.08,389.92,Issued,SampleGen
INV-6fad404b-82c2-47f4-88b7-1e956424293d,ID202219,CID-120,6fad404b-82c2-47f4-88b7-1e956424293d,2025-12-03,2026-01-02,1475.72,88.56,1564.28,Issued,SampleGen
INV-438840fa-efd8-4ca2-8030-ab75f05ffc0c,ID202220,CID-120,438840fa-efd8-4ca2-8030-ab75f05ffc0c,2025-12-11,2026-01-10,907.78,54.48,962.26,Issued,SampleGen
INV-3848bd14-b5df-4049-b66f-c4c98a5fa666,ID202221,CID-120,3848bd14-b5df-4049-b66f-c4c98a5fa666,2026-01-16,2026-02-15,1071.92,64.32,1136.24,Issued,SampleGen
INV-0955a602-4f47-4ce3-b155-a4c11bcb13d2,ID202222,CID-120,0955a602-4f47-4ce3-b155-a4c11bcb13d2,2026-01-30,2026-03-01,943.8,56.64,1000.44,Issued,SampleGen
INV-59dadaac-e735-4913-ae4b-70dd0783f4ee,ID202223,CID-120,59dadaac-e735-4913-ae4b-70dd0783f4ee,2026-02-09,2026-03-11,3581.86,214.92,3796.78,Issued,SampleGen
INV-863878b8-dcb3-4f38-a58a-8e5df6f32c7b,ID202224,CID-120,863878b8-dcb3-4f38-a58a-8e5df6f32c7b,2026-03-17,2026-04-16,969.9,58.2,1028.1,Issued,SampleGen
INV-f675d530-85af-47f2-a34c-fe5b8ec90613,ID202225,CID-120,f675d530-85af-47f2-a34c-fe5b8ec90613,2026-03-28,2026-04-27,1227.8,73.68,1301.48,Issued,SampleGen
INV-e5875a58-dd51-4a26-84f4-016060e99fa1,ID202226,CID-120,e5875a58-dd51-4a26-84f4-016060e99fa1,2026-04-02,2026-05-02,1853.82,111.24,1965.06,Issued,SampleGen
INV-b8c73024-11a9-4917-8dd8-00ec23e8ce2e,ID202227,CID-120,b8c73024-11a9-4917-8dd8-00ec23e8ce2e,2026-04-26,2026-05-26,607.86,36.48,644.34,Issued,SampleGen
INV-04745415-2124-4945-b8aa-d1bcbc13e764,ID202228,CID-121,04745415-2124-4945-b8aa-d1bcbc13e764,2025-01-27,2025-02-26,879.88,52.8,932.68,Issued,SampleGen
INV-2bfd51a0-d59d-47f5-9104-98197f4535a8,ID202229,CID-121,2bfd51a0-d59d-47f5-9104-98197f4535a8,2025-02-16,2025-03-18,3107.82,186.48,3294.3,Issued,SampleGen
INV-36c06139-6dd8-4d7f-98dc-a5f736d2c72c,ID202230,CID-121,36c06139-6dd8-4d7f-98dc-a5f736d2c72c,2025-03-10,2025-04-09,4447.8,266.88,4714.68,Issued,SampleGen
INV-42a4ff62-73f6-49a0-ae01-f3e8d838d4e2,ID202231,CID-121,42a4ff62-73f6-49a0-ae01-f3e8d838d4e2,2025-04-20,2025-05-20,595.86,35.76,631.62,Issued,SampleGen
INV-8e0163d5-8b08-4595-af51-41d399ac6085,ID202232,CID-121,8e0163d5-8b08-4595-af51-41d399ac6085,2025-05-14,2025-06-13,3201.8,192.12,3393.92,Issued,SampleGen
INV-a4b00cde-771c-4199-a101-a3b680af77d2,ID202233,CID-121,a4b00cde-771c-4199-a101-a3b680af77d2,2025-06-28,2025-07-28,3355.82,201.36,3557.18,Issued,SampleGen
INV-0fac864f-9a44-4960-b2b4-b5770bf49441,ID202234,CID-121,0fac864f-9a44-4960-b2b4-b5770bf49441,2025-06-23,2025-07-23,4147.72,248.88,4396.6,Issued,SampleGen
INV-c26ffa7e-17f1-47a9-96c4-d847884d3c4e,ID202235,CID-121,c26ffa7e-17f1-47a9-96c4-d847884d3c4e,2025-07-25,2025-08-24,4927.84,295.68,5223.52,Issued,SampleGen
INV-7ea6a052-414c-4abc-853c-036dd4d81c60,ID202236,CID-121,7ea6a052-414c-4abc-853c-036dd4d81c60,2025-08-07,2025-09-06,4365.82,261.96,4627.78,Issued,SampleGen
INV-0fb9b31d-41a5-45aa-8cfe-71ffb966a2b8,ID202237,CID-121,0fb9b31d-41a5-45aa-8cfe-71ffb966a2b8,2025-08-16,2025-09-15,259.88,15.6,275.48,Issued,SampleGen
INV-cdae8ecc-f7e4-4a0b-94ee-79ea64c5e032,ID202238,CID-121,cdae8ecc-f7e4-4a0b-94ee-79ea64c5e032,2025-09-27,2025-10-27,8023.72,481.44,8505.16,Issued,SampleGen
INV-6a6931b3-bdb4-4687-9b8c-ae1bee65b3bc,ID202239,CID-121,6a6931b3-bdb4-4687-9b8c-ae1bee65b3bc,2025-09-17,2025-10-17,4341.82,260.52,4602.34,Issued,SampleGen
INV-f6d7d191-3fa7-4bd7-9945-b14d7f4b7b0c,ID202240,CID-121,f6d7d191-3fa7-4bd7-9945-b14d7f4b7b0c,2025-10-20,2025-11-19,3683.78,221.04,3904.82,Issued,SampleGen
INV-deacfdd0-7c7d-46df-b752-b94212e738ed,ID202241,CID-121,deacfdd0-7c7d-46df-b752-b94212e738ed,2025-10-15,2025-11-14,909.84,54.6,964.44,Issued,SampleGen
INV-c2fab29b-6d7f-4056-9276-b4f02aa5486e,ID202242,CID-121,c2fab29b-6d7f-4056-9276-b4f02aa5486e,2025-11-08,2025-12-08,839.86,50.4,890.26,Issued,SampleGen
INV-d1a2839f-12bd-4b18-9106-28312b7c0c4e,ID202243,CID-121,d1a2839f-12bd-4b18-9106-28312b7c0c4e,2025-11-20,2025-12-20,1161.78,69.72,1231.5,Issued,SampleGen
INV-a7cb6e37-6973-4e6f-8d7e-9e757ad6ef44,ID202244,CID-121,a7cb6e37-6973-4e6f-8d7e-9e757ad6ef44,2025-12-10,2026-01-09,1031.92,61.92,1093.84,Issued,SampleGen
INV-05fc0271-6075-48ae-a6d4-5b0c5ec2af0e,ID202245,CID-121,05fc0271-6075-48ae-a6d4-5b0c5ec2af0e,2025-12-20,2026-01-19,3591.78,215.52,3807.3,Issued,SampleGen
INV-a8932f4e-5025-44e7-9d48-1d0cec0e428c,ID202246,CID-121,a8932f4e-5025-44e7-9d48-1d0cec0e428c,2026-01-02,2026-02-01,1839.78,110.4,1950.18,Issued,SampleGen
INV-0572b550-802e-45b6-878d-3d7766c5e80c,ID202247,CID-121,0572b550-802e-45b6-878d-3d7766c5e80c,2026-01-22,2026-02-21,1941.82,116.52,2058.34,Issued,SampleGen
INV-e97eb6dd-4234-4b8f-b653-6276db27b8c2,ID202248,CID-121,e97eb6dd-4234-4b8f-b653-6276db27b8c2,2026-01-27,2026-02-26,435.9,26.16,462.06,Issued,SampleGen
INV-9639455f-b20e-4130-909e-69a6300d57cb,ID202249,CID-121,9639455f-b20e-4130-909e-69a6300d57cb,2026-02-13,2026-03-15,4359.76,261.6,4621.36,Issued,SampleGen
INV-53646e7a-598b-4aa2-981e-8b780b4e542e,ID202250,CID-121,53646e7a-598b-4aa2-981e-8b780b4e542e,2026-02-26,2026-03-28,2343.84,140.64,2484.48,Issued,SampleGen
INV-2ea44a10-60a5-4daf-acbd-6276d88884cb,ID202251,CID-121,2ea44a10-60a5-4daf-acbd-6276d88884cb,2026-04-01,2026-05-01,1819.84,109.2,1929.04,Issued,SampleGen
INV-9746ff4a-4953-4d87-bec7-114c314c26bf,ID202252,CID-121,9746ff4a-4953-4d87-bec7-114c314c26bf,2026-03-16,2026-04-15,763.8,45.84,809.64,Issued,SampleGen
INV-e5ef2fa4-5db5-407d-8d87-5a85f1fe3416,ID202253,CID-121,e5ef2fa4-5db5-407d-8d87-5a85f1fe3416,2026-03-03,2026-04-02,2359.86,141.6,2501.46,Issued,SampleGen
INV-df887867-77cb-41f1-b15d-5df566e6466e,ID202254,CID-121,df887867-77cb-41f1-b15d-5df566e6466e,2026-04-18,2026-05-18,303.84,18.24,322.08,Issued,SampleGen
INV-e5fa05f2-02fd-4c67-8975-c41419e6d5bf,ID202255,CID-121,e5fa05f2-02fd-4c67-8975-c41419e6d5bf,2026-04-12,2026-05-12,1879.74,112.8,1992.54,Issued,SampleGen
INV-8f717868-9ebd-45bd-afb4-bffad3ba57d3,ID202256,CID-122,8f717868-9ebd-45bd-afb4-bffad3ba57d3,2025-02-04,2025-03-06,2029.86,121.8,2151.66,Issued,SampleGen
INV-96b87296-3ed2-4e69-adcd-fe7c8cd93f1c,ID202257,CID-122,96b87296-3ed2-4e69-adcd-fe7c8cd93f1c,2025-03-17,2025-04-16,2299.8,138.0,2437.8,Issued,SampleGen
INV-81dfdea8-e8b6-4144-a5ac-76582794220e,ID202258,CID-122,81dfdea8-e8b6-4144-a5ac-76582794220e,2025-04-09,2025-05-09,5159.76,309.6,5469.36,Issued,SampleGen
INV-5d159202-98b8-4bb3-8534-57e4f5fd0c93,ID202259,CID-122,5d159202-98b8-4bb3-8534-57e4f5fd0c93,2025-05-07,2025-06-06,1815.78,108.96,1924.74,Issued,SampleGen
INV-18fb0a2c-188d-4308-9cc0-aa29cfde1cd1,ID202260,CID-122,18fb0a2c-188d-4308-9cc0-aa29cfde1cd1,2025-06-12,2025-07-12,827.72,49.68,877.4,Issued,SampleGen
INV-eab581c3-b50d-4755-98ce-a15486f6005c,ID202261,CID-122,eab581c3-b50d-4755-98ce-a15486f6005c,2025-06-28,2025-07-28,1189.76,71.4,1261.16,Issued,SampleGen
INV-a77d2bab-789e-4bde-a39f-50b72ccc5d92,ID202262,CID-122,a77d2bab-789e-4bde-a39f-50b72ccc5d92,2025-07-02,2025-08-01,643.88,38.64,682.52,Issued,SampleGen
INV-5778afd4-9e6c-4184-9911-44c4c2151d81,ID202263,CID-122,5778afd4-9e6c-4184-9911-44c4c2151d81,2025-08-02,2025-09-01,4223.76,253.44,4477.2,Issued,SampleGen
INV-61dad8b2-a9e8-4151-a050-c65f269caae3,ID202264,CID-122,61dad8b2-a9e8-4151-a050-c65f269caae3,2025-08-13,2025-09-12,639.88,38.4,678.28,Issued,SampleGen
INV-8bdb00f9-5e6f-4b6f-a32c-611fb608abff,ID202265,CID-122,8bdb00f9-5e6f-4b6f-a32c-611fb608abff,2025-09-25,2025-10-25,1237.82,74.28,1312.1,Issued,SampleGen
INV-c39a1b53-112f-4784-ad6c-b4a540390ba9,ID202266,CID-122,c39a1b53-112f-4784-ad6c-b4a540390ba9,2025-09-14,2025-10-14,3639.74,218.4,3858.14,Issued,SampleGen
INV-2dca16d0-4a04-4876-8e07-e5a30614b633,ID202267,CID-122,2dca16d0-4a04-4876-8e07-e5a30614b633,2025-10-25,2025-11-24,3561.72,213.72,3775.44,Issued,SampleGen
INV-19a34cad-4e38-4e1a-aabc-c8100ff8cf82,ID202268,CID-122,19a34cad-4e38-4e1a-aabc-c8100ff8cf82,2025-11-05,2025-12-05,2243.82,134.64,2378.46,Issued,SampleGen
INV-90f175ae-fac2-40e5-848b-60c1d8e84722,ID202269,CID-122,90f175ae-fac2-40e5-848b-60c1d8e84722,2025-11-26,2025-12-26,527.88,31.68,559.56,Issued,SampleGen
INV-2f59e456-08e7-4f51-8c87-665a92c398f2,ID202270,CID-122,2f59e456-08e7-4f51-8c87-665a92c398f2,2025-12-17,2026-01-16,2023.76,121.44,2145.2,Issued,SampleGen
INV-d3fee9be-cd96-4101-9ca6-a4e282f19660,ID202271,CID-122,d3fee9be-cd96-4101-9ca6-a4e282f19660,2025-12-03,2026-01-02,1507.86,90.48,1598.34,Issued,SampleGen
INV-0ed418e7-3acf-4f05-978e-cf9f4756427a,ID202272,CID-122,0ed418e7-3acf-4f05-978e-cf9f4756427a,2026-01-08,2026-02-07,6293.74,377.64,6671.38,Issued,SampleGen
INV-b7a5633a-e105-498c-b76f-85a408f25b95,ID202273,CID-122,b7a5633a-e105-498c-b76f-85a408f25b95,2026-01-10,2026-02-09,711.8,42.72,754.52,Issued,SampleGen
INV-3c6717e9-b314-4e54-8399-0f2c4a15b22f,ID202274,CID-122,3c6717e9-b314-4e54-8399-0f2c4a15b22f,2026-02-17,2026-03-19,2851.84,171.12,3022.96,Issued,SampleGen
INV-9a32d8bb-a6a5-420b-a2de-140643013f53,ID202275,CID-122,9a32d8bb-a6a5-420b-a2de-140643013f53,2026-02-27,2026-03-29,835.78,50.16,885.94,Issued,SampleGen
INV-e3f6bfbd-d6b4-4759-86fe-d9df9906bcd9,ID202276,CID-122,e3f6bfbd-d6b4-4759-86fe-d9df9906bcd9,2026-03-24,2026-04-23,5459.84,327.6,5787.44,Issued,SampleGen
INV-8354e991-0bbf-4683-a3b6-028d903877ca,ID202277,CID-122,8354e991-0bbf-4683-a3b6-028d903877ca,2026-03-02,2026-04-01,4067.8,244.08,4311.88,Issued,SampleGen
INV-273925d8-cfba-4f09-a4b2-7f38388533eb,ID202278,CID-122,273925d8-cfba-4f09-a4b2-7f38388533eb,2026-04-29,2026-05-29,299.88,18.0,317.88,Issued,SampleGen
INV-8df320f9-1d75-464d-8215-162c8700b287,ID202279,CID-122,8df320f9-1d75-464d-8215-162c8700b287,2026-04-03,2026-05-03,1073.86,64.44,1138.3,Issued,SampleGen
INV-fec98b60-a46e-45ee-82cf-9bfb12d57e96,ID202280,CID-123,fec98b60-a46e-45ee-82cf-9bfb12d57e96,2025-02-24,2025-03-26,2327.76,139.68,2467.44,Issued,SampleGen
INV-8739c9c8-5f67-4cf1-a110-eef24fdb465d,ID202281,CID-123,8739c9c8-5f67-4cf1-a110-eef24fdb465d,2025-06-26,2025-07-26,1375.7,82.56,1458.26,Issued,SampleGen
INV-216f4a5e-9a1d-4109-9df3-70c9ce7f2499,ID202282,CID-123,216f4a5e-9a1d-4109-9df3-70c9ce7f2499,2026-01-16,2026-02-15,555.86,33.36,589.22,Issued,SampleGen
INV-77de722e-071e-43a2-8f17-e1e4b9c95668,ID202283,CID-123,77de722e-071e-43a2-8f17-e1e4b9c95668,2026-03-14,2026-04-13,1783.84,107.04,1890.88,Issued,SampleGen
INV-ed852e8b-e56c-4cbb-8cfe-cc446464754b,ID202284,CID-123,ed852e8b-e56c-4cbb-8cfe-cc446464754b,2026-04-24,2026-05-24,509.78,30.6,540.38,Issued,SampleGen
INV-f0c64cbc-4446-42fa-9546-116e979973b8,ID202285,CID-124,f0c64cbc-4446-42fa-9546-116e979973b8,2025-01-08,2025-02-07,1819.84,109.2,1929.04,Issued,SampleGen
INV-4ade5800-d642-4932-8a5f-120457156c70,ID202286,CID-124,4ade5800-d642-4932-8a5f-120457156c70,2025-02-26,2025-03-28,3359.8,201.6,3561.4,Issued,SampleGen
INV-87cca99c-2095-435b-96ac-4c66bb5f450e,ID202287,CID-124,87cca99c-2095-435b-96ac-4c66bb5f450e,2025-03-21,2025-04-20,1799.82,108.0,1907.82,Issued,SampleGen
INV-281acec5-5a7a-4d81-9644-6c2bc542c09d,ID202288,CID-124,281acec5-5a7a-4d81-9644-6c2bc542c09d,2025-04-10,2025-05-10,6095.82,365.76,6461.58,Issued,SampleGen
INV-1af1ed49-3b53-4069-91ac-eaeb78d57770,ID202289,CID-124,1af1ed49-3b53-4069-91ac-eaeb78d57770,2025-05-28,2025-06-27,1099.86,66.0,1165.86,Issued,SampleGen
INV-6de49fd0-0d78-40f4-8cb6-0c7227c7e21e,ID202290,CID-124,6de49fd0-0d78-40f4-8cb6-0c7227c7e21e,2025-06-21,2025-07-21,959.8,57.6,1017.4,Issued,SampleGen
INV-8d6ba703-6059-4c61-bf59-b1c3d0cca7e6,ID202291,CID-124,8d6ba703-6059-4c61-bf59-b1c3d0cca7e6,2025-07-25,2025-08-24,807.8,48.48,856.28,Issued,SampleGen
INV-2d924f87-362e-4331-8de1-fa6aecb35f3f,ID202292,CID-124,2d924f87-362e-4331-8de1-fa6aecb35f3f,2025-08-27,2025-09-26,907.78,54.48,962.26,Issued,SampleGen
INV-09d8f917-2b81-42fb-a106-dc025163bb7a,ID202293,CID-124,09d8f917-2b81-42fb-a106-dc025163bb7a,2025-09-30,2025-10-30,723.84,43.44,767.28,Issued,SampleGen
INV-e1a9e465-a219-4132-8c60-e820867f2a9b,ID202294,CID-124,e1a9e465-a219-4132-8c60-e820867f2a9b,2025-09-02,2025-10-02,737.88,44.28,782.16,Issued,SampleGen
INV-7f3156d4-a333-428b-8a3e-8a5e968c3b1d,ID202295,CID-124,7f3156d4-a333-428b-8a3e-8a5e968c3b1d,2025-10-17,2025-11-16,2199.82,132.0,2331.82,Issued,SampleGen
INV-7d541049-5429-44be-b33c-e0decd9e6714,ID202296,CID-124,7d541049-5429-44be-b33c-e0decd9e6714,2025-11-01,2025-12-01,4279.72,256.8,4536.52,Issued,SampleGen
INV-5ee81a34-bcf1-494f-a770-213ef791ccb9,ID202297,CID-124,5ee81a34-bcf1-494f-a770-213ef791ccb9,2025-11-29,2025-12-29,2339.78,140.4,2480.18,Issued,SampleGen
INV-d213af19-5b27-4bb9-a436-3f8edbd91bcf,ID202298,CID-124,d213af19-5b27-4bb9-a436-3f8edbd91bcf,2025-11-24,2025-12-24,445.9,26.76,472.66,Issued,SampleGen
INV-616e920d-e05c-4834-91f5-109a821a87ed,ID202299,CID-124,616e920d-e05c-4834-91f5-109a821a87ed,2025-12-05,2026-01-04,647.8,38.88,686.68,Issued,SampleGen
INV-4fdcc5c4-d938-4c11-90b4-af5f1d0331ab,ID202300,CID-124,4fdcc5c4-d938-4c11-90b4-af5f1d0331ab,2025-12-08,2026-01-07,2783.84,167.04,2950.88,Issued,SampleGen
INV-7b6d60ac-93bb-4412-99f8-a26d65138e13,ID202301,CID-124,7b6d60ac-93bb-4412-99f8-a26d65138e13,2026-01-18,2026-02-17,3839.84,230.4,4070.24,Issued,SampleGen
INV-b6d3469f-f43a-4ba8-b868-3d01346e1951,ID202302,CID-124,b6d3469f-f43a-4ba8-b868-3d01346e1951,2026-02-01,2026-03-03,1239.9,74.4,1314.3,Issued,SampleGen
INV-463918cd-0f4d-463b-bb24-55c86e236b7d,ID202303,CID-124,463918cd-0f4d-463b-bb24-55c86e236b7d,2026-02-18,2026-03-20,4083.8,245.04,4328.84,Issued,SampleGen
INV-e53a12e4-b9bf-44e9-9904-888ed07b0cd3,ID202304,CID-124,e53a12e4-b9bf-44e9-9904-888ed07b0cd3,2026-02-28,2026-03-30,3507.88,210.48,3718.36,Issued,SampleGen
INV-1f76725d-ef5e-49de-ae2c-330f4812c674,ID202305,CID-124,1f76725d-ef5e-49de-ae2c-330f4812c674,2026-03-06,2026-04-05,643.86,38.64,682.5,Issued,SampleGen
INV-127737c9-410b-41d7-b7c7-6e4a88279267,ID202306,CID-124,127737c9-410b-41d7-b7c7-6e4a88279267,2026-03-14,2026-04-13,1351.84,81.12,1432.96,Issued,SampleGen
INV-9d6e6b3d-abe5-4182-aa3b-2e50f87f2243,ID202307,CID-124,9d6e6b3d-abe5-4182-aa3b-2e50f87f2243,2026-04-21,2026-05-21,1383.78,83.04,1466.82,Issued,SampleGen
INV-79976b4b-b895-4827-9c21-1f3284e24c48,ID202308,CID-124,79976b4b-b895-4827-9c21-1f3284e24c48,2026-04-12,2026-05-12,2539.84,152.4,2692.24,Issued,SampleGen
INV-318f5bee-3966-4d95-965d-a079db6dae35,ID202309,CID-125,318f5bee-3966-4d95-965d-a079db6dae35,2025-02-07,2025-03-09,731.86,43.92,775.78,Issued,SampleGen
INV-21aff654-fc85-44c5-b696-35bc6426716f,ID202310,CID-125,21aff654-fc85-44c5-b696-35bc6426716f,2025-03-29,2025-04-28,595.86,35.76,631.62,Issued,SampleGen
INV-ce6699f7-3745-4d01-89b6-299e8c7a0e72,ID202311,CID-125,ce6699f7-3745-4d01-89b6-299e8c7a0e72,2025-04-07,2025-05-07,1783.78,107.04,1890.82,Issued,SampleGen
INV-bdb2e3c4-e174-4cec-96c6-ea382cced033,ID202312,CID-125,bdb2e3c4-e174-4cec-96c6-ea382cced033,2025-05-14,2025-06-13,2321.78,139.32,2461.1,Issued,SampleGen
INV-894e9f72-969a-4229-98ea-9a255b0c285d,ID202313,CID-125,894e9f72-969a-4229-98ea-9a255b0c285d,2025-06-27,2025-07-27,5257.74,315.48,5573.22,Issued,SampleGen
INV-6dc97f17-cc29-4134-b539-22d9e7d760d0,ID202314,CID-125,6dc97f17-cc29-4134-b539-22d9e7d760d0,2025-08-01,2025-08-31,2447.8,146.88,2594.68,Issued,SampleGen
INV-05070f07-5026-47cf-ad6f-d719cc90eac6,ID202315,CID-125,05070f07-5026-47cf-ad6f-d719cc90eac6,2025-08-31,2025-09-30,431.84,25.92,457.76,Issued,SampleGen
INV-77324c5d-778f-4236-840f-e5bbc55b7081,ID202316,CID-125,77324c5d-778f-4236-840f-e5bbc55b7081,2025-09-26,2025-10-26,3059.8,183.6,3243.4,Issued,SampleGen
INV-2b4d537d-470f-45c6-a3e5-2cb5751693c5,ID202317,CID-125,2b4d537d-470f-45c6-a3e5-2cb5751693c5,2025-11-16,2025-12-16,2199.82,132.0,2331.82,Issued,SampleGen
INV-4c30b0f6-2ce2-4479-acb9-6d52ddc107e9,ID202318,CID-125,4c30b0f6-2ce2-4479-acb9-6d52ddc107e9,2026-01-21,2026-02-20,6345.76,380.76,6726.52,Issued,SampleGen
INV-c56f9ad8-1a4a-4193-99e2-ba5c86fff982,ID202319,CID-125,c56f9ad8-1a4a-4193-99e2-ba5c86fff982,2026-02-13,2026-03-15,6435.74,386.16,6821.9,Issued,SampleGen
INV-9f76c25f-f89a-49d0-8132-ea6c4c583052,ID202320,CID-125,9f76c25f-f89a-49d0-8132-ea6c4c583052,2026-03-17,2026-04-16,1703.88,102.24,1806.12,Issued,SampleGen
INV-bf46390f-0c93-4270-9fa3-7a175fb29a01,ID202321,CID-125,bf46390f-0c93-4270-9fa3-7a175fb29a01,2026-04-25,2026-05-25,4927.84,295.68,5223.52,Issued,SampleGen
INV-49ad86ae-bcf7-4930-9f0b-2f4b80f11c78,ID202322,CID-126,49ad86ae-bcf7-4930-9f0b-2f4b80f11c78,2025-06-19,2025-07-19,999.84,60.0,1059.84,Issued,SampleGen
INV-2ace3ee7-7f7f-4aea-a368-492472e60b4d,ID202323,CID-126,2ace3ee7-7f7f-4aea-a368-492472e60b4d,2025-08-11,2025-09-10,2515.78,150.96,2666.74,Issued,SampleGen
INV-0bca8b82-25dd-4a0b-9dc6-d7a1dea12e9c,ID202324,CID-126,0bca8b82-25dd-4a0b-9dc6-d7a1dea12e9c,2025-10-12,2025-11-11,3223.84,193.44,3417.28,Issued,SampleGen
INV-062b96bb-ed35-4324-aa8b-97e3bf4f9cf7,ID202325,CID-126,062b96bb-ed35-4324-aa8b-97e3bf4f9cf7,2026-01-29,2026-02-28,4607.86,276.48,4884.34,Issued,SampleGen
INV-d36783f5-403f-49cd-8600-7b12674babc8,ID202326,CID-126,d36783f5-403f-49cd-8600-7b12674babc8,2026-02-25,2026-03-27,1833.82,110.04,1943.86,Issued,SampleGen
INV-25a94440-efdd-453a-9e19-ab4160c2f435,ID202327,CID-126,25a94440-efdd-453a-9e19-ab4160c2f435,2026-03-25,2026-04-24,381.86,22.92,404.78,Issued,SampleGen
INV-b0a7a374-91e3-4d19-97ea-6c526e68f1b8,ID202328,CID-126,b0a7a374-91e3-4d19-97ea-6c526e68f1b8,2026-04-26,2026-05-26,735.82,44.16,779.98,Issued,SampleGen
INV-79b98b73-8566-48bf-9f35-25d002e34359,ID202329,CID-127,79b98b73-8566-48bf-9f35-25d002e34359,2025-01-02,2025-02-01,5911.72,354.72,6266.44,Issued,SampleGen
INV-c91d04f3-acec-4372-a9ee-f2622f81c18e,ID202330,CID-127,c91d04f3-acec-4372-a9ee-f2622f81c18e,2025-02-13,2025-03-15,3579.76,214.8,3794.56,Issued,SampleGen
INV-a47587c6-6dc7-468d-8d4b-7c799aa9397c,ID202331,CID-127,a47587c6-6dc7-468d-8d4b-7c799aa9397c,2025-03-18,2025-04-17,581.84,34.92,616.76,Issued,SampleGen
INV-9aa1ff54-926f-454f-ba69-b1c4d893c8e8,ID202332,CID-127,9aa1ff54-926f-454f-ba69-b1c4d893c8e8,2025-04-24,2025-05-24,3937.76,236.28,4174.04,Issued,SampleGen
INV-39bafee7-af2b-43f2-a177-41690fccd536,ID202333,CID-127,39bafee7-af2b-43f2-a177-41690fccd536,2025-05-22,2025-06-21,411.92,24.72,436.64,Issued,SampleGen
INV-4394cbf9-0e6c-4cb0-9faf-9a59f4f4b5cb,ID202334,CID-127,4394cbf9-0e6c-4cb0-9faf-9a59f4f4b5cb,2025-07-01,2025-07-31,363.88,21.84,385.72,Issued,SampleGen
INV-29eab652-9b5b-43b2-b6ef-1f21d9eb82b0,ID202335,CID-127,29eab652-9b5b-43b2-b6ef-1f21d9eb82b0,2025-06-29,2025-07-29,3407.92,204.48,3612.4,Issued,SampleGen
INV-d28658c1-ffa7-4f4b-821e-c026a7d543ab,ID202336,CID-127,d28658c1-ffa7-4f4b-821e-c026a7d543ab,2025-07-17,2025-08-16,1975.72,118.56,2094.28,Issued,SampleGen
INV-8a720fd6-03c8-4aec-9421-61b1391dbe75,ID202337,CID-127,8a720fd6-03c8-4aec-9421-61b1391dbe75,2025-07-04,2025-08-03,253.86,15.24,269.1,Issued,SampleGen
INV-473339a4-89c3-4d30-bffe-c726e57cb4c1,ID202338,CID-127,473339a4-89c3-4d30-bffe-c726e57cb4c1,2025-08-27,2025-09-26,565.86,33.96,599.82,Issued,SampleGen
INV-ed2eaf3a-22f1-4848-aa75-4d2d5cf11f17,ID202339,CID-127,ed2eaf3a-22f1-4848-aa75-4d2d5cf11f17,2025-08-07,2025-09-06,919.84,55.2,975.04,Issued,SampleGen
INV-0e5263e3-04d0-459d-81b8-0eafe065a7c0,ID202340,CID-127,0e5263e3-04d0-459d-81b8-0eafe065a7c0,2025-09-06,2025-10-06,1887.84,113.28,2001.12,Issued,SampleGen
INV-b6fd4d33-ea14-4d31-aaaf-d5350748877f,ID202341,CID-127,b6fd4d33-ea14-4d31-aaaf-d5350748877f,2025-09-10,2025-10-10,383.84,23.04,406.88,Issued,SampleGen
INV-da1c3428-60dd-42f7-86ba-7537bf6f288b,ID202342,CID-127,da1c3428-60dd-42f7-86ba-7537bf6f288b,2025-10-30,2025-11-29,4059.72,243.6,4303.32,Issued,SampleGen
INV-7bea26de-a932-4fd6-bfe3-d8d9f70d5a02,ID202343,CID-127,7bea26de-a932-4fd6-bfe3-d8d9f70d5a02,2025-10-17,2025-11-16,1639.84,98.4,1738.24,Issued,SampleGen
INV-50a81455-2c7b-4c77-af97-7f7283c6763c,ID202344,CID-127,50a81455-2c7b-4c77-af97-7f7283c6763c,2025-11-30,2025-12-30,775.86,46.56,822.42,Issued,SampleGen
INV-0cb23b5c-1598-4368-af57-e3f56e3586a9,ID202345,CID-127,0cb23b5c-1598-4368-af57-e3f56e3586a9,2025-11-11,2025-12-11,1651.88,99.12,1751.0,Issued,SampleGen
INV-74ce8d5a-e1c8-412a-8b95-ad00f675d24e,ID202346,CID-127,74ce8d5a-e1c8-412a-8b95-ad00f675d24e,2025-12-14,2026-01-13,569.84,34.2,604.04,Issued,SampleGen
INV-657afc7e-65ed-4b74-a01a-50322432ca9f,ID202347,CID-127,657afc7e-65ed-4b74-a01a-50322432ca9f,2025-12-02,2026-01-01,225.9,13.56,239.46,Issued,SampleGen
INV-4cfe8b23-6f00-4c41-b83b-e3ededf84921,ID202348,CID-127,4cfe8b23-6f00-4c41-b83b-e3ededf84921,2026-01-23,2026-02-22,525.84,31.56,557.4,Issued,SampleGen
INV-d278342b-32bf-41c8-b8c5-36fd0820c5a0,ID202349,CID-127,d278342b-32bf-41c8-b8c5-36fd0820c5a0,2026-01-27,2026-02-26,5151.82,309.12,5460.94,Issued,SampleGen
INV-9a7d7ac2-a8de-4d25-add9-8ebe1c885476,ID202350,CID-127,9a7d7ac2-a8de-4d25-add9-8ebe1c885476,2026-01-31,2026-03-02,2063.92,123.84,2187.76,Issued,SampleGen
INV-bf4ad709-0d0e-4fe3-9353-7c837f64bb37,ID202351,CID-127,bf4ad709-0d0e-4fe3-9353-7c837f64bb37,2026-02-27,2026-03-29,4689.76,281.4,4971.16,Issued,SampleGen
INV-b87267de-1edf-4452-b89b-c656f76912fa,ID202352,CID-127,b87267de-1edf-4452-b89b-c656f76912fa,2026-02-13,2026-03-15,1955.78,117.36,2073.14,Issued,SampleGen
INV-7f2cf299-7ee3-4991-af90-6b57d496d02f,ID202353,CID-127,7f2cf299-7ee3-4991-af90-6b57d496d02f,2026-03-18,2026-04-17,1513.8,90.84,1604.64,Issued,SampleGen
INV-47c94d58-2bd6-4ca5-b25e-608bafda8a8c,ID202354,CID-127,47c94d58-2bd6-4ca5-b25e-608bafda8a8c,2026-03-07,2026-04-06,1663.84,99.84,1763.68,Issued,SampleGen
INV-2407e7f6-6c5a-4b65-8413-edae4848f6c0,ID202355,CID-127,2407e7f6-6c5a-4b65-8413-edae4848f6c0,2026-03-27,2026-04-26,4065.78,243.96,4309.74,Issued,SampleGen
INV-731e4cb5-e91e-4b54-be21-3ee66d81d9e1,ID202356,CID-127,731e4cb5-e91e-4b54-be21-3ee66d81d9e1,2026-04-08,2026-05-08,2511.8,150.72,2662.52,Issued,SampleGen
INV-1c0cfa09-6622-4e53-b0a8-15f9734f81fa,ID202357,CID-127,1c0cfa09-6622-4e53-b0a8-15f9734f81fa,2026-04-26,2026-05-26,2959.8,177.6,3137.4,Issued,SampleGen
INV-ddf7d50f-760d-4a02-9628-82907a49f4e2,ID202358,CID-128,ddf7d50f-760d-4a02-9628-82907a49f4e2,2025-01-08,2025-02-07,861.72,51.72,913.44,Issued,SampleGen
INV-bd0581a3-0842-499d-8cbe-c5f598075415,ID202359,CID-128,bd0581a3-0842-499d-8cbe-c5f598075415,2025-02-20,2025-03-22,567.84,34.08,601.92,Issued,SampleGen
INV-d52b5699-c6ee-4177-ada5-0b8f146db130,ID202360,CID-128,d52b5699-c6ee-4177-ada5-0b8f146db130,2025-03-10,2025-04-09,855.8,51.36,907.16,Issued,SampleGen
INV-3c7f8a9a-9cb1-42ea-bd91-c2f49150350b,ID202361,CID-128,3c7f8a9a-9cb1-42ea-bd91-c2f49150350b,2025-04-21,2025-05-21,2379.7,142.8,2522.5,Issued,SampleGen
INV-7542a3e4-2270-4775-a4fb-bd054c1bd9d1,ID202362,CID-128,7542a3e4-2270-4775-a4fb-bd054c1bd9d1,2025-04-04,2025-05-04,933.76,56.04,989.8,Issued,SampleGen
INV-5055b2d9-616e-48db-8e12-188794ccc2c9,ID202363,CID-128,5055b2d9-616e-48db-8e12-188794ccc2c9,2025-05-14,2025-06-13,6363.76,381.84,6745.6,Issued,SampleGen
INV-01ccc2c1-7e4f-4395-8118-ce7c93c2e1e2,ID202364,CID-128,01ccc2c1-7e4f-4395-8118-ce7c93c2e1e2,2025-06-08,2025-07-08,919.82,55.2,975.02,Issued,SampleGen
INV-e389bb43-54d0-44c2-96d1-4c0048d0eb7e,ID202365,CID-128,e389bb43-54d0-44c2-96d1-4c0048d0eb7e,2025-07-07,2025-08-06,3547.82,212.88,3760.7,Issued,SampleGen
INV-58c512ed-0ef7-4d63-8e95-41009e248f8f,ID202366,CID-128,58c512ed-0ef7-4d63-8e95-41009e248f8f,2025-07-08,2025-08-07,1055.78,63.36,1119.14,Issued,SampleGen
INV-1472dfda-9339-4b8d-89e3-8f2fdc87a769,ID202367,CID-128,1472dfda-9339-4b8d-89e3-8f2fdc87a769,2025-09-01,2025-10-01,303.9,18.24,322.14,Issued,SampleGen
INV-110847d0-2fa3-41f3-8372-39d9f11a6cd5,ID202368,CID-128,110847d0-2fa3-41f3-8372-39d9f11a6cd5,2025-09-19,2025-10-19,955.82,57.36,1013.18,Issued,SampleGen
INV-7f7859c3-ea86-47d4-bad3-b4cefe6bbf47,ID202369,CID-128,7f7859c3-ea86-47d4-bad3-b4cefe6bbf47,2025-10-05,2025-11-04,5287.8,317.28,5605.08,Issued,SampleGen
INV-aff4c69c-417e-4ae3-8780-b6c3519c3d50,ID202370,CID-128,aff4c69c-417e-4ae3-8780-b6c3519c3d50,2025-10-21,2025-11-20,1415.88,84.96,1500.84,Issued,SampleGen
INV-e21dd60a-a0b2-4ea3-ba47-7a099287da47,ID202371,CID-128,e21dd60a-a0b2-4ea3-ba47-7a099287da47,2025-12-01,2025-12-31,2155.8,129.36,2285.16,Issued,SampleGen
INV-aeb077fa-fef8-4fb3-8052-ee36d3174501,ID202372,CID-128,aeb077fa-fef8-4fb3-8052-ee36d3174501,2025-11-25,2025-12-25,4813.74,288.84,5102.58,Issued,SampleGen
INV-b43ce002-6f38-4b80-a53e-56c073604230,ID202373,CID-128,b43ce002-6f38-4b80-a53e-56c073604230,2025-12-13,2026-01-12,1223.76,73.44,1297.2,Issued,SampleGen
INV-852699b5-72ff-4a4b-8010-7f9e4e671f68,ID202374,CID-128,852699b5-72ff-4a4b-8010-7f9e4e671f68,2026-01-01,2026-01-31,2059.86,123.6,2183.46,Issued,SampleGen
INV-bf0bfaca-b8c0-473b-9828-51436d9f6b67,ID202375,CID-128,bf0bfaca-b8c0-473b-9828-51436d9f6b67,2026-01-13,2026-02-12,3877.82,232.68,4110.5,Issued,SampleGen
INV-134bb54c-436f-4040-b01e-cbc0a38f6a1a,ID202376,CID-128,134bb54c-436f-4040-b01e-cbc0a38f6a1a,2026-01-20,2026-02-19,199.92,12.0,211.92,Issued,SampleGen
INV-a15c13c2-68fd-40cc-9077-0ddaa92815d4,ID202377,CID-128,a15c13c2-68fd-40cc-9077-0ddaa92815d4,2026-02-20,2026-03-22,3855.8,231.36,4087.16,Issued,SampleGen
INV-809eb400-16fd-4b5d-8ed9-4f78cba75993,ID202378,CID-128,809eb400-16fd-4b5d-8ed9-4f78cba75993,2026-02-12,2026-03-14,2239.84,134.4,2374.24,Issued,SampleGen
INV-6eb3bf8d-ccb3-45b3-9c67-870e0342c2b7,ID202379,CID-128,6eb3bf8d-ccb3-45b3-9c67-870e0342c2b7,2026-03-21,2026-04-20,3295.74,197.76,3493.5,Issued,SampleGen
INV-16850f9c-77d7-42b5-9f19-287501f4f25c,ID202380,CID-128,16850f9c-77d7-42b5-9f19-287501f4f25c,2026-03-16,2026-04-15,3047.86,182.88,3230.74,Issued,SampleGen
INV-fbec1599-2509-41c0-848d-70278e6e7d4d,ID202381,CID-128,fbec1599-2509-41c0-848d-70278e6e7d4d,2026-03-17,2026-04-16,2141.7,128.52,2270.22,Issued,SampleGen
INV-42007516-5d25-4ff3-9643-63c0f34d979d,ID202382,CID-128,42007516-5d25-4ff3-9643-63c0f34d979d,2026-04-04,2026-05-04,2915.9,174.96,3090.86,Issued,SampleGen
INV-c8a4bbcb-bb5b-4cde-9d48-b91bf264bc36,ID202383,CID-128,c8a4bbcb-bb5b-4cde-9d48-b91bf264bc36,2026-04-20,2026-05-20,1079.88,64.8,1144.68,Issued,SampleGen
INV-970c0824-5a39-455a-9b23-d2fe63842ee5,ID202384,CID-128,970c0824-5a39-455a-9b23-d2fe63842ee5,2026-04-02,2026-05-02,3435.84,206.16,3642.0,Issued,SampleGen
INV-7482e877-b798-4e1e-939a-9e1b51e71d0b,ID202385,CID-129,7482e877-b798-4e1e-939a-9e1b51e71d0b,2025-01-18,2025-02-17,2457.72,147.48,2605.2,Issued,SampleGen
INV-9eb2531c-b71c-4fca-8b53-497e329269b9,ID202386,CID-129,9eb2531c-b71c-4fca-8b53-497e329269b9,2025-03-22,2025-04-21,687.84,41.28,729.12,Issued,SampleGen
INV-0f2e961e-0ceb-4a7a-9d37-04e76c7314b6,ID202387,CID-129,0f2e961e-0ceb-4a7a-9d37-04e76c7314b6,2025-09-21,2025-10-21,1691.82,101.52,1793.34,Issued,SampleGen
INV-72bc64e1-656d-4744-b07d-3d434b7985db,ID202388,CID-129,72bc64e1-656d-4744-b07d-3d434b7985db,2025-12-07,2026-01-06,1571.88,94.32,1666.2,Issued,SampleGen
INV-1146fa09-9e20-41a4-8dbf-1b789f929890,ID202389,CID-129,1146fa09-9e20-41a4-8dbf-1b789f929890,2026-01-30,2026-03-01,1663.84,99.84,1763.68,Issued,SampleGen
INV-c4d6cee2-aa53-4d10-887b-a23563662826,ID202390,CID-129,c4d6cee2-aa53-4d10-887b-a23563662826,2026-03-29,2026-04-28,2101.82,126.12,2227.94,Issued,SampleGen
INV-e9fb8bb8-1ba4-4454-b0c2-0c997c3f1a46,ID202391,CID-130,e9fb8bb8-1ba4-4454-b0c2-0c997c3f1a46,2025-02-23,2025-03-25,3347.78,200.88,3548.66,Issued,SampleGen
INV-a694757a-5975-4a36-bae3-75e60f20770c,ID202392,CID-130,a694757a-5975-4a36-bae3-75e60f20770c,2025-05-21,2025-06-20,1415.88,84.96,1500.84,Issued,SampleGen
INV-8849d63e-66e3-40c3-948c-821ade75970b,ID202393,CID-130,8849d63e-66e3-40c3-948c-821ade75970b,2025-06-24,2025-07-24,403.92,24.24,428.16,Issued,SampleGen
INV-d5c5843a-3dbd-4502-ac16-39bdf09cf41d,ID202394,CID-130,d5c5843a-3dbd-4502-ac16-39bdf09cf41d,2025-10-12,2025-11-11,3605.86,216.36,3822.22,Issued,SampleGen
INV-80ad4c8e-3f9d-4242-ad47-3d1129e8c2de,ID202395,CID-130,80ad4c8e-3f9d-4242-ad47-3d1129e8c2de,2025-11-30,2025-12-30,1527.72,91.68,1619.4,Issued,SampleGen
INV-e803c913-d96e-4f41-974b-77fe40c2dad9,ID202396,CID-130,e803c913-d96e-4f41-974b-77fe40c2dad9,2025-12-03,2026-01-02,635.9,38.16,674.06,Issued,SampleGen
INV-8aa2f0e6-6620-4712-87c2-8157a3d0fef2,ID202397,CID-130,8aa2f0e6-6620-4712-87c2-8157a3d0fef2,2026-01-12,2026-02-11,2255.74,135.36,2391.1,Issued,SampleGen
INV-5c498318-6a44-4a1c-963e-80b7ac7fd14b,ID202398,CID-130,5c498318-6a44-4a1c-963e-80b7ac7fd14b,2026-02-08,2026-03-10,381.9,22.92,404.82,Issued,SampleGen
INV-a9fb8f87-1da2-4d1b-939f-4815f2eb21b2,ID202399,CID-130,a9fb8f87-1da2-4d1b-939f-4815f2eb21b2,2026-03-28,2026-04-27,3763.82,225.84,3989.66,Issued,SampleGen
INV-dd7a52f2-cd93-4f67-86bc-d152be008189,ID202400,CID-130,dd7a52f2-cd93-4f67-86bc-d152be008189,2026-04-22,2026-05-22,1499.72,90.0,1589.72,Issued,SampleGen
INV-1e25d0c2-aa32-484a-991e-dce9add4cc46,ID202401,CID-131,1e25d0c2-aa32-484a-991e-dce9add4cc46,2025-05-20,2025-06-19,1063.76,63.84,1127.6,Issued,SampleGen
INV-bf96c47b-a0eb-4647-991e-7729da246e04,ID202402,CID-131,bf96c47b-a0eb-4647-991e-7729da246e04,2025-08-10,2025-09-09,1571.86,94.32,1666.18,Issued,SampleGen
INV-f170f996-7bd9-41e4-a839-77bc7e9b85f4,ID202403,CID-131,f170f996-7bd9-41e4-a839-77bc7e9b85f4,2025-11-27,2025-12-27,4231.76,253.92,4485.68,Issued,SampleGen
INV-670761d7-de53-4e81-a9b5-b0b82ddb0097,ID202404,CID-131,670761d7-de53-4e81-a9b5-b0b82ddb0097,2025-12-07,2026-01-06,1163.78,69.84,1233.62,Issued,SampleGen
INV-53ffd001-68c1-4fa8-9ea4-7156ff8e10dc,ID202405,CID-131,53ffd001-68c1-4fa8-9ea4-7156ff8e10dc,2026-02-21,2026-03-23,435.9,26.16,462.06,Issued,SampleGen
INV-d5bfbadd-b7bd-46cf-b4e6-87c912fb0067,ID202406,CID-131,d5bfbadd-b7bd-46cf-b4e6-87c912fb0067,2026-03-17,2026-04-16,1411.9,84.72,1496.62,Issued,SampleGen
INV-89689e55-ee6b-450b-8d41-a7cd8f48d8f8,ID202407,CID-131,89689e55-ee6b-450b-8d41-a7cd8f48d8f8,2026-04-19,2026-05-19,4159.78,249.6,4409.38,Issued,SampleGen
INV-6c1ec0cc-f6e8-48d4-8b57-6517d681d2ab,ID202408,CID-132,6c1ec0cc-f6e8-48d4-8b57-6517d681d2ab,2025-01-28,2025-02-27,4045.74,242.76,4288.5,Issued,SampleGen
INV-a3458e66-e4f2-4c76-8d13-6f729d9e48fd,ID202409,CID-132,a3458e66-e4f2-4c76-8d13-6f729d9e48fd,2025-04-07,2025-05-07,1479.86,88.8,1568.66,Issued,SampleGen
INV-27ba1489-595e-4fc4-abab-8552988b49a3,ID202410,CID-132,27ba1489-595e-4fc4-abab-8552988b49a3,2025-06-23,2025-07-23,3347.7,200.88,3548.58,Issued,SampleGen
INV-c6fed779-1e4c-4766-a21c-316566e71406,ID202411,CID-132,c6fed779-1e4c-4766-a21c-316566e71406,2025-08-10,2025-09-09,327.9,19.68,347.58,Issued,SampleGen
INV-2ed4eba2-941c-4036-af1e-639a348081a4,ID202412,CID-132,2ed4eba2-941c-4036-af1e-639a348081a4,2025-09-27,2025-10-27,593.82,35.64,629.46,Issued,SampleGen
INV-89e7fd3a-e8fd-48ae-adc3-92769c1fc91b,ID202413,CID-132,89e7fd3a-e8fd-48ae-adc3-92769c1fc91b,2025-10-12,2025-11-11,1863.92,111.84,1975.76,Issued,SampleGen
INV-0228f66f-f5e6-4ede-a511-2b2f45314022,ID202414,CID-132,0228f66f-f5e6-4ede-a511-2b2f45314022,2025-11-29,2025-12-29,2259.86,135.6,2395.46,Issued,SampleGen
INV-6eb8a1eb-e120-4db4-a382-0548003c4dc3,ID202415,CID-132,6eb8a1eb-e120-4db4-a382-0548003c4dc3,2025-12-28,2026-01-27,951.68,57.12,1008.8,Issued,SampleGen
INV-8f462b61-57a6-4715-933e-652a80920964,ID202416,CID-132,8f462b61-57a6-4715-933e-652a80920964,2026-01-22,2026-02-21,1895.76,113.76,2009.52,Issued,SampleGen
INV-5dcc7f74-f42b-41ff-a040-36074a2eb8c9,ID202417,CID-132,5dcc7f74-f42b-41ff-a040-36074a2eb8c9,2026-03-31,2026-04-30,3095.88,185.76,3281.64,Issued,SampleGen
INV-18bc95ff-f859-45f6-b032-dd37c4a316ea,ID202418,CID-132,18bc95ff-f859-45f6-b032-dd37c4a316ea,2026-04-13,2026-05-13,6491.76,389.52,6881.28,Issued,SampleGen
INV-ef3ec6d0-26e3-4865-887e-9f28af812a72,ID202419,CID-133,ef3ec6d0-26e3-4865-887e-9f28af812a72,2025-01-14,2025-02-13,2823.88,169.44,2993.32,Issued,SampleGen
INV-851b2f49-3fe2-4182-8415-dc1e51eb69fd,ID202420,CID-133,851b2f49-3fe2-4182-8415-dc1e51eb69fd,2025-01-06,2025-02-05,879.88,52.8,932.68,Issued,SampleGen
INV-1184a873-8c70-4a33-8a5b-ceb88fb337b5,ID202421,CID-133,1184a873-8c70-4a33-8a5b-ceb88fb337b5,2025-02-11,2025-03-13,1879.88,112.8,1992.68,Issued,SampleGen
INV-ab9a5fac-8786-46fd-bafd-9cd163969c8a,ID202422,CID-133,ab9a5fac-8786-46fd-bafd-9cd163969c8a,2025-02-11,2025-03-13,581.88,34.92,616.8,Issued,SampleGen
INV-f2bb4f67-c456-4252-a0db-4bd2e88ed6cc,ID202423,CID-133,f2bb4f67-c456-4252-a0db-4bd2e88ed6cc,2025-03-09,2025-04-08,2819.86,169.2,2989.06,Issued,SampleGen
INV-44388409-f8ce-4cbb-a70d-d4a4485ae179,ID202424,CID-133,44388409-f8ce-4cbb-a70d-d4a4485ae179,2025-03-29,2025-04-28,2179.76,130.8,2310.56,Issued,SampleGen
INV-a2cefebc-ed08-43cd-8327-487576a3032d,ID202425,CID-133,a2cefebc-ed08-43cd-8327-487576a3032d,2025-04-14,2025-05-14,1307.86,78.48,1386.34,Issued,SampleGen
INV-4d6b4b35-dcdf-4f2c-a153-ff45f477b4a8,ID202426,CID-133,4d6b4b35-dcdf-4f2c-a153-ff45f477b4a8,2025-04-03,2025-05-03,395.88,23.76,419.64,Issued,SampleGen
INV-5390f089-9ac2-4222-9d71-8ba9a20a0e77,ID202427,CID-133,5390f089-9ac2-4222-9d71-8ba9a20a0e77,2025-05-27,2025-06-26,919.82,55.2,975.02,Issued,SampleGen
INV-9708c5c2-dde1-4d0c-aef9-2f738590b02b,ID202428,CID-133,9708c5c2-dde1-4d0c-aef9-2f738590b02b,2025-05-11,2025-06-10,1279.9,76.8,1356.7,Issued,SampleGen
INV-fc8ff1f1-fb47-4694-9460-e8e5bf50c0d6,ID202429,CID-133,fc8ff1f1-fb47-4694-9460-e8e5bf50c0d6,2025-06-03,2025-07-03,435.9,26.16,462.06,Issued,SampleGen
INV-a1d4395f-c9b4-45c6-93c4-8fbccee8fe4d,ID202430,CID-133,a1d4395f-c9b4-45c6-93c4-8fbccee8fe4d,2025-06-29,2025-07-29,863.88,51.84,915.72,Issued,SampleGen
INV-7da4a85b-89c4-40ef-82c0-d42d0bdb1cbe,ID202431,CID-133,7da4a85b-89c4-40ef-82c0-d42d0bdb1cbe,2025-07-18,2025-08-17,1127.86,67.68,1195.54,Issued,SampleGen
INV-64aa17a2-106c-4048-9200-aebef7111e1d,ID202432,CID-133,64aa17a2-106c-4048-9200-aebef7111e1d,2025-07-04,2025-08-03,1015.74,60.96,1076.7,Issued,SampleGen
INV-780fc702-d049-473d-b349-a7966baf6fa7,ID202433,CID-133,780fc702-d049-473d-b349-a7966baf6fa7,2025-07-22,2025-08-21,907.8,54.48,962.28,Issued,SampleGen
INV-27ed3682-064b-40e0-922e-a54733ed2261,ID202434,CID-133,27ed3682-064b-40e0-922e-a54733ed2261,2025-08-13,2025-09-12,1855.72,111.36,1967.08,Issued,SampleGen
INV-9e2928df-856a-4dad-8cb7-b15e43004979,ID202435,CID-133,9e2928df-856a-4dad-8cb7-b15e43004979,2025-08-30,2025-09-29,1717.86,103.08,1820.94,Issued,SampleGen
INV-ad5e9185-f2e5-4e1b-949e-e793c2051c81,ID202436,CID-133,ad5e9185-f2e5-4e1b-949e-e793c2051c81,2025-08-03,2025-09-02,903.88,54.24,958.12,Issued,SampleGen
INV-915fa4b0-7535-42d8-b4ee-fee2659fb814,ID202437,CID-133,915fa4b0-7535-42d8-b4ee-fee2659fb814,2025-09-05,2025-10-05,983.84,59.04,1042.88,Issued,SampleGen
INV-92811b19-5cc2-4f37-a449-18b413663c1d,ID202438,CID-133,92811b19-5cc2-4f37-a449-18b413663c1d,2025-09-17,2025-10-17,2739.9,164.4,2904.3,Issued,SampleGen
INV-47a53972-8ced-4b5d-b8d6-0f096776ade4,ID202439,CID-133,47a53972-8ced-4b5d-b8d6-0f096776ade4,2025-09-29,2025-10-29,3651.76,219.12,3870.88,Issued,SampleGen
INV-2e77fb2e-8457-46e3-b77d-27992483c5f1,ID202440,CID-133,2e77fb2e-8457-46e3-b77d-27992483c5f1,2025-10-31,2025-11-30,483.82,29.04,512.86,Issued,SampleGen
INV-6891d87f-7995-4129-beff-777611206a84,ID202441,CID-133,6891d87f-7995-4129-beff-777611206a84,2025-10-18,2025-11-17,1175.84,70.56,1246.4,Issued,SampleGen
INV-e3b36531-2e37-40f4-9ff5-6382ca90c7cd,ID202442,CID-133,e3b36531-2e37-40f4-9ff5-6382ca90c7cd,2025-10-17,2025-11-16,4047.72,242.88,4290.6,Issued,SampleGen
INV-d6a055d6-5d64-4b49-bd53-0595a09269f3,ID202443,CID-133,d6a055d6-5d64-4b49-bd53-0595a09269f3,2025-10-25,2025-11-24,3465.78,207.96,3673.74,Issued,SampleGen
INV-bef3f34b-cb5b-4dd0-991a-b45617bdb523,ID202444,CID-133,bef3f34b-cb5b-4dd0-991a-b45617bdb523,2025-11-29,2025-12-29,909.9,54.6,964.5,Issued,SampleGen
INV-6becfec0-f447-405e-8bdf-66d68c5ae625,ID202445,CID-133,6becfec0-f447-405e-8bdf-66d68c5ae625,2025-11-12,2025-12-12,1079.88,64.8,1144.68,Issued,SampleGen
INV-dfa2f66f-fc3d-4675-8aa2-f0603e0e858c,ID202446,CID-133,dfa2f66f-fc3d-4675-8aa2-f0603e0e858c,2025-11-11,2025-12-11,469.9,28.2,498.1,Issued,SampleGen
INV-cd87a314-394a-424b-a3b7-065c6859d80a,ID202447,CID-133,cd87a314-394a-424b-a3b7-065c6859d80a,2025-12-28,2026-01-27,2005.8,120.36,2126.16,Issued,SampleGen
INV-222aa387-de0b-420c-a766-4aa0b8da2adf,ID202448,CID-133,222aa387-de0b-420c-a766-4aa0b8da2adf,2025-12-18,2026-01-17,2787.86,167.28,2955.14,Issued,SampleGen
INV-fea2c152-6174-4aab-9233-3bcbec7ae278,ID202449,CID-133,fea2c152-6174-4aab-9233-3bcbec7ae278,2025-12-02,2026-01-01,631.84,37.92,669.76,Issued,SampleGen
INV-ed1a6e1f-770c-4ac9-8e18-5f8b823817a7,ID202450,CID-133,ed1a6e1f-770c-4ac9-8e18-5f8b823817a7,2025-12-30,2026-01-29,3553.76,213.24,3767.0,Issued,SampleGen
INV-bc5a9da8-d191-4e26-ba7c-70f0816a4695,ID202451,CID-133,bc5a9da8-d191-4e26-ba7c-70f0816a4695,2026-01-23,2026-02-22,1795.86,107.76,1903.62,Issued,SampleGen
INV-a6ddb330-577b-4d21-bb0c-a8c57d966a0b,ID202452,CID-133,a6ddb330-577b-4d21-bb0c-a8c57d966a0b,2026-01-23,2026-02-22,5285.82,317.16,5602.98,Issued,SampleGen
INV-ef752d3b-0d5b-461d-a119-6717b2301419,ID202453,CID-133,ef752d3b-0d5b-461d-a119-6717b2301419,2026-01-14,2026-02-13,2397.78,143.88,2541.66,Issued,SampleGen
INV-de6714c8-3f6e-49e4-ab9c-62b70bb0186a,ID202454,CID-133,de6714c8-3f6e-49e4-ab9c-62b70bb0186a,2026-01-05,2026-02-04,431.88,25.92,457.8,Issued,SampleGen
INV-c68fda78-30f1-4cc7-801d-1b68b12b718f,ID202455,CID-133,c68fda78-30f1-4cc7-801d-1b68b12b718f,2026-02-23,2026-03-25,1807.88,108.48,1916.36,Issued,SampleGen
INV-0a50f047-f619-4011-a279-a20fe1dceaf8,ID202456,CID-133,0a50f047-f619-4011-a279-a20fe1dceaf8,2026-02-11,2026-03-13,3119.84,187.2,3307.04,Issued,SampleGen
INV-0d803ae9-c675-4ed3-ac9d-4c300373107c,ID202457,CID-133,0d803ae9-c675-4ed3-ac9d-4c300373107c,2026-02-10,2026-03-12,1051.84,63.12,1114.96,Issued,SampleGen
INV-f8a41a82-8075-4d02-ad03-3a96a00f48de,ID202458,CID-133,f8a41a82-8075-4d02-ad03-3a96a00f48de,2026-02-06,2026-03-08,1871.78,112.32,1984.1,Issued,SampleGen
INV-5eb29a4b-21ba-42fc-8b40-df776419ed41,ID202459,CID-133,5eb29a4b-21ba-42fc-8b40-df776419ed41,2026-03-18,2026-04-17,1519.92,91.2,1611.12,Issued,SampleGen
INV-0affba98-ced5-425f-ba26-0960d88bc8e5,ID202460,CID-133,0affba98-ced5-425f-ba26-0960d88bc8e5,2026-03-26,2026-04-25,647.86,38.88,686.74,Issued,SampleGen
INV-a9f2bc65-a21e-4993-8eb6-b2b414d53694,ID202461,CID-133,a9f2bc65-a21e-4993-8eb6-b2b414d53694,2026-03-18,2026-04-17,309.86,18.6,328.46,Issued,SampleGen
INV-783f4c2d-91c5-4441-9c84-6b8eb3c4f3fd,ID202462,CID-133,783f4c2d-91c5-4441-9c84-6b8eb3c4f3fd,2026-03-10,2026-04-09,5673.72,340.44,6014.16,Issued,SampleGen
INV-0fe081de-64a3-40c1-b082-617e3716c8ff,ID202463,CID-133,0fe081de-64a3-40c1-b082-617e3716c8ff,2026-03-08,2026-04-07,447.88,26.88,474.76,Issued,SampleGen
INV-01b64b3e-337a-4e65-be63-0185c5d9cd16,ID202464,CID-133,01b64b3e-337a-4e65-be63-0185c5d9cd16,2026-04-05,2026-05-05,2343.84,140.64,2484.48,Issued,SampleGen
INV-07d9b1cf-e36b-43a8-8c3d-08f18008925b,ID202465,CID-133,07d9b1cf-e36b-43a8-8c3d-08f18008925b,2026-04-17,2026-05-17,171.9,10.32,182.22,Issued,SampleGen
INV-35a0746c-d82d-43ff-a61d-158598d2e92f,ID202466,CID-133,35a0746c-d82d-43ff-a61d-158598d2e92f,2026-05-01,2026-05-31,2023.78,121.44,2145.22,Issued,SampleGen
INV-442179dc-e494-4c0b-9288-e2559e87dc90,ID202467,CID-133,442179dc-e494-4c0b-9288-e2559e87dc90,2026-04-27,2026-05-27,1771.78,106.32,1878.1,Issued,SampleGen
INV-26652837-00a4-4dc0-831e-6cac870f2bc2,ID202468,CID-133,26652837-00a4-4dc0-831e-6cac870f2bc2,2026-04-26,2026-05-26,2633.82,158.04,2791.86,Issued,SampleGen
INV-b67b0d14-1b47-4eba-aeb5-0be4f55e9774,ID202469,CID-134,b67b0d14-1b47-4eba-aeb5-0be4f55e9774,2025-01-26,2025-02-25,403.88,24.24,428.12,Issued,SampleGen
INV-17280116-3dc4-4d14-a4fa-e3c8a903011e,ID202470,CID-134,17280116-3dc4-4d14-a4fa-e3c8a903011e,2025-04-22,2025-05-22,643.88,38.64,682.52,Issued,SampleGen
INV-530f8a21-2a80-42ad-8b17-800baba90626,ID202471,CID-134,530f8a21-2a80-42ad-8b17-800baba90626,2025-10-22,2025-11-21,1899.74,114.0,2013.74,Issued,SampleGen
INV-5e27db45-b4f6-4312-84ac-ea288a1d5c79,ID202472,CID-134,5e27db45-b4f6-4312-84ac-ea288a1d5c79,2025-11-11,2025-12-11,671.9,40.32,712.22,Issued,SampleGen
INV-d15f5bd6-4502-43e0-9878-a277e4bbf352,ID202473,CID-134,d15f5bd6-4502-43e0-9878-a277e4bbf352,2025-12-03,2026-01-02,2271.8,136.32,2408.12,Issued,SampleGen
INV-52494c2f-2000-4e4b-a4d3-9023dfd47f1b,ID202474,CID-134,52494c2f-2000-4e4b-a4d3-9023dfd47f1b,2026-01-05,2026-02-04,6387.7,383.28,6770.98,Issued,SampleGen
INV-98973fdc-2902-4375-874c-076d2abda39b,ID202475,CID-134,98973fdc-2902-4375-874c-076d2abda39b,2026-02-11,2026-03-13,1023.88,61.44,1085.32,Issued,SampleGen
INV-31e51403-d11c-403b-ba69-454607564829,ID202476,CID-134,31e51403-d11c-403b-ba69-454607564829,2026-03-07,2026-04-06,815.88,48.96,864.84,Issued,SampleGen
INV-88718088-4630-47dc-9fc1-23bbc5029e1c,ID202477,CID-134,88718088-4630-47dc-9fc1-23bbc5029e1c,2026-04-03,2026-05-03,3435.82,206.16,3641.98,Issued,SampleGen
INV-9dcce8f7-46f1-4299-9088-1722fcc02611,ID202478,CID-135,9dcce8f7-46f1-4299-9088-1722fcc02611,2025-01-02,2025-02-01,1943.8,116.64,2060.44,Issued,SampleGen
INV-020916d9-34a4-46e1-aa0e-694a1f3fba71,ID202479,CID-135,020916d9-34a4-46e1-aa0e-694a1f3fba71,2025-07-31,2025-08-30,3407.84,204.48,3612.32,Issued,SampleGen
INV-629aa427-ba38-4239-ab39-34b9cecb4eab,ID202480,CID-135,629aa427-ba38-4239-ab39-34b9cecb4eab,2025-08-19,2025-09-18,1979.9,118.8,2098.7,Issued,SampleGen
INV-2b5aae07-8156-467b-b4f9-a4a7ac1026c1,ID202481,CID-135,2b5aae07-8156-467b-b4f9-a4a7ac1026c1,2025-09-22,2025-10-22,443.86,26.64,470.5,Issued,SampleGen
INV-e6a54e02-791c-430c-a72c-d7603f68229e,ID202482,CID-135,e6a54e02-791c-430c-a72c-d7603f68229e,2025-10-05,2025-11-04,567.8,34.08,601.88,Issued,SampleGen
INV-dfb598ab-71bf-4a15-aac0-a8c53306f571,ID202483,CID-135,dfb598ab-71bf-4a15-aac0-a8c53306f571,2025-12-21,2026-01-20,2943.68,176.64,3120.32,Issued,SampleGen
INV-536ec7f7-9399-4bae-b471-f17f1ec4aa79,ID202484,CID-135,536ec7f7-9399-4bae-b471-f17f1ec4aa79,2026-01-17,2026-02-16,3455.8,207.36,3663.16,Issued,SampleGen
INV-c7a77229-b758-4b50-8213-754ba93b45af,ID202485,CID-135,c7a77229-b758-4b50-8213-754ba93b45af,2026-02-04,2026-03-06,6195.78,371.76,6567.54,Issued,SampleGen
INV-657d2eea-1aff-468a-8bfc-18baf639c7ca,ID202486,CID-135,657d2eea-1aff-468a-8bfc-18baf639c7ca,2026-03-15,2026-04-14,4157.74,249.48,4407.22,Issued,SampleGen
INV-a84f1b9f-120e-479e-a7b8-8d7ad5155e44,ID202487,CID-136,a84f1b9f-120e-479e-a7b8-8d7ad5155e44,2025-02-07,2025-03-09,3259.78,195.6,3455.38,Issued,SampleGen
INV-5c68ec8f-534b-460a-a61e-5c0377097f2d,ID202488,CID-136,5c68ec8f-534b-460a-a61e-5c0377097f2d,2025-03-20,2025-04-19,1967.88,118.08,2085.96,Issued,SampleGen
INV-d7a1bfed-f0bd-4aaf-bca1-6ceedfa218fa,ID202489,CID-136,d7a1bfed-f0bd-4aaf-bca1-6ceedfa218fa,2025-04-25,2025-05-25,2925.78,175.56,3101.34,Issued,SampleGen
INV-7a86276b-67d0-4fbd-9fab-071032f25259,ID202490,CID-136,7a86276b-67d0-4fbd-9fab-071032f25259,2025-05-18,2025-06-17,897.8,53.88,951.68,Issued,SampleGen
INV-7d9492c2-fd9a-4e59-aec6-ef5eae7f2087,ID202491,CID-136,7d9492c2-fd9a-4e59-aec6-ef5eae7f2087,2025-06-25,2025-07-25,783.86,47.04,830.9,Issued,SampleGen
INV-56b68198-75bc-41ef-9026-77afef4b1185,ID202492,CID-136,56b68198-75bc-41ef-9026-77afef4b1185,2025-07-02,2025-08-01,2351.68,141.12,2492.8,Issued,SampleGen
INV-a4d66d02-398b-423c-8584-438ece02eaed,ID202493,CID-136,a4d66d02-398b-423c-8584-438ece02eaed,2025-08-27,2025-09-26,1643.76,98.64,1742.4,Issued,SampleGen
INV-e124c45a-9f34-42be-91ba-91e4e73844ef,ID202494,CID-136,e124c45a-9f34-42be-91ba-91e4e73844ef,2025-09-24,2025-10-24,3647.86,218.88,3866.74,Issued,SampleGen
INV-0d273e48-a799-4129-9184-e3c3c7ae681f,ID202495,CID-136,0d273e48-a799-4129-9184-e3c3c7ae681f,2025-10-02,2025-11-01,1913.82,114.84,2028.66,Issued,SampleGen
INV-78bb0028-eec5-4f98-865e-e0c091ba3f58,ID202496,CID-136,78bb0028-eec5-4f98-865e-e0c091ba3f58,2025-11-10,2025-12-10,1039.82,62.4,1102.22,Issued,SampleGen
INV-1d1aa46a-2394-4f2c-816e-d37a917a39e6,ID202497,CID-136,1d1aa46a-2394-4f2c-816e-d37a917a39e6,2025-12-15,2026-01-14,3763.74,225.84,3989.58,Issued,SampleGen
INV-0d4bebbb-6120-4318-af53-a589d787ee6b,ID202498,CID-136,0d4bebbb-6120-4318-af53-a589d787ee6b,2025-12-04,2026-01-03,475.84,28.56,504.4,Issued,SampleGen
INV-54a3aa6c-da98-4a8f-998b-e4b5fe458b0c,ID202499,CID-136,54a3aa6c-da98-4a8f-998b-e4b5fe458b0c,2026-01-25,2026-02-24,6815.84,408.96,7224.8,Issued,SampleGen
INV-e747a2c8-75f6-4455-acb1-15cfe8546689,ID202500,CID-136,e747a2c8-75f6-4455-acb1-15cfe8546689,2026-01-17,2026-02-16,1499.9,90.0,1589.9,Issued,SampleGen
INV-e016b944-8915-4f5e-abb4-079f73f15460,ID202501,CID-136,e016b944-8915-4f5e-abb4-079f73f15460,2026-02-24,2026-03-26,975.76,58.56,1034.32,Issued,SampleGen
INV-26dde127-b185-423b-8ca3-68a427907783,ID202502,CID-136,26dde127-b185-423b-8ca3-68a427907783,2026-03-19,2026-04-18,523.84,31.44,555.28,Issued,SampleGen
INV-c95f8bac-e4ee-4bcc-b4a1-7ca1956669b5,ID202503,CID-136,c95f8bac-e4ee-4bcc-b4a1-7ca1956669b5,2026-03-30,2026-04-29,1255.9,75.36,1331.26,Issued,SampleGen
INV-35b6aa3e-4dbb-4372-87b3-6971c533b09a,ID202504,CID-136,35b6aa3e-4dbb-4372-87b3-6971c533b09a,2026-04-21,2026-05-21,1839.84,110.4,1950.24,Issued,SampleGen
INV-ab137894-5e48-4323-85e9-b791dc3d20dc,ID202505,CID-137,ab137894-5e48-4323-85e9-b791dc3d20dc,2025-01-23,2025-02-22,3539.88,212.4,3752.28,Issued,SampleGen
INV-21009b55-8a6b-45e5-9473-2f09489fe340,ID202506,CID-137,21009b55-8a6b-45e5-9473-2f09489fe340,2025-02-06,2025-03-08,3581.86,214.92,3796.78,Issued,SampleGen
INV-8508b34f-8109-4090-abb6-3d189cbd7845,ID202507,CID-137,8508b34f-8109-4090-abb6-3d189cbd7845,2025-03-31,2025-04-30,1679.88,100.8,1780.68,Issued,SampleGen
INV-0ee38160-65bc-4b20-a7e0-3ff54a1d4615,ID202508,CID-137,0ee38160-65bc-4b20-a7e0-3ff54a1d4615,2025-04-13,2025-05-13,4491.78,269.52,4761.3,Issued,SampleGen
INV-5c773de7-ded5-4a0e-a0f3-911debaebe67,ID202509,CID-137,5c773de7-ded5-4a0e-a0f3-911debaebe67,2025-05-31,2025-06-30,1995.88,119.76,2115.64,Issued,SampleGen
INV-9bd1a9ce-3585-48c2-be76-b0aa4db4f007,ID202510,CID-137,9bd1a9ce-3585-48c2-be76-b0aa4db4f007,2025-06-29,2025-07-29,2111.9,126.72,2238.62,Issued,SampleGen
INV-933056ba-f92c-4ab1-8492-0e65b3e318cd,ID202511,CID-137,933056ba-f92c-4ab1-8492-0e65b3e318cd,2025-07-14,2025-08-13,3903.76,234.24,4138.0,Issued,SampleGen
INV-ac953b7e-136e-4347-9137-509f089a91ae,ID202512,CID-137,ac953b7e-136e-4347-9137-509f089a91ae,2025-08-14,2025-09-13,721.82,43.32,765.14,Issued,SampleGen
INV-ff93056f-2bd1-4986-91d9-0aaa961ae878,ID202513,CID-137,ff93056f-2bd1-4986-91d9-0aaa961ae878,2025-08-06,2025-09-05,4051.78,243.12,4294.9,Issued,SampleGen
INV-67828e9b-750c-4cad-9a4b-d737246b3a4c,ID202514,CID-137,67828e9b-750c-4cad-9a4b-d737246b3a4c,2025-09-10,2025-10-10,2151.78,129.12,2280.9,Issued,SampleGen
INV-1e11d618-d667-401a-99fe-28116930012e,ID202515,CID-137,1e11d618-d667-401a-99fe-28116930012e,2025-10-11,2025-11-10,447.88,26.88,474.76,Issued,SampleGen
INV-32449e92-3fbb-4f03-a2cb-c59421d42fdf,ID202516,CID-137,32449e92-3fbb-4f03-a2cb-c59421d42fdf,2025-11-10,2025-12-10,2103.76,126.24,2230.0,Issued,SampleGen
INV-144a645e-620b-4754-a486-e0bdcf30c57b,ID202517,CID-137,144a645e-620b-4754-a486-e0bdcf30c57b,2025-12-04,2026-01-03,1579.72,94.8,1674.52,Issued,SampleGen
INV-eb95cf24-8544-4298-9708-1e645d803034,ID202518,CID-137,eb95cf24-8544-4298-9708-1e645d803034,2025-12-02,2026-01-01,5445.7,326.76,5772.46,Issued,SampleGen
INV-7c8acd0d-33d2-4e60-a7ba-739594f8a4e8,ID202519,CID-137,7c8acd0d-33d2-4e60-a7ba-739594f8a4e8,2026-01-10,2026-02-09,1079.88,64.8,1144.68,Issued,SampleGen
INV-97d9a7bc-d059-48b0-a8ed-6848fd73dadf,ID202520,CID-137,97d9a7bc-d059-48b0-a8ed-6848fd73dadf,2026-02-20,2026-03-22,2071.78,124.32,2196.1,Issued,SampleGen
INV-3d6c4f22-d0d2-47fc-8f95-31792a90ba9e,ID202521,CID-137,3d6c4f22-d0d2-47fc-8f95-31792a90ba9e,2026-02-16,2026-03-18,1035.9,62.16,1098.06,Issued,SampleGen
INV-1f1c5d32-7fe0-4ec5-b84f-93f182311611,ID202522,CID-137,1f1c5d32-7fe0-4ec5-b84f-93f182311611,2026-04-01,2026-05-01,1867.82,112.08,1979.9,Issued,SampleGen
INV-db8f11cd-9ff6-4e9f-bf4d-6018cae832ae,ID202523,CID-137,db8f11cd-9ff6-4e9f-bf4d-6018cae832ae,2026-04-01,2026-05-01,4465.72,267.96,4733.68,Issued,SampleGen
INV-b6bbdfd5-d806-4aae-a784-1ebf87416731,ID202524,CID-137,b6bbdfd5-d806-4aae-a784-1ebf87416731,2026-04-17,2026-05-17,3355.9,201.36,3557.26,Issued,SampleGen
INV-a4c27be6-70ba-4ad3-bac6-ea9db684d39d,ID202525,CID-137,a4c27be6-70ba-4ad3-bac6-ea9db684d39d,2026-04-05,2026-05-05,797.76,47.88,845.64,Issued,SampleGen
INV-3d932fb9-4804-4db6-9c10-bac7b797f7a2,ID202526,CID-138,3d932fb9-4804-4db6-9c10-bac7b797f7a2,2025-01-05,2025-02-04,4063.8,243.84,4307.64,Issued,SampleGen
INV-023d683e-5beb-41aa-ae92-bbddb00638e1,ID202527,CID-138,023d683e-5beb-41aa-ae92-bbddb00638e1,2025-02-18,2025-03-20,3163.8,189.84,3353.64,Issued,SampleGen
INV-71bb37b2-7128-480b-99c4-d0c8e638639f,ID202528,CID-138,71bb37b2-7128-480b-99c4-d0c8e638639f,2025-03-04,2025-04-03,2503.8,150.24,2654.04,Issued,SampleGen
INV-b949080e-4bdd-4453-a37a-6e991f3e25c1,ID202529,CID-138,b949080e-4bdd-4453-a37a-6e991f3e25c1,2025-04-27,2025-05-27,3449.8,207.0,3656.8,Issued,SampleGen
INV-9fba18cd-c667-4efc-a3dd-bc74ababb419,ID202530,CID-138,9fba18cd-c667-4efc-a3dd-bc74ababb419,2025-05-06,2025-06-05,2579.72,154.8,2734.52,Issued,SampleGen
INV-5307ba17-5357-4a03-a03c-5cd71f8fe0ad,ID202531,CID-138,5307ba17-5357-4a03-a03c-5cd71f8fe0ad,2025-05-13,2025-06-12,2227.78,133.68,2361.46,Issued,SampleGen
INV-acfa85b7-17c5-4fad-af5d-09d2d7cbcd91,ID202532,CID-138,acfa85b7-17c5-4fad-af5d-09d2d7cbcd91,2025-06-22,2025-07-22,2523.82,151.44,2675.26,Issued,SampleGen
INV-298c5143-55a7-4d70-ba5a-eea0cb1acf19,ID202533,CID-138,298c5143-55a7-4d70-ba5a-eea0cb1acf19,2025-07-15,2025-08-14,1913.76,114.84,2028.6,Issued,SampleGen
INV-baa6f59d-d18c-4739-961b-9163a3360e3c,ID202534,CID-138,baa6f59d-d18c-4739-961b-9163a3360e3c,2025-07-06,2025-08-05,4975.78,298.56,5274.34,Issued,SampleGen
INV-dd344af3-a827-4be1-9dcf-d53cac2dbf45,ID202535,CID-138,dd344af3-a827-4be1-9dcf-d53cac2dbf45,2025-08-24,2025-09-23,309.86,18.6,328.46,Issued,SampleGen
INV-3ca8ee55-a384-4f6f-a369-fe51cb3a0017,ID202536,CID-138,3ca8ee55-a384-4f6f-a369-fe51cb3a0017,2025-08-13,2025-09-12,6823.78,409.44,7233.22,Issued,SampleGen
INV-09d6e3f1-6994-4d8d-bbe4-d3204d19cf93,ID202537,CID-138,09d6e3f1-6994-4d8d-bbe4-d3204d19cf93,2025-09-12,2025-10-12,6827.76,409.68,7237.44,Issued,SampleGen
INV-559dbf95-0fdd-4858-9b97-9e1de7ddbe95,ID202538,CID-138,559dbf95-0fdd-4858-9b97-9e1de7ddbe95,2025-09-03,2025-10-03,903.78,54.24,958.02,Issued,SampleGen
INV-763bbaa4-1a98-4714-8712-7fd6169d4705,ID202539,CID-138,763bbaa4-1a98-4714-8712-7fd6169d4705,2025-10-18,2025-11-17,1179.76,70.8,1250.56,Issued,SampleGen
INV-eb44dd05-f0a6-40b0-9e5f-3b27c57de68d,ID202540,CID-138,eb44dd05-f0a6-40b0-9e5f-3b27c57de68d,2025-10-17,2025-11-16,309.9,18.6,328.5,Issued,SampleGen
INV-2c5b1fc4-37a9-4b00-9f1a-1427448fb13b,ID202541,CID-138,2c5b1fc4-37a9-4b00-9f1a-1427448fb13b,2025-11-25,2025-12-25,4287.72,257.28,4545.0,Issued,SampleGen
INV-6e23943c-3026-489f-a8c3-8b74ef3b3b8d,ID202542,CID-138,6e23943c-3026-489f-a8c3-8b74ef3b3b8d,2025-11-27,2025-12-27,1977.74,118.68,2096.42,Issued,SampleGen
INV-dad8336b-3211-4d48-a6a3-847e6f63f5d7,ID202543,CID-138,dad8336b-3211-4d48-a6a3-847e6f63f5d7,2025-12-26,2026-01-25,1635.72,98.16,1733.88,Issued,SampleGen
INV-2f2a7cfa-c8fa-4606-9c67-5158770966b6,ID202544,CID-138,2f2a7cfa-c8fa-4606-9c67-5158770966b6,2025-12-06,2026-01-05,877.82,52.68,930.5,Issued,SampleGen
INV-20de9b31-2ebf-4170-901a-99b69315007c,ID202545,CID-138,20de9b31-2ebf-4170-901a-99b69315007c,2026-01-27,2026-02-26,4023.74,241.44,4265.18,Issued,SampleGen
INV-78456b65-ec2e-4323-a90e-fa1b5f07b15f,ID202546,CID-138,78456b65-ec2e-4323-a90e-fa1b5f07b15f,2026-01-28,2026-02-27,5055.78,303.36,5359.14,Issued,SampleGen
INV-325be80f-4119-474a-a780-674182f6045e,ID202547,CID-138,325be80f-4119-474a-a780-674182f6045e,2026-01-05,2026-02-04,595.88,35.76,631.64,Issued,SampleGen
INV-5f2d7dc5-f707-47db-a71c-3ca2c4f6d849,ID202548,CID-138,5f2d7dc5-f707-47db-a71c-3ca2c4f6d849,2026-02-19,2026-03-21,947.84,56.88,1004.72,Issued,SampleGen
INV-4a037fa7-2870-49ea-bc07-ae9be9fd439f,ID202549,CID-138,4a037fa7-2870-49ea-bc07-ae9be9fd439f,2026-02-13,2026-03-15,1887.92,113.28,2001.2,Issued,SampleGen
INV-418a5df3-841a-42d5-87ec-54e046f38416,ID202550,CID-138,418a5df3-841a-42d5-87ec-54e046f38416,2026-02-06,2026-03-08,439.86,26.4,466.26,Issued,SampleGen
INV-7984f9c8-409d-45cb-85bf-37a5bd936ff4,ID202551,CID-138,7984f9c8-409d-45cb-85bf-37a5bd936ff4,2026-03-12,2026-04-11,291.88,17.52,309.4,Issued,SampleGen
INV-86205702-ad65-409f-a579-4dbd0c76610c,ID202552,CID-138,86205702-ad65-409f-a579-4dbd0c76610c,2026-03-28,2026-04-27,1809.8,108.6,1918.4,Issued,SampleGen
INV-7cb3f8c1-3608-4c49-927c-65d65ed3751e,ID202553,CID-138,7cb3f8c1-3608-4c49-927c-65d65ed3751e,2026-03-04,2026-04-03,3547.76,212.88,3760.64,Issued,SampleGen
INV-28b872cb-539b-4319-ade1-364d2e8c085f,ID202554,CID-138,28b872cb-539b-4319-ade1-364d2e8c085f,2026-04-24,2026-05-24,453.84,27.24,481.08,Issued,SampleGen
INV-076a90b2-8c81-4458-af8b-450287850e86,ID202555,CID-138,076a90b2-8c81-4458-af8b-450287850e86,2026-04-09,2026-05-09,1353.76,81.24,1435.0,Issued,SampleGen
INV-fa98b0a0-e78f-4bfc-bd55-52e277ec681f,ID202556,CID-139,fa98b0a0-e78f-4bfc-bd55-52e277ec681f,2025-06-10,2025-07-10,2023.72,121.44,2145.16,Issued,SampleGen
INV-8cb2ee57-5242-40ca-b07a-d73af8f8924a,ID202557,CID-139,8cb2ee57-5242-40ca-b07a-d73af8f8924a,2025-07-11,2025-08-10,381.86,22.92,404.78,Issued,SampleGen
INV-aa20cd8d-caa7-4c8e-ac77-84e754974ad7,ID202558,CID-139,aa20cd8d-caa7-4c8e-ac77-84e754974ad7,2025-08-14,2025-09-13,2791.72,167.52,2959.24,Issued,SampleGen
INV-f175ef60-94ec-4ba6-ab33-60a95dac8796,ID202559,CID-139,f175ef60-94ec-4ba6-ab33-60a95dac8796,2025-10-24,2025-11-23,5215.8,312.96,5528.76,Issued,SampleGen
INV-162ae110-ada4-4f00-b380-1df16776ee8d,ID202560,CID-139,162ae110-ada4-4f00-b380-1df16776ee8d,2025-11-10,2025-12-10,1799.86,108.0,1907.86,Issued,SampleGen
INV-a65784f9-bbbe-4c4e-9438-1bbf562b7ff5,ID202561,CID-139,a65784f9-bbbe-4c4e-9438-1bbf562b7ff5,2025-12-28,2026-01-27,2927.82,175.68,3103.5,Issued,SampleGen
INV-93d3425e-f0dd-4c0f-b211-46cd140b64e1,ID202562,CID-139,93d3425e-f0dd-4c0f-b211-46cd140b64e1,2026-01-04,2026-02-03,3315.9,198.96,3514.86,Issued,SampleGen
INV-a150da40-fbd1-428b-a2fc-8ea6c802e6b6,ID202563,CID-139,a150da40-fbd1-428b-a2fc-8ea6c802e6b6,2026-02-11,2026-03-13,3707.84,222.48,3930.32,Issued,SampleGen
INV-c86039b6-a3a9-4995-94ae-e5b50fbaa1fc,ID202564,CID-139,c86039b6-a3a9-4995-94ae-e5b50fbaa1fc,2026-03-21,2026-04-20,1339.9,80.4,1420.3,Issued,SampleGen
INV-a9c683cc-dec4-4fad-8d09-2ab7eceb9de6,ID202565,CID-139,a9c683cc-dec4-4fad-8d09-2ab7eceb9de6,2026-04-17,2026-05-17,1943.9,116.64,2060.54,Issued,SampleGen
INV-85ea9425-843f-4cbc-a7c3-3fdb7574b2b0,ID202566,CID-140,85ea9425-843f-4cbc-a7c3-3fdb7574b2b0,2025-02-07,2025-03-09,1835.92,110.16,1946.08,Issued,SampleGen
INV-5e7f7b14-f620-4eef-8ca6-a635a35d789f,ID202567,CID-140,5e7f7b14-f620-4eef-8ca6-a635a35d789f,2025-03-17,2025-04-16,775.84,46.56,822.4,Issued,SampleGen
INV-80fe009e-2aef-444c-9c95-840ec738018f,ID202568,CID-140,80fe009e-2aef-444c-9c95-840ec738018f,2025-05-29,2025-06-28,959.78,57.6,1017.38,Issued,SampleGen
INV-a1634be8-109d-4e3b-ac14-5e5483e8c1f3,ID202569,CID-140,a1634be8-109d-4e3b-ac14-5e5483e8c1f3,2025-06-19,2025-07-19,3089.84,185.4,3275.24,Issued,SampleGen
INV-d5fb2c5c-3e68-4f19-a1ad-53a6253c59b4,ID202570,CID-140,d5fb2c5c-3e68-4f19-a1ad-53a6253c59b4,2025-07-23,2025-08-22,2403.74,144.24,2547.98,Issued,SampleGen
INV-af42bee6-41d9-428d-bede-1561bd28361c,ID202571,CID-140,af42bee6-41d9-428d-bede-1561bd28361c,2025-08-08,2025-09-07,1439.82,86.4,1526.22,Issued,SampleGen
INV-97a3b0cd-b0f6-4f91-8946-fb8d368fc268,ID202572,CID-140,97a3b0cd-b0f6-4f91-8946-fb8d368fc268,2025-12-27,2026-01-26,969.9,58.2,1028.1,Issued,SampleGen
INV-949a6e92-8b98-425d-8eb9-ce2e5edc6832,ID202573,CID-140,949a6e92-8b98-425d-8eb9-ce2e5edc6832,2026-01-06,2026-02-05,6147.82,368.88,6516.7,Issued,SampleGen
INV-bd4db21f-9f05-4291-9caf-63b25fede6d2,ID202574,CID-140,bd4db21f-9f05-4291-9caf-63b25fede6d2,2026-02-03,2026-03-05,2107.76,126.48,2234.24,Issued,SampleGen
INV-919ef2f0-2ad6-4324-b73b-e8b49fcffb53,ID202575,CID-140,919ef2f0-2ad6-4324-b73b-e8b49fcffb53,2026-03-05,2026-04-04,1979.9,118.8,2098.7,Issued,SampleGen
INV-d457fb40-e5b1-46ca-9903-6e11e9836a57,ID202576,CID-140,d457fb40-e5b1-46ca-9903-6e11e9836a57,2026-04-11,2026-05-11,681.82,40.92,722.74,Issued,SampleGen
INV-01c7e355-09ae-43f7-87e0-3a7094f28c62,ID202577,CID-141,01c7e355-09ae-43f7-87e0-3a7094f28c62,2025-01-20,2025-02-19,2705.88,162.36,2868.24,Issued,SampleGen
INV-5323ab6d-c128-4f75-be74-55d8cc8f4769,ID202578,CID-141,5323ab6d-c128-4f75-be74-55d8cc8f4769,2025-03-18,2025-04-17,1375.68,82.56,1458.24,Issued,SampleGen
INV-326873a7-f798-494e-823f-188e7709842c,ID202579,CID-141,326873a7-f798-494e-823f-188e7709842c,2025-04-12,2025-05-12,4483.74,269.04,4752.78,Issued,SampleGen
INV-3f1adef5-75b8-424a-a181-c9ac3013e59e,ID202580,CID-141,3f1adef5-75b8-424a-a181-c9ac3013e59e,2025-05-05,2025-06-04,4407.76,264.48,4672.24,Issued,SampleGen
INV-909dea65-8e49-49bf-ac78-3f71158b8e8d,ID202581,CID-141,909dea65-8e49-49bf-ac78-3f71158b8e8d,2025-06-24,2025-07-24,4815.72,288.96,5104.68,Issued,SampleGen
INV-dc8f8529-bb67-4168-a19b-6bc698267fcf,ID202582,CID-141,dc8f8529-bb67-4168-a19b-6bc698267fcf,2025-10-30,2025-11-29,3355.78,201.36,3557.14,Issued,SampleGen
INV-f357d2ae-c0d0-4422-ac18-fe962853f3de,ID202583,CID-141,f357d2ae-c0d0-4422-ac18-fe962853f3de,2025-11-15,2025-12-15,1463.86,87.84,1551.7,Issued,SampleGen
INV-02c0ee65-9bb1-45c5-ab63-512c9c6afc6d,ID202584,CID-141,02c0ee65-9bb1-45c5-ab63-512c9c6afc6d,2025-12-30,2026-01-29,1301.72,78.12,1379.84,Issued,SampleGen
INV-0c0bcc8a-514b-414a-b1c2-cfab27a87ed3,ID202585,CID-141,0c0bcc8a-514b-414a-b1c2-cfab27a87ed3,2026-01-07,2026-02-06,449.88,27.0,476.88,Issued,SampleGen
INV-c4b83716-0ed7-4ee0-8ce1-7583bd513d78,ID202586,CID-141,c4b83716-0ed7-4ee0-8ce1-7583bd513d78,2026-02-07,2026-03-09,1467.82,88.08,1555.9,Issued,SampleGen
INV-38e1b19f-9161-4a86-8220-04540e33bcaf,ID202587,CID-141,38e1b19f-9161-4a86-8220-04540e33bcaf,2026-03-16,2026-04-15,6805.74,408.36,7214.1,Issued,SampleGen
INV-b89fa199-81a3-410a-9d4f-12066f35dcb5,ID202588,CID-141,b89fa199-81a3-410a-9d4f-12066f35dcb5,2026-04-12,2026-05-12,1303.88,78.24,1382.12,Issued,SampleGen
INV-c1d5906f-d4e2-4f00-a905-f2c38c027dba,ID202589,CID-142,c1d5906f-d4e2-4f00-a905-f2c38c027dba,2026-01-16,2026-02-15,3323.84,199.44,3523.28,Issued,SampleGen
INV-68466c27-0b2a-46d1-b4b2-ffdb2af569c3,ID202590,CID-142,68466c27-0b2a-46d1-b4b2-ffdb2af569c3,2026-04-04,2026-05-04,4587.76,275.28,4863.04,Issued,SampleGen
INV-03d039a9-380a-4392-b6af-6ebef955fedf,ID202591,CID-143,03d039a9-380a-4392-b6af-6ebef955fedf,2025-02-09,2025-03-11,7591.7,455.52,8047.22,Issued,SampleGen
INV-f166d435-f37b-476d-a1ac-bdf8f528285b,ID202592,CID-143,f166d435-f37b-476d-a1ac-bdf8f528285b,2025-06-06,2025-07-06,859.86,51.6,911.46,Issued,SampleGen
INV-b343acd8-b184-4aa8-807f-640c08837205,ID202593,CID-143,b343acd8-b184-4aa8-807f-640c08837205,2025-07-24,2025-08-23,1019.78,61.2,1080.98,Issued,SampleGen
INV-b989bcfe-35e6-4962-8270-54218e951cc1,ID202594,CID-143,b989bcfe-35e6-4962-8270-54218e951cc1,2025-09-29,2025-10-29,2191.86,131.52,2323.38,Issued,SampleGen
INV-62333eb0-0a4f-4e16-a90c-a6dafadb3a58,ID202595,CID-143,62333eb0-0a4f-4e16-a90c-a6dafadb3a58,2025-11-14,2025-12-14,4185.76,251.16,4436.92,Issued,SampleGen
INV-ec4d7109-7a26-4c13-a07d-6a804eb09900,ID202596,CID-143,ec4d7109-7a26-4c13-a07d-6a804eb09900,2026-01-05,2026-02-04,5367.72,322.08,5689.8,Issued,SampleGen
INV-ae3e21a5-e16d-431f-af22-c0b6346c54cb,ID202597,CID-143,ae3e21a5-e16d-431f-af22-c0b6346c54cb,2026-03-25,2026-04-24,2143.84,128.64,2272.48,Issued,SampleGen
INV-b6ac7b27-846f-44a7-a246-00105dcb3f52,ID202598,CID-143,b6ac7b27-846f-44a7-a246-00105dcb3f52,2026-04-11,2026-05-11,1087.84,65.28,1153.12,Issued,SampleGen
INV-d1ab9cca-2590-4eb3-8690-5fe3455bed82,ID202599,CID-144,d1ab9cca-2590-4eb3-8690-5fe3455bed82,2025-01-22,2025-02-21,2239.84,134.4,2374.24,Issued,SampleGen
INV-370716e5-c53d-4a0b-a046-b6fcbc2ed8ec,ID202600,CID-144,370716e5-c53d-4a0b-a046-b6fcbc2ed8ec,2025-03-07,2025-04-06,4003.76,240.24,4244.0,Issued,SampleGen
INV-308d521c-9281-4b3f-b638-0c6488493e79,ID202601,CID-144,308d521c-9281-4b3f-b638-0c6488493e79,2025-05-12,2025-06-11,3527.78,211.68,3739.46,Issued,SampleGen
INV-dca5e3c4-1d8b-4337-a219-a1c3a8b227c4,ID202602,CID-144,dca5e3c4-1d8b-4337-a219-a1c3a8b227c4,2025-07-06,2025-08-05,1527.86,91.68,1619.54,Issued,SampleGen
INV-578a9b1a-ff3f-496c-9858-30d67076afc2,ID202603,CID-144,578a9b1a-ff3f-496c-9858-30d67076afc2,2025-08-28,2025-09-27,1123.84,67.44,1191.28,Issued,SampleGen
INV-982314b6-bdc0-4564-95ea-04e16aff4d90,ID202604,CID-144,982314b6-bdc0-4564-95ea-04e16aff4d90,2025-09-30,2025-10-30,2371.8,142.32,2514.12,Issued,SampleGen
INV-10344013-28f4-4931-989a-c3b0317f7473,ID202605,CID-144,10344013-28f4-4931-989a-c3b0317f7473,2025-11-01,2025-12-01,631.8,37.92,669.72,Issued,SampleGen
INV-6e261191-7432-4b9c-93b7-fe2c975f0fc7,ID202606,CID-144,6e261191-7432-4b9c-93b7-fe2c975f0fc7,2025-11-29,2025-12-29,1795.8,107.76,1903.56,Issued,SampleGen
INV-ff08d384-0ee1-44d5-ba9b-f2e556b98a3c,ID202607,CID-144,ff08d384-0ee1-44d5-ba9b-f2e556b98a3c,2025-12-16,2026-01-15,319.86,19.2,339.06,Issued,SampleGen
INV-91e66426-7dfc-433f-8660-bb43e901bb6f,ID202608,CID-144,91e66426-7dfc-433f-8660-bb43e901bb6f,2026-01-07,2026-02-06,1979.9,118.8,2098.7,Issued,SampleGen
INV-07e9cdae-dfd5-4c8e-b3fc-0ffe1d152a51,ID202609,CID-144,07e9cdae-dfd5-4c8e-b3fc-0ffe1d152a51,2026-02-17,2026-03-19,1683.86,101.04,1784.9,Issued,SampleGen
INV-f891d94d-6dff-4083-892d-332c5862d5c4,ID202610,CID-144,f891d94d-6dff-4083-892d-332c5862d5c4,2026-03-07,2026-04-06,3151.76,189.12,3340.88,Issued,SampleGen
INV-324f22b2-accb-4d73-82f8-ed76bde0b5f9,ID202611,CID-144,324f22b2-accb-4d73-82f8-ed76bde0b5f9,2026-04-29,2026-05-29,317.88,19.08,336.96,Issued,SampleGen
INV-b87e7b87-a80e-4d2c-bf61-a92473e960da,ID202612,CID-145,b87e7b87-a80e-4d2c-bf61-a92473e960da,2025-08-22,2025-09-21,411.92,24.72,436.64,Issued,SampleGen
INV-98138990-2cde-4edf-9501-5c04262c9f65,ID202613,CID-145,98138990-2cde-4edf-9501-5c04262c9f65,2025-10-05,2025-11-04,3567.8,214.08,3781.88,Issued,SampleGen
INV-46856eeb-0f71-4fcd-8c36-8a86019e371b,ID202614,CID-145,46856eeb-0f71-4fcd-8c36-8a86019e371b,2026-02-23,2026-03-25,2937.84,176.28,3114.12,Issued,SampleGen
INV-d3d63796-45bc-4194-a4cb-c79819e41807,ID202615,CID-145,d3d63796-45bc-4194-a4cb-c79819e41807,2026-04-06,2026-05-06,3951.84,237.12,4188.96,Issued,SampleGen
INV-ece70793-ba76-4a02-9e46-2e9c3ba02c6f,ID202616,CID-146,ece70793-ba76-4a02-9e46-2e9c3ba02c6f,2025-01-26,2025-02-25,2239.84,134.4,2374.24,Issued,SampleGen
INV-ff6d5068-157e-40af-aa63-090742735458,ID202617,CID-146,ff6d5068-157e-40af-aa63-090742735458,2025-03-04,2025-04-03,2951.78,177.12,3128.9,Issued,SampleGen
INV-7a4d6f70-965e-4c58-bc9c-ef5a62403644,ID202618,CID-146,7a4d6f70-965e-4c58-bc9c-ef5a62403644,2025-07-01,2025-07-31,1493.74,89.64,1583.38,Issued,SampleGen
INV-78e11fcf-757a-4af1-886c-2fdc9183bfd1,ID202619,CID-146,78e11fcf-757a-4af1-886c-2fdc9183bfd1,2025-07-05,2025-08-04,509.9,30.6,540.5,Issued,SampleGen
INV-7357de5b-0765-4b20-b058-5e5b23494942,ID202620,CID-146,7357de5b-0765-4b20-b058-5e5b23494942,2025-08-05,2025-09-04,923.78,55.44,979.22,Issued,SampleGen
INV-a9e50655-d82c-459e-9c05-f3217df96af4,ID202621,CID-146,a9e50655-d82c-459e-9c05-f3217df96af4,2025-09-21,2025-10-21,541.86,32.52,574.38,Issued,SampleGen
INV-0f0c1fdb-1642-413e-b59f-aa949069e02f,ID202622,CID-146,0f0c1fdb-1642-413e-b59f-aa949069e02f,2025-10-05,2025-11-04,1729.86,103.8,1833.66,Issued,SampleGen
INV-4e4c5cbd-8e54-46cd-bc87-659d933d5a4c,ID202623,CID-146,4e4c5cbd-8e54-46cd-bc87-659d933d5a4c,2025-11-29,2025-12-29,623.88,37.44,661.32,Issued,SampleGen
INV-cc9dd946-ae6e-4f9c-ba33-7978fbeb3df7,ID202624,CID-146,cc9dd946-ae6e-4f9c-ba33-7978fbeb3df7,2025-12-18,2026-01-17,4283.84,257.04,4540.88,Issued,SampleGen
INV-5e73fe14-4733-4fdd-81c9-222717465bb3,ID202625,CID-146,5e73fe14-4733-4fdd-81c9-222717465bb3,2026-01-29,2026-02-28,591.88,35.52,627.4,Issued,SampleGen
INV-e206324c-5f82-4fd0-a344-eef44b4b544f,ID202626,CID-146,e206324c-5f82-4fd0-a344-eef44b4b544f,2026-02-23,2026-03-25,2959.86,177.6,3137.46,Issued,SampleGen
INV-083dea83-b0a4-40e1-9567-03a961af0415,ID202627,CID-146,083dea83-b0a4-40e1-9567-03a961af0415,2026-03-30,2026-04-29,815.88,48.96,864.84,Issued,SampleGen
INV-068aa086-e512-40fd-aee2-6d845896761c,ID202628,CID-146,068aa086-e512-40fd-aee2-6d845896761c,2026-04-13,2026-05-13,639.88,38.4,678.28,Issued,SampleGen
INV-95c3a69b-1bb1-40ad-a73f-17caaecf00e6,ID202629,CID-146,95c3a69b-1bb1-40ad-a73f-17caaecf00e6,2026-04-09,2026-05-09,531.8,31.92,563.72,Issued,SampleGen
INV-f156d519-1be6-4207-8966-4224f48e1f16,ID202630,CID-147,f156d519-1be6-4207-8966-4224f48e1f16,2025-03-05,2025-04-04,971.84,58.32,1030.16,Issued,SampleGen
INV-0a91c5f6-c4b7-4a3d-be17-5335ca1ae09d,ID202631,CID-147,0a91c5f6-c4b7-4a3d-be17-5335ca1ae09d,2025-04-05,2025-05-05,2819.78,169.2,2988.98,Issued,SampleGen
INV-f3c0dc73-c73a-4adb-9a82-91fa65f610ff,ID202632,CID-147,f3c0dc73-c73a-4adb-9a82-91fa65f610ff,2025-05-17,2025-06-16,2035.82,122.16,2157.98,Issued,SampleGen
INV-f6aeb789-2aa4-443f-9912-c14a8be1ef66,ID202633,CID-147,f6aeb789-2aa4-443f-9912-c14a8be1ef66,2025-06-15,2025-07-15,3775.74,226.56,4002.3,Issued,SampleGen
INV-fe1ed4ec-c337-4295-85de-b3fd33fb4849,ID202634,CID-147,fe1ed4ec-c337-4295-85de-b3fd33fb4849,2025-07-23,2025-08-22,643.86,38.64,682.5,Issued,SampleGen
INV-43b21b80-ccfb-4d4c-bec2-f55be5f7031c,ID202635,CID-147,43b21b80-ccfb-4d4c-bec2-f55be5f7031c,2025-08-22,2025-09-21,219.9,13.2,233.1,Issued,SampleGen
INV-46628c8b-c535-4f63-8235-04449ba0840c,ID202636,CID-147,46628c8b-c535-4f63-8235-04449ba0840c,2025-09-21,2025-10-21,1211.8,72.72,1284.52,Issued,SampleGen
INV-cd14a8d6-9fee-4d11-9b33-a5f7e4c68ad1,ID202637,CID-147,cd14a8d6-9fee-4d11-9b33-a5f7e4c68ad1,2025-10-31,2025-11-30,503.88,30.24,534.12,Issued,SampleGen
INV-0b8cd3e7-37ff-4ac3-aa8e-703fddc7afd4,ID202638,CID-147,0b8cd3e7-37ff-4ac3-aa8e-703fddc7afd4,2025-11-08,2025-12-08,3603.74,216.24,3819.98,Issued,SampleGen
INV-cd3e0649-3f18-405d-a85f-b7f8b9e48d20,ID202639,CID-147,cd3e0649-3f18-405d-a85f-b7f8b9e48d20,2025-12-08,2026-01-07,2247.88,134.88,2382.76,Issued,SampleGen
INV-2ed20c58-2cdb-4797-be4d-bb36ecd78c43,ID202640,CID-147,2ed20c58-2cdb-4797-be4d-bb36ecd78c43,2025-12-28,2026-01-27,807.84,48.48,856.32,Issued,SampleGen
INV-2e65b983-7a5a-4b21-8454-2aba4b7d9795,ID202641,CID-147,2e65b983-7a5a-4b21-8454-2aba4b7d9795,2026-01-12,2026-02-11,5347.78,320.88,5668.66,Issued,SampleGen
INV-c764e869-0fb0-47ab-957b-ee222d7c720c,ID202642,CID-147,c764e869-0fb0-47ab-957b-ee222d7c720c,2026-02-26,2026-03-28,3807.74,228.48,4036.22,Issued,SampleGen
INV-eb9be778-a7bc-4cb1-b75e-d0bf412a4189,ID202643,CID-147,eb9be778-a7bc-4cb1-b75e-d0bf412a4189,2026-02-04,2026-03-06,7483.78,449.04,7932.82,Issued,SampleGen
INV-c926da48-fe46-4a50-9c6a-9aeed12428a5,ID202644,CID-147,c926da48-fe46-4a50-9c6a-9aeed12428a5,2026-03-17,2026-04-16,2659.86,159.6,2819.46,Issued,SampleGen
INV-3f1f243c-6f92-4289-8c95-82e1b5a1d715,ID202645,CID-147,3f1f243c-6f92-4289-8c95-82e1b5a1d715,2026-04-21,2026-05-21,3293.72,197.64,3491.36,Issued,SampleGen
INV-3862e0d0-b01c-493d-bbe8-06d4aeb6c783,ID202646,CID-148,3862e0d0-b01c-493d-bbe8-06d4aeb6c783,2025-03-18,2025-04-17,343.86,20.64,364.5,Issued,SampleGen
INV-e5f7acb6-27e7-4d4c-964f-e735f202b5bc,ID202647,CID-148,e5f7acb6-27e7-4d4c-964f-e735f202b5bc,2026-02-04,2026-03-06,747.8,44.88,792.68,Issued,SampleGen
INV-7aeb6445-9eaf-42f5-8783-537e3699dee4,ID202648,CID-149,7aeb6445-9eaf-42f5-8783-537e3699dee4,2025-01-29,2025-02-28,1319.76,79.2,1398.96,Issued,SampleGen
INV-515abc16-4647-49bc-922c-49706df6f345,ID202649,CID-149,515abc16-4647-49bc-922c-49706df6f345,2025-02-05,2025-03-07,1487.82,89.28,1577.1,Issued,SampleGen
INV-ce314442-41b5-4f30-b930-32f3b6f681df,ID202650,CID-149,ce314442-41b5-4f30-b930-32f3b6f681df,2025-02-12,2025-03-14,435.9,26.16,462.06,Issued,SampleGen
INV-509995bc-e1ef-40d7-a96b-f72c704b8dce,ID202651,CID-149,509995bc-e1ef-40d7-a96b-f72c704b8dce,2025-03-23,2025-04-22,383.88,23.04,406.92,Issued,SampleGen
INV-de490662-b55f-437b-a463-450bfeb17864,ID202652,CID-149,de490662-b55f-437b-a463-450bfeb17864,2025-05-01,2025-05-31,5285.82,317.16,5602.98,Issued,SampleGen
INV-ab97e649-77e7-48a5-9ac9-0a22c80577a9,ID202653,CID-149,ab97e649-77e7-48a5-9ac9-0a22c80577a9,2025-05-19,2025-06-18,2607.84,156.48,2764.32,Issued,SampleGen
INV-e66c0672-f578-4222-bc5e-d3c05c9b6e72,ID202654,CID-149,e66c0672-f578-4222-bc5e-d3c05c9b6e72,2025-05-23,2025-06-22,647.84,38.88,686.72,Issued,SampleGen
INV-c53502f7-42c4-4540-b6f3-3b83f5861fde,ID202655,CID-149,c53502f7-42c4-4540-b6f3-3b83f5861fde,2025-06-28,2025-07-28,7379.74,442.8,7822.54,Issued,SampleGen
INV-68c39f2f-7571-4021-9f45-2bb7cb662bed,ID202656,CID-149,68c39f2f-7571-4021-9f45-2bb7cb662bed,2025-06-10,2025-07-10,965.74,57.96,1023.7,Issued,SampleGen
INV-ad6c3308-444e-451a-9976-b6e7f6af381c,ID202657,CID-149,ad6c3308-444e-451a-9976-b6e7f6af381c,2025-06-13,2025-07-13,621.86,37.32,659.18,Issued,SampleGen
INV-e23edf3b-3178-46c5-9e0e-ce3793df0f8e,ID202658,CID-149,e23edf3b-3178-46c5-9e0e-ce3793df0f8e,2025-07-08,2025-08-07,1811.8,108.72,1920.52,Issued,SampleGen
INV-a48fded9-b3dc-40ea-9d8e-3c6962b99337,ID202659,CID-149,a48fded9-b3dc-40ea-9d8e-3c6962b99337,2025-07-31,2025-08-30,941.78,56.52,998.3,Issued,SampleGen
INV-c1d825a6-dedb-41a6-8a0a-cabbd466ad60,ID202660,CID-149,c1d825a6-dedb-41a6-8a0a-cabbd466ad60,2025-07-15,2025-08-14,3349.74,201.0,3550.74,Issued,SampleGen
INV-6e5a6203-afe5-4a1a-baf1-92b05e06f1d4,ID202661,CID-149,6e5a6203-afe5-4a1a-baf1-92b05e06f1d4,2025-09-01,2025-10-01,2475.76,148.56,2624.32,Issued,SampleGen
INV-76e45fc4-0052-4280-ab2e-01745b4d663e,ID202662,CID-149,76e45fc4-0052-4280-ab2e-01745b4d663e,2025-08-22,2025-09-21,507.9,30.48,538.38,Issued,SampleGen
INV-1b1490c6-f4f5-4703-ac3e-b275f0327448,ID202663,CID-149,1b1490c6-f4f5-4703-ac3e-b275f0327448,2025-09-07,2025-10-07,2123.7,127.44,2251.14,Issued,SampleGen
INV-83d340a5-54f9-4cf3-ba7f-42a2c8140bf1,ID202664,CID-149,83d340a5-54f9-4cf3-ba7f-42a2c8140bf1,2025-09-23,2025-10-23,1349.74,81.0,1430.74,Issued,SampleGen
INV-ec8229c4-6843-4d3f-9a27-cdd025234db7,ID202665,CID-149,ec8229c4-6843-4d3f-9a27-cdd025234db7,2025-10-16,2025-11-15,1805.76,108.36,1914.12,Issued,SampleGen
INV-19e85e47-1f91-4709-bc7f-69f0a77ddd68,ID202666,CID-149,19e85e47-1f91-4709-bc7f-69f0a77ddd68,2025-10-30,2025-11-29,2269.82,136.2,2406.02,Issued,SampleGen
INV-2273ed36-c404-4b1a-853f-fe87418b495d,ID202667,CID-149,2273ed36-c404-4b1a-853f-fe87418b495d,2025-10-20,2025-11-19,1239.84,74.4,1314.24,Issued,SampleGen
INV-73a1a758-20a1-4664-9412-adb18c3ffe3b,ID202668,CID-149,73a1a758-20a1-4664-9412-adb18c3ffe3b,2025-11-26,2025-12-26,919.92,55.2,975.12,Issued,SampleGen
INV-8eb78088-265e-4be3-8b1f-c43a3f7abb96,ID202669,CID-149,8eb78088-265e-4be3-8b1f-c43a3f7abb96,2025-11-29,2025-12-29,699.86,42.0,741.86,Issued,SampleGen
INV-a6835286-3b19-4fe8-9c39-7b55f6ba5065,ID202670,CID-149,a6835286-3b19-4fe8-9c39-7b55f6ba5065,2025-11-04,2025-12-04,547.88,32.88,580.76,Issued,SampleGen
INV-c552f44c-2b56-4902-8ed1-a3215f0cfd44,ID202671,CID-149,c552f44c-2b56-4902-8ed1-a3215f0cfd44,2025-12-08,2026-01-07,1839.84,110.4,1950.24,Issued,SampleGen
INV-6029b96d-019f-47b1-aa8a-50d88d134c7f,ID202672,CID-149,6029b96d-019f-47b1-aa8a-50d88d134c7f,2025-12-26,2026-01-25,4875.82,292.56,5168.38,Issued,SampleGen
INV-62ea5b29-dd5c-4d5e-a3d1-426c1f7b2a59,ID202673,CID-149,62ea5b29-dd5c-4d5e-a3d1-426c1f7b2a59,2025-12-06,2026-01-05,387.92,23.28,411.2,Issued,SampleGen
INV-fd788a05-43a9-4656-bdd0-21f837040698,ID202674,CID-149,fd788a05-43a9-4656-bdd0-21f837040698,2026-01-05,2026-02-04,1193.74,71.64,1265.38,Issued,SampleGen
INV-3fd24ea0-eab5-4897-ab46-820525b86e2c,ID202675,CID-149,3fd24ea0-eab5-4897-ab46-820525b86e2c,2026-01-03,2026-02-02,1795.86,107.76,1903.62,Issued,SampleGen
INV-aaf91dad-bd11-4dad-99a9-551aef293a19,ID202676,CID-149,aaf91dad-bd11-4dad-99a9-551aef293a19,2026-01-06,2026-02-05,5883.74,353.04,6236.78,Issued,SampleGen
INV-9b1b69f8-e968-4c47-92d0-fd87a453872f,ID202677,CID-149,9b1b69f8-e968-4c47-92d0-fd87a453872f,2026-01-18,2026-02-17,1349.76,81.0,1430.76,Issued,SampleGen
INV-64613086-e3c5-48c7-957a-0456e6f66704,ID202678,CID-149,64613086-e3c5-48c7-957a-0456e6f66704,2026-02-21,2026-03-23,1969.8,118.2,2088.0,Issued,SampleGen
INV-63245681-b2e9-44ce-8278-220409353573,ID202679,CID-149,63245681-b2e9-44ce-8278-220409353573,2026-02-06,2026-03-08,3635.82,218.16,3853.98,Issued,SampleGen
INV-bcda46d6-5f0f-4734-b33e-afe4fe0ad030,ID202680,CID-149,bcda46d6-5f0f-4734-b33e-afe4fe0ad030,2026-02-16,2026-03-18,947.88,56.88,1004.76,Issued,SampleGen
INV-7034e70d-ba14-4414-8ded-f155d6b53ab9,ID202681,CID-149,7034e70d-ba14-4414-8ded-f155d6b53ab9,2026-02-04,2026-03-06,449.88,27.0,476.88,Issued,SampleGen
INV-babeb7cc-d5a9-4a0b-a21c-d33da4e38a27,ID202682,CID-149,babeb7cc-d5a9-4a0b-a21c-d33da4e38a27,2026-03-20,2026-04-19,567.84,34.08,601.92,Issued,SampleGen
INV-ee87ffa2-4b40-45c8-8519-bd0bcf696581,ID202683,CID-149,ee87ffa2-4b40-45c8-8519-bd0bcf696581,2026-03-29,2026-04-28,1571.76,94.32,1666.08,Issued,SampleGen
INV-6aa1162f-5922-45ca-a0d3-0bc9be6ac913,ID202684,CID-149,6aa1162f-5922-45ca-a0d3-0bc9be6ac913,2026-03-22,2026-04-21,3543.76,212.64,3756.4,Issued,SampleGen
INV-df02f9ed-6c33-42cb-a3d5-c89b8a5ac82d,ID202685,CID-149,df02f9ed-6c33-42cb-a3d5-c89b8a5ac82d,2026-03-24,2026-04-23,6815.84,408.96,7224.8,Issued,SampleGen
INV-d54259fd-8274-4d6a-ab14-e9583a7c7de0,ID202686,CID-149,d54259fd-8274-4d6a-ab14-e9583a7c7de0,2026-04-08,2026-05-08,2231.78,133.92,2365.7,Issued,SampleGen
INV-23376b58-e2ba-43b0-8375-2d607e3ca39e,ID202687,CID-149,23376b58-e2ba-43b0-8375-2d607e3ca39e,2026-04-27,2026-05-27,7755.74,465.36,8221.1,Issued,SampleGen
INV-998756a6-9e38-4a8b-ad34-b2f0f4582d12,ID202688,CID-149,998756a6-9e38-4a8b-ad34-b2f0f4582d12,2026-04-28,2026-05-28,967.76,58.08,1025.84,Issued,SampleGen
INV-ff0574e4-3000-4e63-9b63-9ffc5fa60ccc,ID202689,CID-149,ff0574e4-3000-4e63-9b63-9ffc5fa60ccc,2026-04-09,2026-05-09,1679.88,100.8,1780.68,Issued,SampleGen
INV-6de742cb-71de-4bcd-8f76-85c00ab0bb16,ID202690,CID-150,6de742cb-71de-4bcd-8f76-85c00ab0bb16,2025-01-27,2025-02-26,2431.74,145.92,2577.66,Issued,SampleGen
INV-764da2d6-38ba-4ae4-8789-73087ba740c0,ID202691,CID-150,764da2d6-38ba-4ae4-8789-73087ba740c0,2025-02-10,2025-03-12,919.84,55.2,975.04,Issued,SampleGen
INV-4137052b-82be-4df1-bcde-8a13bd8cd8fe,ID202692,CID-150,4137052b-82be-4df1-bcde-8a13bd8cd8fe,2025-03-17,2025-04-16,4455.84,267.36,4723.2,Issued,SampleGen
INV-6677a5b5-7c71-4764-bfba-8146d34ded01,ID202693,CID-150,6677a5b5-7c71-4764-bfba-8146d34ded01,2025-04-16,2025-05-16,2335.8,140.16,2475.96,Issued,SampleGen
INV-65b725b6-b624-48b8-8810-c4bbbc6197ce,ID202694,CID-150,65b725b6-b624-48b8-8810-c4bbbc6197ce,2025-05-26,2025-06-25,643.86,38.64,682.5,Issued,SampleGen
INV-f56ee2c2-a7ba-469d-ac66-0d191bebf8eb,ID202695,CID-150,f56ee2c2-a7ba-469d-ac66-0d191bebf8eb,2025-06-28,2025-07-28,3363.78,201.84,3565.62,Issued,SampleGen
INV-143b5c2f-80ff-4d30-a8e5-2f646dcbcce1,ID202696,CID-150,143b5c2f-80ff-4d30-a8e5-2f646dcbcce1,2025-07-27,2025-08-26,2279.88,136.8,2416.68,Issued,SampleGen
INV-889a5ad7-9244-4d00-863a-904359dfe6f7,ID202697,CID-150,889a5ad7-9244-4d00-863a-904359dfe6f7,2025-08-22,2025-09-21,403.86,24.24,428.1,Issued,SampleGen
INV-8adf39ae-9b7c-462e-8eaf-4eb74352340b,ID202698,CID-150,8adf39ae-9b7c-462e-8eaf-4eb74352340b,2025-09-02,2025-10-02,2367.7,142.08,2509.78,Issued,SampleGen
INV-33f1c052-2740-4b02-8816-b3821a0e3b81,ID202699,CID-150,33f1c052-2740-4b02-8816-b3821a0e3b81,2025-10-19,2025-11-18,803.78,48.24,852.02,Issued,SampleGen
INV-26529856-6bbd-40c3-84d1-aa3ab8b62739,ID202700,CID-150,26529856-6bbd-40c3-84d1-aa3ab8b62739,2025-11-17,2025-12-17,3019.82,181.2,3201.02,Issued,SampleGen
INV-a463c9fe-c495-4cc9-95f6-47eb6b841a36,ID202701,CID-150,a463c9fe-c495-4cc9-95f6-47eb6b841a36,2025-11-13,2025-12-13,1063.84,63.84,1127.68,Issued,SampleGen
INV-d513c551-5699-467d-b959-80ed24d47c28,ID202702,CID-150,d513c551-5699-467d-b959-80ed24d47c28,2025-12-26,2026-01-25,3095.88,185.76,3281.64,Issued,SampleGen
INV-39a15b76-d6d1-44b7-8dc8-f6b6dec9c321,ID202703,CID-150,39a15b76-d6d1-44b7-8dc8-f6b6dec9c321,2026-01-29,2026-02-28,2999.8,180.0,3179.8,Issued,SampleGen
INV-3cbafd84-93e1-450e-8799-88a007e06f0f,ID202704,CID-150,3cbafd84-93e1-450e-8799-88a007e06f0f,2026-01-20,2026-02-19,1619.82,97.2,1717.02,Issued,SampleGen
INV-a6a8e88b-2905-4d09-9bf1-c31251f64c03,ID202705,CID-150,a6a8e88b-2905-4d09-9bf1-c31251f64c03,2026-02-28,2026-03-30,2739.9,164.4,2904.3,Issued,SampleGen
INV-87e0f0a4-b97c-4508-ab45-50e47451e10f,ID202706,CID-150,87e0f0a4-b97c-4508-ab45-50e47451e10f,2026-02-02,2026-03-04,793.84,47.64,841.48,Issued,SampleGen
INV-d32c22b8-ddb0-4cfe-bd32-8e7d66790894,ID202707,CID-150,d32c22b8-ddb0-4cfe-bd32-8e7d66790894,2026-03-24,2026-04-23,463.88,27.84,491.72,Issued,SampleGen
INV-ef7753ea-a729-4cde-b578-102311cfc4fa,ID202708,CID-150,ef7753ea-a729-4cde-b578-102311cfc4fa,2026-03-08,2026-04-07,1313.88,78.84,1392.72,Issued,SampleGen
INV-80944448-3f4b-447f-b8e1-153f4b50fadf,ID202709,CID-150,80944448-3f4b-447f-b8e1-153f4b50fadf,2026-04-30,2026-05-30,3163.8,189.84,3353.64,Issued,SampleGen
INV-aef70585-624e-4fa8-b24e-7c0a3ad632df,ID202710,CID-150,aef70585-624e-4fa8-b24e-7c0a3ad632df,2026-04-23,2026-05-23,749.84,45.0,794.84,Issued,SampleGen
INV-f12a6f23-3ed6-4a4c-96d1-394ba2015e85,ID202711,CID-151,f12a6f23-3ed6-4a4c-96d1-394ba2015e85,2025-02-23,2025-03-25,2971.82,178.32,3150.14,Issued,SampleGen
INV-7aa78032-d1c1-4852-8439-c21e61c881ee,ID202712,CID-151,7aa78032-d1c1-4852-8439-c21e61c881ee,2025-06-21,2025-07-21,943.84,56.64,1000.48,Issued,SampleGen
INV-c4ce3e65-92a0-4e9e-ac01-ac8799ba0e20,ID202713,CID-151,c4ce3e65-92a0-4e9e-ac01-ac8799ba0e20,2025-08-17,2025-09-16,827.82,49.68,877.5,Issued,SampleGen
INV-1e40efcf-4fc2-4634-bb05-30f2730202b1,ID202714,CID-151,1e40efcf-4fc2-4634-bb05-30f2730202b1,2025-09-29,2025-10-29,1443.82,86.64,1530.46,Issued,SampleGen
INV-ef778d95-6191-4421-b0ea-fafc592246da,ID202715,CID-151,ef778d95-6191-4421-b0ea-fafc592246da,2025-10-31,2025-11-30,719.82,43.2,763.02,Issued,SampleGen
INV-1c2a94af-2587-42e1-9640-2eed7a08e489,ID202716,CID-151,1c2a94af-2587-42e1-9640-2eed7a08e489,2025-12-31,2026-01-30,1983.78,119.04,2102.82,Issued,SampleGen
INV-b8a78d2d-867a-4346-b468-d15bd78d5adf,ID202717,CID-151,b8a78d2d-867a-4346-b468-d15bd78d5adf,2026-02-01,2026-03-03,579.8,34.8,614.6,Issued,SampleGen
INV-bcabc514-9bdb-4c13-9326-e16da2eef441,ID202718,CID-151,bcabc514-9bdb-4c13-9326-e16da2eef441,2026-04-01,2026-05-01,4547.86,272.88,4820.74,Issued,SampleGen
INV-fab7461a-2f2b-4b5f-8525-1d0d260a8835,ID202719,CID-151,fab7461a-2f2b-4b5f-8525-1d0d260a8835,2026-04-18,2026-05-18,447.88,26.88,474.76,Issued,SampleGen
INV-056f0f9a-8c17-4c45-89d8-18a1182a5a9d,ID202720,CID-152,056f0f9a-8c17-4c45-89d8-18a1182a5a9d,2025-02-23,2025-03-25,737.88,44.28,782.16,Issued,SampleGen
INV-2b7e1ba4-34d0-44cd-9871-25d52252c9e8,ID202721,CID-152,2b7e1ba4-34d0-44cd-9871-25d52252c9e8,2025-05-05,2025-06-04,815.8,48.96,864.76,Issued,SampleGen
INV-29358098-c449-4f2a-abad-db61dc237358,ID202722,CID-152,29358098-c449-4f2a-abad-db61dc237358,2025-06-04,2025-07-04,543.92,32.64,576.56,Issued,SampleGen
INV-974406f4-ab8a-400e-a9f4-91906853c4be,ID202723,CID-152,974406f4-ab8a-400e-a9f4-91906853c4be,2025-09-01,2025-10-01,461.86,27.72,489.58,Issued,SampleGen
INV-2b9a400a-e408-4d9e-a192-b7d94851e98f,ID202724,CID-152,2b9a400a-e408-4d9e-a192-b7d94851e98f,2025-09-08,2025-10-08,783.8,47.04,830.84,Issued,SampleGen
INV-150647b4-1c11-49cc-8daa-14f6023a0caa,ID202725,CID-152,150647b4-1c11-49cc-8daa-14f6023a0caa,2025-10-24,2025-11-23,5267.78,316.08,5583.86,Issued,SampleGen
INV-597bf454-f527-49f5-93f6-3849b1e20fc8,ID202726,CID-152,597bf454-f527-49f5-93f6-3849b1e20fc8,2025-12-01,2025-12-31,903.78,54.24,958.02,Issued,SampleGen
INV-920139c7-3934-4f94-9a0b-8b1fa864b682,ID202727,CID-152,920139c7-3934-4f94-9a0b-8b1fa864b682,2025-12-28,2026-01-27,2867.8,172.08,3039.88,Issued,SampleGen
INV-70ec6120-149b-40da-844c-9458529ecf8e,ID202728,CID-152,70ec6120-149b-40da-844c-9458529ecf8e,2026-02-05,2026-03-07,411.92,24.72,436.64,Issued,SampleGen
INV-9e953388-278c-4dfa-9322-6c082b9b09cc,ID202729,CID-152,9e953388-278c-4dfa-9322-6c082b9b09cc,2026-03-05,2026-04-04,5935.72,356.16,6291.88,Issued,SampleGen
INV-9e953215-2806-4ed4-94da-a56de130338c,ID202730,CID-152,9e953215-2806-4ed4-94da-a56de130338c,2026-04-05,2026-05-05,849.82,51.0,900.82,Issued,SampleGen
INV-6f5591b4-c9ee-4e01-bf4a-1380172c18fb,ID202731,CID-153,6f5591b4-c9ee-4e01-bf4a-1380172c18fb,2025-06-20,2025-07-20,389.88,23.4,413.28,Issued,SampleGen
INV-f5ea56ff-d78b-4517-99ea-3eb5e1028186,ID202732,CID-153,f5ea56ff-d78b-4517-99ea-3eb5e1028186,2025-07-25,2025-08-24,2289.74,137.4,2427.14,Issued,SampleGen
INV-06ffdda0-d8d3-4cef-a6f0-b04fd5b7767d,ID202733,CID-153,06ffdda0-d8d3-4cef-a6f0-b04fd5b7767d,2025-08-26,2025-09-25,823.84,49.44,873.28,Issued,SampleGen
INV-5c40e229-dcf7-4969-8c79-849c139cc853,ID202734,CID-153,5c40e229-dcf7-4969-8c79-849c139cc853,2025-09-18,2025-10-18,815.8,48.96,864.76,Issued,SampleGen
INV-9f4a7f0c-9f9c-4ee2-9093-57e9f140a985,ID202735,CID-153,9f4a7f0c-9f9c-4ee2-9093-57e9f140a985,2025-10-24,2025-11-23,875.92,52.56,928.48,Issued,SampleGen
INV-b22ad9a6-29a1-437b-8b6b-1a097e639efc,ID202736,CID-153,b22ad9a6-29a1-437b-8b6b-1a097e639efc,2025-11-05,2025-12-05,557.9,33.48,591.38,Issued,SampleGen
INV-bc500a01-a0e8-4320-a1b1-e6cb98263c2e,ID202737,CID-153,bc500a01-a0e8-4320-a1b1-e6cb98263c2e,2025-12-09,2026-01-08,2069.8,124.2,2194.0,Issued,SampleGen
INV-2787b0fa-ba8b-4a61-998a-14dedb25b0b5,ID202738,CID-153,2787b0fa-ba8b-4a61-998a-14dedb25b0b5,2026-02-01,2026-03-03,6291.72,377.52,6669.24,Issued,SampleGen
INV-1cbfca9d-3bdb-4702-809a-ff1c9faa4089,ID202739,CID-153,1cbfca9d-3bdb-4702-809a-ff1c9faa4089,2026-04-23,2026-05-23,1393.7,83.64,1477.34,Issued,SampleGen
INV-1b3baa40-10c6-4867-a439-2f8e52311ca5,ID202740,CID-154,1b3baa40-10c6-4867-a439-2f8e52311ca5,2025-01-03,2025-02-02,1277.76,76.68,1354.44,Issued,SampleGen
INV-f2c6ee86-1556-4e14-9ce6-71aaccdecb51,ID202741,CID-154,f2c6ee86-1556-4e14-9ce6-71aaccdecb51,2025-03-01,2025-03-31,2359.88,141.6,2501.48,Issued,SampleGen
INV-611b9f69-9b94-4ab5-be78-d82c506805de,ID202742,CID-154,611b9f69-9b94-4ab5-be78-d82c506805de,2025-04-08,2025-05-08,2035.8,122.16,2157.96,Issued,SampleGen
INV-2a55a8fe-ba33-48a0-ac70-2a0d41e9fc98,ID202743,CID-154,2a55a8fe-ba33-48a0-ac70-2a0d41e9fc98,2025-05-05,2025-06-04,571.82,34.32,606.14,Issued,SampleGen
INV-a2a109d4-5755-42e4-b155-ff38acca72d4,ID202744,CID-154,a2a109d4-5755-42e4-b155-ff38acca72d4,2025-08-16,2025-09-15,277.86,16.68,294.54,Issued,SampleGen
INV-2e77a835-4c02-4d6e-8017-56fa611b22f5,ID202745,CID-154,2e77a835-4c02-4d6e-8017-56fa611b22f5,2025-10-13,2025-11-12,391.88,23.52,415.4,Issued,SampleGen
INV-57761158-4823-498c-b099-bf4444888dea,ID202746,CID-154,57761158-4823-498c-b099-bf4444888dea,2025-12-06,2026-01-05,3223.88,193.44,3417.32,Issued,SampleGen
INV-672c816b-46a2-4e45-b469-f6ce392e0181,ID202747,CID-154,672c816b-46a2-4e45-b469-f6ce392e0181,2026-02-08,2026-03-10,2861.84,171.72,3033.56,Issued,SampleGen
INV-a1b6385c-f48c-4bc4-8c19-15e4fb883684,ID202748,CID-154,a1b6385c-f48c-4bc4-8c19-15e4fb883684,2026-03-14,2026-04-13,1287.8,77.28,1365.08,Issued,SampleGen
INV-201a3c87-8789-4f3a-aacc-bd4e97d27754,ID202749,CID-155,201a3c87-8789-4f3a-aacc-bd4e97d27754,2025-02-16,2025-03-18,635.9,38.16,674.06,Issued,SampleGen
INV-24cbbe1a-d198-4386-b4d8-d2262616cb72,ID202750,CID-155,24cbbe1a-d198-4386-b4d8-d2262616cb72,2025-05-17,2025-06-16,3177.76,190.68,3368.44,Issued,SampleGen
INV-122e452c-a0ed-4078-869a-91219c8922b3,ID202751,CID-155,122e452c-a0ed-4078-869a-91219c8922b3,2025-08-25,2025-09-24,1609.76,96.6,1706.36,Issued,SampleGen
INV-c1a1aa7f-d6c0-42c2-9068-d6f750e3f678,ID202752,CID-155,c1a1aa7f-d6c0-42c2-9068-d6f750e3f678,2025-10-30,2025-11-29,4539.78,272.4,4812.18,Issued,SampleGen
INV-906a138b-6d3e-40b1-881a-287d7c4c267e,ID202753,CID-155,906a138b-6d3e-40b1-881a-287d7c4c267e,2025-11-07,2025-12-07,371.9,22.32,394.22,Issued,SampleGen
INV-3a4aa174-6b9e-404b-8987-15f4ced431aa,ID202754,CID-155,3a4aa174-6b9e-404b-8987-15f4ced431aa,2025-12-14,2026-01-13,1783.84,107.04,1890.88,Issued,SampleGen
INV-832ad38b-e342-41d5-b997-143a705fa573,ID202755,CID-155,832ad38b-e342-41d5-b997-143a705fa573,2026-01-23,2026-02-22,2119.86,127.2,2247.06,Issued,SampleGen
INV-4ee2464e-8125-41dd-9e0e-763c26001f33,ID202756,CID-155,4ee2464e-8125-41dd-9e0e-763c26001f33,2026-02-20,2026-03-22,2167.76,130.08,2297.84,Issued,SampleGen
INV-14f217db-f21e-49fe-b5fa-0181b4e19f71,ID202757,CID-155,14f217db-f21e-49fe-b5fa-0181b4e19f71,2026-03-09,2026-04-08,2295.84,137.76,2433.6,Issued,SampleGen
INV-0456c6f3-55b9-491d-a8ed-b8125bab8091,ID202758,CID-155,0456c6f3-55b9-491d-a8ed-b8125bab8091,2026-04-13,2026-05-13,715.8,42.96,758.76,Issued,SampleGen
INV-113143a5-3903-4d09-90d0-d342e775b8f4,ID202759,CID-156,113143a5-3903-4d09-90d0-d342e775b8f4,2025-02-24,2025-03-26,2279.88,136.8,2416.68,Issued,SampleGen
INV-f93e038c-ffe7-4a0f-986f-f15a5c2a8a14,ID202760,CID-156,f93e038c-ffe7-4a0f-986f-f15a5c2a8a14,2025-03-27,2025-04-26,253.9,15.24,269.14,Issued,SampleGen
INV-bf7a317a-236d-415b-83b9-5b1e3bebc284,ID202761,CID-156,bf7a317a-236d-415b-83b9-5b1e3bebc284,2025-04-26,2025-05-26,903.82,54.24,958.06,Issued,SampleGen
INV-35b0e247-1746-41ce-b9f2-40893c3f3666,ID202762,CID-156,35b0e247-1746-41ce-b9f2-40893c3f3666,2025-07-06,2025-08-05,973.78,58.44,1032.22,Issued,SampleGen
INV-375e92bb-6ca6-4f6b-a6b9-af495a7a8292,ID202763,CID-156,375e92bb-6ca6-4f6b-a6b9-af495a7a8292,2025-08-02,2025-09-01,1257.74,75.48,1333.22,Issued,SampleGen
INV-cfb47f10-4e66-440e-b099-2ebbf7635b04,ID202764,CID-156,cfb47f10-4e66-440e-b099-2ebbf7635b04,2025-09-22,2025-10-22,1427.72,85.68,1513.4,Issued,SampleGen
INV-7152b790-0ff7-4b41-b471-1ceb80cc3e6a,ID202765,CID-156,7152b790-0ff7-4b41-b471-1ceb80cc3e6a,2025-10-26,2025-11-25,1091.82,65.52,1157.34,Issued,SampleGen
INV-70933d68-fe4a-458f-99d9-c3da98032e70,ID202766,CID-156,70933d68-fe4a-458f-99d9-c3da98032e70,2025-11-15,2025-12-15,4595.78,275.76,4871.54,Issued,SampleGen
INV-e1359cf2-fd96-4c4e-b362-d62e9bffe52f,ID202767,CID-156,e1359cf2-fd96-4c4e-b362-d62e9bffe52f,2025-12-07,2026-01-06,357.9,21.48,379.38,Issued,SampleGen
INV-ef05d7c9-d718-4264-ad15-4c9291b4121c,ID202768,CID-156,ef05d7c9-d718-4264-ad15-4c9291b4121c,2026-02-06,2026-03-08,2607.84,156.48,2764.32,Issued,SampleGen
INV-c4c7c5d0-8d48-4f5e-9dbb-13c1d3d25d8d,ID202769,CID-156,c4c7c5d0-8d48-4f5e-9dbb-13c1d3d25d8d,2026-03-07,2026-04-06,1133.78,68.04,1201.82,Issued,SampleGen
INV-ea8a7943-31f1-4ae4-80b8-146fdcb03548,ID202770,CID-156,ea8a7943-31f1-4ae4-80b8-146fdcb03548,2026-04-11,2026-05-11,3161.78,189.72,3351.5,Issued,SampleGen
INV-bce63f1a-5e4f-4467-a686-314cd8fdd5fa,ID202771,CID-157,bce63f1a-5e4f-4467-a686-314cd8fdd5fa,2025-02-15,2025-03-17,4203.72,252.24,4455.96,Issued,SampleGen
INV-3c348310-da5b-4fcf-a8d2-cc08a2764fa2,ID202772,CID-157,3c348310-da5b-4fcf-a8d2-cc08a2764fa2,2025-04-03,2025-05-03,1303.88,78.24,1382.12,Issued,SampleGen
INV-49c07cbe-49a8-475f-a944-68bb6f6e8228,ID202773,CID-157,49c07cbe-49a8-475f-a944-68bb6f6e8228,2025-07-14,2025-08-13,2087.84,125.28,2213.12,Issued,SampleGen
INV-23f3b305-f3a4-470a-b729-585a8b2fba74,ID202774,CID-157,23f3b305-f3a4-470a-b729-585a8b2fba74,2025-08-11,2025-09-10,631.92,37.92,669.84,Issued,SampleGen
INV-a32b3d04-c32c-4b3b-83a4-558665d8038f,ID202775,CID-157,a32b3d04-c32c-4b3b-83a4-558665d8038f,2025-09-23,2025-10-23,1711.72,102.72,1814.44,Issued,SampleGen
INV-fe45f5cb-5dab-446d-b4d0-a5f16bba41e0,ID202776,CID-157,fe45f5cb-5dab-446d-b4d0-a5f16bba41e0,2025-11-01,2025-12-01,1635.88,98.16,1734.04,Issued,SampleGen
INV-c482c8a3-5d44-4162-91dd-0e27517a52cb,ID202777,CID-157,c482c8a3-5d44-4162-91dd-0e27517a52cb,2025-11-27,2025-12-27,3015.84,180.96,3196.8,Issued,SampleGen
INV-28ab1ec2-41e8-4e41-860d-3f9d1f791a05,ID202778,CID-157,28ab1ec2-41e8-4e41-860d-3f9d1f791a05,2025-12-26,2026-01-25,1303.88,78.24,1382.12,Issued,SampleGen
INV-0ae858cf-74e5-492a-b167-be37a0220852,ID202779,CID-157,0ae858cf-74e5-492a-b167-be37a0220852,2026-01-13,2026-02-12,371.9,22.32,394.22,Issued,SampleGen
INV-086b67ac-742c-49b3-a771-4c3f91061049,ID202780,CID-157,086b67ac-742c-49b3-a771-4c3f91061049,2026-02-03,2026-03-05,1799.8,108.0,1907.8,Issued,SampleGen
INV-0ac2a7e6-a754-46bb-b9c8-e61e7c9ffe85,ID202781,CID-157,0ac2a7e6-a754-46bb-b9c8-e61e7c9ffe85,2026-03-07,2026-04-06,903.78,54.24,958.02,Issued,SampleGen
INV-ffe9869e-e19c-4f8b-a3ff-a5bcb3822a4d,ID202782,CID-157,ffe9869e-e19c-4f8b-a3ff-a5bcb3822a4d,2026-04-20,2026-05-20,1189.74,71.4,1261.14,Issued,SampleGen
INV-bc3e543f-f272-4831-bd72-ce4a3b085377,ID202783,CID-158,bc3e543f-f272-4831-bd72-ce4a3b085377,2025-01-08,2025-02-07,983.84,59.04,1042.88,Issued,SampleGen
INV-64ec1101-5d4c-470b-bfc0-0530424b13c0,ID202784,CID-158,64ec1101-5d4c-470b-bfc0-0530424b13c0,2025-02-28,2025-03-30,4995.78,299.76,5295.54,Issued,SampleGen
INV-bcf5e3e7-7e28-489e-95fe-73cab156c99e,ID202785,CID-158,bcf5e3e7-7e28-489e-95fe-73cab156c99e,2025-03-16,2025-04-15,995.86,59.76,1055.62,Issued,SampleGen
INV-faf9a82f-55fc-4cb4-bb37-4c5e40ff3318,ID202786,CID-158,faf9a82f-55fc-4cb4-bb37-4c5e40ff3318,2025-04-04,2025-05-04,1299.9,78.0,1377.9,Issued,SampleGen
INV-17c02054-59ae-4249-baa6-30f26bb79a56,ID202787,CID-158,17c02054-59ae-4249-baa6-30f26bb79a56,2025-05-23,2025-06-22,1491.82,89.52,1581.34,Issued,SampleGen
INV-a0e57f7b-3cef-4cf6-be3a-5dc2e4063f70,ID202788,CID-158,a0e57f7b-3cef-4cf6-be3a-5dc2e4063f70,2025-06-20,2025-07-20,2607.9,156.48,2764.38,Issued,SampleGen
INV-202250b5-43ec-462b-b2a5-f49c9beb1943,ID202789,CID-158,202250b5-43ec-462b-b2a5-f49c9beb1943,2025-07-15,2025-08-14,749.88,45.0,794.88,Issued,SampleGen
INV-f3246134-5734-4b41-8751-d16f296c738a,ID202790,CID-158,f3246134-5734-4b41-8751-d16f296c738a,2025-08-09,2025-09-08,3219.8,193.2,3413.0,Issued,SampleGen
INV-db43788f-4eaa-4e1d-b269-f728572c9a39,ID202791,CID-158,db43788f-4eaa-4e1d-b269-f728572c9a39,2025-09-02,2025-10-02,1355.82,81.36,1437.18,Issued,SampleGen
INV-969461e3-2c44-4026-a6b8-af221478dd5b,ID202792,CID-158,969461e3-2c44-4026-a6b8-af221478dd5b,2025-09-12,2025-10-12,989.82,59.4,1049.22,Issued,SampleGen
INV-226a8b86-8fe3-4616-9b3d-8c5f858d6673,ID202793,CID-158,226a8b86-8fe3-4616-9b3d-8c5f858d6673,2025-10-15,2025-11-14,1531.76,91.92,1623.68,Issued,SampleGen
INV-6d9c0e87-cdb3-4249-9f45-24269d217d70,ID202794,CID-158,6d9c0e87-cdb3-4249-9f45-24269d217d70,2025-10-30,2025-11-29,333.9,20.04,353.94,Issued,SampleGen
INV-32000195-ec35-40db-a79b-02e0003440dd,ID202795,CID-158,32000195-ec35-40db-a79b-02e0003440dd,2025-11-15,2025-12-15,1663.84,99.84,1763.68,Issued,SampleGen
INV-319669bf-b7a3-4e49-ae80-998b30f8ae01,ID202796,CID-158,319669bf-b7a3-4e49-ae80-998b30f8ae01,2025-11-06,2025-12-06,1151.84,69.12,1220.96,Issued,SampleGen
INV-b47f54a3-c2e6-4dbc-880c-a05ffb2b5013,ID202797,CID-158,b47f54a3-c2e6-4dbc-880c-a05ffb2b5013,2025-12-16,2026-01-15,815.88,48.96,864.84,Issued,SampleGen
INV-ad973ad9-fedd-48d2-be26-f4ee9b8ebbec,ID202798,CID-158,ad973ad9-fedd-48d2-be26-f4ee9b8ebbec,2025-12-07,2026-01-06,3359.8,201.6,3561.4,Issued,SampleGen
INV-73690ff2-d54d-4558-9293-3f42d0c1f0e0,ID202799,CID-158,73690ff2-d54d-4558-9293-3f42d0c1f0e0,2026-02-01,2026-03-03,2295.76,137.76,2433.52,Issued,SampleGen
INV-e71182dc-60f1-4330-9699-4fbf7818200c,ID202800,CID-158,e71182dc-60f1-4330-9699-4fbf7818200c,2026-01-07,2026-02-06,3659.78,219.6,3879.38,Issued,SampleGen
INV-e5992dc7-b964-4ba6-a488-bac8bfcbfd90,ID202801,CID-158,e5992dc7-b964-4ba6-a488-bac8bfcbfd90,2026-02-22,2026-03-24,795.82,47.76,843.58,Issued,SampleGen
INV-d7b2abee-a6cf-4c71-9119-9a936cef6f63,ID202802,CID-158,d7b2abee-a6cf-4c71-9119-9a936cef6f63,2026-02-15,2026-03-17,2187.76,131.28,2319.04,Issued,SampleGen
INV-f525f40f-9765-4ec8-824f-2c9086726f69,ID202803,CID-158,f525f40f-9765-4ec8-824f-2c9086726f69,2026-03-03,2026-04-02,4457.84,267.48,4725.32,Issued,SampleGen
INV-a5fd4510-8235-4041-87fc-2e01608400b5,ID202804,CID-158,a5fd4510-8235-4041-87fc-2e01608400b5,2026-03-30,2026-04-29,707.86,42.48,750.34,Issued,SampleGen
INV-7059ffad-81dc-42ed-8cf2-a5fd4cf4d985,ID202805,CID-158,7059ffad-81dc-42ed-8cf2-a5fd4cf4d985,2026-04-12,2026-05-12,397.86,23.88,421.74,Issued,SampleGen
INV-14affc44-48b1-448a-bf54-170662cb5876,ID202806,CID-158,14affc44-48b1-448a-bf54-170662cb5876,2026-04-15,2026-05-15,5085.74,305.16,5390.9,Issued,SampleGen
INV-bc64b5c4-c639-4d3d-a379-bc08a5565594,ID202807,CID-159,bc64b5c4-c639-4d3d-a379-bc08a5565594,2025-01-14,2025-02-13,703.88,42.24,746.12,Issued,SampleGen
INV-8f51669e-3454-48de-b6bc-554b79d67577,ID202808,CID-159,8f51669e-3454-48de-b6bc-554b79d67577,2025-02-02,2025-03-04,4661.74,279.72,4941.46,Issued,SampleGen
INV-0164dad1-795d-4dac-9cd7-f2ea1ac70e93,ID202809,CID-159,0164dad1-795d-4dac-9cd7-f2ea1ac70e93,2025-02-12,2025-03-14,991.88,59.52,1051.4,Issued,SampleGen
INV-41746934-d736-4b63-a36d-5d89b5480b8c,ID202810,CID-159,41746934-d736-4b63-a36d-5d89b5480b8c,2025-04-01,2025-05-01,2897.74,173.88,3071.62,Issued,SampleGen
INV-f6d5ad5e-4924-452b-a817-a7c9b00c395a,ID202811,CID-159,f6d5ad5e-4924-452b-a817-a7c9b00c395a,2025-03-08,2025-04-07,1035.9,62.16,1098.06,Issued,SampleGen
INV-d284db89-1353-4944-bf16-03660b6b3f07,ID202812,CID-159,d284db89-1353-4944-bf16-03660b6b3f07,2025-04-11,2025-05-11,635.9,38.16,674.06,Issued,SampleGen
INV-070ec7b6-53f4-419c-b064-bb05c1cada04,ID202813,CID-159,070ec7b6-53f4-419c-b064-bb05c1cada04,2025-05-31,2025-06-30,2077.82,124.68,2202.5,Issued,SampleGen
INV-cdb2daa2-41ad-4eb3-a0b4-378b536b7238,ID202814,CID-159,cdb2daa2-41ad-4eb3-a0b4-378b536b7238,2025-05-08,2025-06-07,2445.8,146.76,2592.56,Issued,SampleGen
INV-72e25d8e-570d-437f-8f1b-6da8f1d8fcfb,ID202815,CID-159,72e25d8e-570d-437f-8f1b-6da8f1d8fcfb,2025-06-07,2025-07-07,1495.78,89.76,1585.54,Issued,SampleGen
INV-07167726-6cc7-4c3c-afae-2357f7893c92,ID202816,CID-159,07167726-6cc7-4c3c-afae-2357f7893c92,2025-06-21,2025-07-21,1295.84,77.76,1373.6,Issued,SampleGen
INV-c2a10abd-b0df-40e3-8c77-9c47b14b694a,ID202817,CID-159,c2a10abd-b0df-40e3-8c77-9c47b14b694a,2025-07-22,2025-08-21,3179.82,190.8,3370.62,Issued,SampleGen
INV-cb2ebfeb-20c7-43e4-9241-03dfe6c600c5,ID202818,CID-159,cb2ebfeb-20c7-43e4-9241-03dfe6c600c5,2025-07-06,2025-08-05,949.9,57.0,1006.9,Issued,SampleGen
INV-e9d4bcbd-6218-4f7b-889a-c634d76beb9b,ID202819,CID-159,e9d4bcbd-6218-4f7b-889a-c634d76beb9b,2025-08-18,2025-09-17,1031.92,61.92,1093.84,Issued,SampleGen
INV-a5818c5d-4e78-4518-9c2c-1b4957171ce8,ID202820,CID-159,a5818c5d-4e78-4518-9c2c-1b4957171ce8,2025-08-02,2025-09-01,1679.84,100.8,1780.64,Issued,SampleGen
INV-2741317e-66f5-4bbd-a15a-51d87f02fbfc,ID202821,CID-159,2741317e-66f5-4bbd-a15a-51d87f02fbfc,2025-09-19,2025-10-19,2913.84,174.84,3088.68,Issued,SampleGen
INV-af52f9fd-1bf2-4bcd-8ed8-058661147cba,ID202822,CID-159,af52f9fd-1bf2-4bcd-8ed8-058661147cba,2025-09-20,2025-10-20,517.86,31.08,548.94,Issued,SampleGen
INV-27745a6b-4b8a-40d6-9a97-5dad49aafd9d,ID202823,CID-159,27745a6b-4b8a-40d6-9a97-5dad49aafd9d,2025-10-12,2025-11-11,511.84,30.72,542.56,Issued,SampleGen
INV-bf905690-bf88-4939-bebb-2c4539a3bba4,ID202824,CID-159,bf905690-bf88-4939-bebb-2c4539a3bba4,2025-10-29,2025-11-28,3075.74,184.56,3260.3,Issued,SampleGen
INV-016c6157-05da-411a-81b9-a3da90cc6122,ID202825,CID-159,016c6157-05da-411a-81b9-a3da90cc6122,2025-10-26,2025-11-25,1573.78,94.44,1668.22,Issued,SampleGen
INV-1a626909-78fd-4f39-82ff-463ffb032fab,ID202826,CID-159,1a626909-78fd-4f39-82ff-463ffb032fab,2025-11-10,2025-12-10,459.9,27.6,487.5,Issued,SampleGen
INV-006e662e-717f-4cb0-9998-1ff44e6469aa,ID202827,CID-159,006e662e-717f-4cb0-9998-1ff44e6469aa,2025-11-14,2025-12-14,495.84,29.76,525.6,Issued,SampleGen
INV-fbc4e555-76f8-4824-9a24-f3e08ed255bb,ID202828,CID-159,fbc4e555-76f8-4824-9a24-f3e08ed255bb,2025-11-02,2025-12-02,999.9,60.0,1059.9,Issued,SampleGen
INV-0445205c-68ef-4664-acdf-639f6c36ebfd,ID202829,CID-159,0445205c-68ef-4664-acdf-639f6c36ebfd,2025-12-25,2026-01-24,859.92,51.6,911.52,Issued,SampleGen
INV-ec02fef0-0cdb-4da1-8617-5229f2636020,ID202830,CID-159,ec02fef0-0cdb-4da1-8617-5229f2636020,2025-12-20,2026-01-19,3275.86,196.56,3472.42,Issued,SampleGen
INV-ea312038-2eb7-4105-997c-bb4a887e1029,ID202831,CID-159,ea312038-2eb7-4105-997c-bb4a887e1029,2025-12-07,2026-01-06,3643.78,218.64,3862.42,Issued,SampleGen
INV-cccc5c89-26a7-4daf-a4d0-92f0c438b6a7,ID202832,CID-159,cccc5c89-26a7-4daf-a4d0-92f0c438b6a7,2026-01-24,2026-02-23,871.78,52.32,924.1,Issued,SampleGen
INV-dd0bebad-c07f-4e8c-977a-5553c39b3248,ID202833,CID-159,dd0bebad-c07f-4e8c-977a-5553c39b3248,2026-01-20,2026-02-19,1039.84,62.4,1102.24,Issued,SampleGen
INV-5d481b52-f6d4-440c-8a2d-310046a9d48a,ID202834,CID-159,5d481b52-f6d4-440c-8a2d-310046a9d48a,2026-01-05,2026-02-04,5111.88,306.72,5418.6,Issued,SampleGen
INV-eac5c563-ebbf-4b4e-b50a-b6d07ee10984,ID202835,CID-159,eac5c563-ebbf-4b4e-b50a-b6d07ee10984,2026-02-04,2026-03-06,495.84,29.76,525.6,Issued,SampleGen
INV-d71dec41-8923-4c05-8898-d31fb9c9c080,ID202836,CID-159,d71dec41-8923-4c05-8898-d31fb9c9c080,2026-02-23,2026-03-25,397.8,23.88,421.68,Issued,SampleGen
INV-82de5f8d-56c3-4a6a-8422-f0c4803599a9,ID202837,CID-159,82de5f8d-56c3-4a6a-8422-f0c4803599a9,2026-02-08,2026-03-10,2935.8,176.16,3111.96,Issued,SampleGen
INV-46196bd1-5389-48b3-8748-3912f8c22a9e,ID202838,CID-159,46196bd1-5389-48b3-8748-3912f8c22a9e,2026-03-20,2026-04-19,1007.8,60.48,1068.28,Issued,SampleGen
INV-0c930169-9147-40ef-af18-22db9794e05f,ID202839,CID-159,0c930169-9147-40ef-af18-22db9794e05f,2026-03-05,2026-04-04,1431.86,85.92,1517.78,Issued,SampleGen
INV-2f3ffd00-b595-4a2f-995e-d639c208e7f3,ID202840,CID-159,2f3ffd00-b595-4a2f-995e-d639c208e7f3,2026-03-25,2026-04-24,727.88,43.68,771.56,Issued,SampleGen
INV-2ca9c6dc-599d-47ff-98fd-cc80d681cfb9,ID202841,CID-159,2ca9c6dc-599d-47ff-98fd-cc80d681cfb9,2026-03-18,2026-04-17,1759.86,105.6,1865.46,Issued,SampleGen
INV-c38343fd-a41c-4184-b08b-613073a9b6ec,ID202842,CID-159,c38343fd-a41c-4184-b08b-613073a9b6ec,2026-04-04,2026-05-04,2379.84,142.8,2522.64,Issued,SampleGen
INV-84ff8ca2-de37-433d-aa76-1b17bcbab008,ID202843,CID-159,84ff8ca2-de37-433d-aa76-1b17bcbab008,2026-04-07,2026-05-07,3371.82,202.32,3574.14,Issued,SampleGen
INV-2b844993-c071-4c0f-9a0a-24bd44243bfe,ID202844,CID-159,2b844993-c071-4c0f-9a0a-24bd44243bfe,2026-04-09,2026-05-09,557.88,33.48,591.36,Issued,SampleGen
INV-4e62c1ee-9078-46f2-9a7e-58d096a6caec,ID202845,CID-159,4e62c1ee-9078-46f2-9a7e-58d096a6caec,2026-04-03,2026-05-03,4659.8,279.6,4939.4,Issued,SampleGen
INV-3f2aeb2c-7432-4304-b15b-612933e2b3e7,ID202846,CID-160,3f2aeb2c-7432-4304-b15b-612933e2b3e7,2025-01-27,2025-02-26,1319.8,79.2,1399.0,Issued,SampleGen
INV-8d6a9c85-28a0-4036-99f2-077250435aca,ID202847,CID-160,8d6a9c85-28a0-4036-99f2-077250435aca,2025-02-18,2025-03-20,4147.76,248.88,4396.64,Issued,SampleGen
INV-fdfa302a-7158-414a-b811-c03d375ff9ad,ID202848,CID-160,fdfa302a-7158-414a-b811-c03d375ff9ad,2025-03-16,2025-04-15,301.8,18.12,319.92,Issued,SampleGen
INV-6a133143-71f3-45fc-914b-ea7bde6214e4,ID202849,CID-160,6a133143-71f3-45fc-914b-ea7bde6214e4,2025-04-02,2025-05-02,843.84,50.64,894.48,Issued,SampleGen
INV-c7811e8a-65eb-4f6e-9213-c1c54e064ce4,ID202850,CID-160,c7811e8a-65eb-4f6e-9213-c1c54e064ce4,2025-05-06,2025-06-05,1299.76,78.0,1377.76,Issued,SampleGen
INV-311bcdee-c495-460c-84de-32c25738b560,ID202851,CID-160,311bcdee-c495-460c-84de-32c25738b560,2025-05-26,2025-06-25,1051.8,63.12,1114.92,Issued,SampleGen
INV-66553c9f-b0e4-406e-9a15-4499279bd59e,ID202852,CID-160,66553c9f-b0e4-406e-9a15-4499279bd59e,2025-06-03,2025-07-03,703.8,42.24,746.04,Issued,SampleGen
INV-afc4f7fc-68a2-4215-be1e-8f975de205d4,ID202853,CID-160,afc4f7fc-68a2-4215-be1e-8f975de205d4,2025-07-24,2025-08-23,2253.76,135.24,2389.0,Issued,SampleGen
INV-d7d3b4ed-0f4b-4948-9164-61d5881fc82f,ID202854,CID-160,d7d3b4ed-0f4b-4948-9164-61d5881fc82f,2025-07-26,2025-08-25,5227.84,313.68,5541.52,Issued,SampleGen
INV-aa9d293b-0eb5-48ba-9428-82cb9b0fd9d8,ID202855,CID-160,aa9d293b-0eb5-48ba-9428-82cb9b0fd9d8,2025-08-07,2025-09-06,215.92,12.96,228.88,Issued,SampleGen
INV-188425f0-3190-4719-9016-d5a7f7039e33,ID202856,CID-160,188425f0-3190-4719-9016-d5a7f7039e33,2025-08-05,2025-09-04,623.82,37.44,661.26,Issued,SampleGen
INV-16f2e274-db9a-4ce8-b017-a80b5e97d923,ID202857,CID-160,16f2e274-db9a-4ce8-b017-a80b5e97d923,2025-09-13,2025-10-13,1563.76,93.84,1657.6,Issued,SampleGen
INV-fc160cb9-6916-47ca-8d0a-0d339bbfff2e,ID202858,CID-160,fc160cb9-6916-47ca-8d0a-0d339bbfff2e,2025-10-07,2025-11-06,1167.74,70.08,1237.82,Issued,SampleGen
INV-7a90dc64-13e8-4024-b39f-2e7583274991,ID202859,CID-160,7a90dc64-13e8-4024-b39f-2e7583274991,2025-10-23,2025-11-22,559.86,33.6,593.46,Issued,SampleGen
INV-79fae57b-446b-4198-82df-c84d452279f4,ID202860,CID-160,79fae57b-446b-4198-82df-c84d452279f4,2025-11-06,2025-12-06,1773.86,106.44,1880.3,Issued,SampleGen
INV-f16951c5-e866-4674-9612-c168a48ad50f,ID202861,CID-160,f16951c5-e866-4674-9612-c168a48ad50f,2025-11-15,2025-12-15,1623.82,97.44,1721.26,Issued,SampleGen
INV-e929d833-8da3-42c3-9a49-0f32123d012e,ID202862,CID-160,e929d833-8da3-42c3-9a49-0f32123d012e,2025-12-17,2026-01-16,1651.78,99.12,1750.9,Issued,SampleGen
INV-ca1fe0a5-707e-4f2d-8d97-2a0865d98124,ID202863,CID-160,ca1fe0a5-707e-4f2d-8d97-2a0865d98124,2025-12-14,2026-01-13,10039.72,602.4,10642.12,Issued,SampleGen
INV-a23dc5b8-173a-459f-81c0-a5d915d5936a,ID202864,CID-160,a23dc5b8-173a-459f-81c0-a5d915d5936a,2026-01-10,2026-02-09,1621.84,97.32,1719.16,Issued,SampleGen
INV-a8ebe9e9-c27f-463a-adf2-0987c103f27f,ID202865,CID-160,a8ebe9e9-c27f-463a-adf2-0987c103f27f,2026-01-13,2026-02-12,1271.9,76.32,1348.22,Issued,SampleGen
INV-097ef0a0-51af-4ca4-85ce-15b3b4552070,ID202866,CID-160,097ef0a0-51af-4ca4-85ce-15b3b4552070,2026-02-10,2026-03-12,4631.78,277.92,4909.7,Issued,SampleGen
INV-0ebcb3ad-3a11-4b3d-8e76-1bd3ccb5e518,ID202867,CID-160,0ebcb3ad-3a11-4b3d-8e76-1bd3ccb5e518,2026-02-05,2026-03-07,5467.78,328.08,5795.86,Issued,SampleGen
INV-39a07fd8-9dbf-41de-b7f4-38f82ea51a59,ID202868,CID-160,39a07fd8-9dbf-41de-b7f4-38f82ea51a59,2026-03-26,2026-04-25,2823.76,169.44,2993.2,Issued,SampleGen
INV-a22f3347-833c-41ac-ab22-aecf5d954e71,ID202869,CID-160,a22f3347-833c-41ac-ab22-aecf5d954e71,2026-03-15,2026-04-14,2807.76,168.48,2976.24,Issued,SampleGen
INV-9e4ff5e2-cffe-4b8f-b794-6f3f4cc4c10a,ID202870,CID-160,9e4ff5e2-cffe-4b8f-b794-6f3f4cc4c10a,2026-04-21,2026-05-21,2179.78,130.8,2310.58,Issued,SampleGen
INV-2241fda6-3bce-498f-bab0-87d6e7b9ef0f,ID202871,CID-160,2241fda6-3bce-498f-bab0-87d6e7b9ef0f,2026-04-26,2026-05-26,3315.9,198.96,3514.86,Issued,SampleGen
INV-436eb48f-150a-4c33-9d96-ba3e72491a01,ID202872,CID-160,436eb48f-150a-4c33-9d96-ba3e72491a01,2026-04-05,2026-05-05,1541.74,92.52,1634.26,Issued,SampleGen
INV-85500d5e-f6d8-4d57-991b-c76d7708cb50,ID202873,CID-161,85500d5e-f6d8-4d57-991b-c76d7708cb50,2025-02-19,2025-03-21,2831.82,169.92,3001.74,Issued,SampleGen
INV-c99f0298-806f-4b6e-8bec-2bc54c70e5b8,ID202874,CID-161,c99f0298-806f-4b6e-8bec-2bc54c70e5b8,2025-03-19,2025-04-18,1787.78,107.28,1895.06,Issued,SampleGen
INV-8c0796f0-b94b-46d4-bddc-ab88741f5db5,ID202875,CID-161,8c0796f0-b94b-46d4-bddc-ab88741f5db5,2025-04-24,2025-05-24,2235.82,134.16,2369.98,Issued,SampleGen
INV-4ab5010c-69a1-4133-bf7a-c4b59a4322cb,ID202876,CID-161,4ab5010c-69a1-4133-bf7a-c4b59a4322cb,2025-06-09,2025-07-09,3881.8,232.92,4114.72,Issued,SampleGen
INV-be920fa8-0f0f-45e9-96d2-b8c8ad6c9de6,ID202877,CID-161,be920fa8-0f0f-45e9-96d2-b8c8ad6c9de6,2025-07-28,2025-08-27,3311.78,198.72,3510.5,Issued,SampleGen
INV-d309ea11-3915-425d-921f-5c99731073c1,ID202878,CID-161,d309ea11-3915-425d-921f-5c99731073c1,2025-08-11,2025-09-10,901.74,54.12,955.86,Issued,SampleGen
INV-944d3267-f200-439d-b0be-5d8708a916f3,ID202879,CID-161,944d3267-f200-439d-b0be-5d8708a916f3,2025-09-20,2025-10-20,1703.88,102.24,1806.12,Issued,SampleGen
INV-fcb73a2d-a49c-4af8-bf1b-3d3e6894afc6,ID202880,CID-161,fcb73a2d-a49c-4af8-bf1b-3d3e6894afc6,2025-09-08,2025-10-08,731.84,43.92,775.76,Issued,SampleGen
INV-4726d1f2-9808-4c34-b7a6-335a6e87f102,ID202881,CID-161,4726d1f2-9808-4c34-b7a6-335a6e87f102,2025-10-16,2025-11-15,3737.74,224.28,3962.02,Issued,SampleGen
INV-348b7a7a-414c-45ba-92fe-89b1581de464,ID202882,CID-161,348b7a7a-414c-45ba-92fe-89b1581de464,2025-11-26,2025-12-26,2235.82,134.16,2369.98,Issued,SampleGen
INV-a2cd96a2-77aa-4747-9a10-840831c41d18,ID202883,CID-161,a2cd96a2-77aa-4747-9a10-840831c41d18,2025-11-13,2025-12-13,1067.7,64.08,1131.78,Issued,SampleGen
INV-1a6a63ba-eadc-4e1d-b68d-ad003f35189c,ID202884,CID-161,1a6a63ba-eadc-4e1d-b68d-ad003f35189c,2025-12-25,2026-01-24,7283.72,437.04,7720.76,Issued,SampleGen
INV-1d4e1094-334e-4855-ac1b-b46c07e98216,ID202885,CID-161,1d4e1094-334e-4855-ac1b-b46c07e98216,2025-12-02,2026-01-01,2061.74,123.72,2185.46,Issued,SampleGen
INV-3b0a54df-d978-4102-9832-d811cf92eff9,ID202886,CID-161,3b0a54df-d978-4102-9832-d811cf92eff9,2026-01-30,2026-03-01,859.92,51.6,911.52,Issued,SampleGen
INV-c1c07254-72fd-48b2-b96d-a397ac8ae910,ID202887,CID-161,c1c07254-72fd-48b2-b96d-a397ac8ae910,2026-02-22,2026-03-24,767.86,46.08,813.94,Issued,SampleGen
INV-858f5ff0-9c95-40f1-a030-935ff1009875,ID202888,CID-161,858f5ff0-9c95-40f1-a030-935ff1009875,2026-03-19,2026-04-18,1167.88,70.08,1237.96,Issued,SampleGen
INV-4d178d02-6c1c-40ae-9bdb-676547c4bcaf,ID202889,CID-161,4d178d02-6c1c-40ae-9bdb-676547c4bcaf,2026-04-01,2026-05-01,1877.9,112.68,1990.58,Issued,SampleGen
INV-3255dfdf-abcf-4bf0-a17c-a628a27b40cd,ID202890,CID-161,3255dfdf-abcf-4bf0-a17c-a628a27b40cd,2026-04-04,2026-05-04,4827.74,289.68,5117.42,Issued,SampleGen
INV-44da5b43-02b1-464f-8da8-168ae5e2b84b,ID202891,CID-162,44da5b43-02b1-464f-8da8-168ae5e2b84b,2025-01-19,2025-02-18,3053.84,183.24,3237.08,Issued,SampleGen
INV-f372878e-4056-4b1d-97d8-4cb3d22e6681,ID202892,CID-162,f372878e-4056-4b1d-97d8-4cb3d22e6681,2025-08-05,2025-09-04,2399.74,144.0,2543.74,Issued,SampleGen
INV-cfd268bd-c750-43ac-9c88-a8a5c5412b69,ID202893,CID-162,cfd268bd-c750-43ac-9c88-a8a5c5412b69,2025-10-22,2025-11-21,2751.78,165.12,2916.9,Issued,SampleGen
INV-25c0b0e7-5ea0-4fa2-b0b5-ec512079dec4,ID202894,CID-162,25c0b0e7-5ea0-4fa2-b0b5-ec512079dec4,2025-11-11,2025-12-11,2975.78,178.56,3154.34,Issued,SampleGen
INV-2dd25995-2bc3-4f95-ab29-64d1af6ded48,ID202895,CID-162,2dd25995-2bc3-4f95-ab29-64d1af6ded48,2025-12-13,2026-01-12,1123.84,67.44,1191.28,Issued,SampleGen
INV-251860ea-00f8-4748-b04d-76d86b3a0af1,ID202896,CID-162,251860ea-00f8-4748-b04d-76d86b3a0af1,2026-02-21,2026-03-23,1693.86,101.64,1795.5,Issued,SampleGen
INV-e2839b4c-9b59-4080-9af1-84a75e10f25a,ID202897,CID-163,e2839b4c-9b59-4080-9af1-84a75e10f25a,2025-02-09,2025-03-11,3035.74,182.16,3217.9,Issued,SampleGen
INV-d7357401-216e-4817-a91a-5d17d191fed5,ID202898,CID-163,d7357401-216e-4817-a91a-5d17d191fed5,2025-03-09,2025-04-08,3141.8,188.52,3330.32,Issued,SampleGen
INV-9ee06ae1-36b8-4043-bdf3-c93ddfd54e18,ID202899,CID-163,9ee06ae1-36b8-4043-bdf3-c93ddfd54e18,2025-04-03,2025-05-03,225.9,13.56,239.46,Issued,SampleGen
INV-f26d17e6-bf17-45a3-aa7e-4654f3675582,ID202900,CID-163,f26d17e6-bf17-45a3-aa7e-4654f3675582,2025-05-14,2025-06-13,659.88,39.6,699.48,Issued,SampleGen
INV-af2b6735-6a46-411f-ab0e-895f107eae76,ID202901,CID-163,af2b6735-6a46-411f-ab0e-895f107eae76,2025-06-09,2025-07-09,503.86,30.24,534.1,Issued,SampleGen
INV-43e0e808-e71b-4302-87e4-30c316f08bbd,ID202902,CID-163,43e0e808-e71b-4302-87e4-30c316f08bbd,2025-07-17,2025-08-16,283.92,17.04,300.96,Issued,SampleGen
INV-2f0738d1-c8e7-4286-8c80-59ae2e59dfa0,ID202903,CID-163,2f0738d1-c8e7-4286-8c80-59ae2e59dfa0,2025-08-12,2025-09-11,911.84,54.72,966.56,Issued,SampleGen
INV-389c7bf7-fd7c-4912-9d18-421d6d67c6f3,ID202904,CID-163,389c7bf7-fd7c-4912-9d18-421d6d67c6f3,2025-08-02,2025-09-01,1855.8,111.36,1967.16,Issued,SampleGen
INV-9b099e45-49c2-4ddc-baac-556885069b36,ID202905,CID-163,9b099e45-49c2-4ddc-baac-556885069b36,2025-09-29,2025-10-29,3775.84,226.56,4002.4,Issued,SampleGen
INV-5f1ff0c6-bde6-44c6-9bf0-85cb28758b8c,ID202906,CID-163,5f1ff0c6-bde6-44c6-9bf0-85cb28758b8c,2025-10-08,2025-11-07,591.9,35.52,627.42,Issued,SampleGen
INV-89b3a7ac-5d5a-4c67-88f9-11af0f6448e6,ID202907,CID-163,89b3a7ac-5d5a-4c67-88f9-11af0f6448e6,2025-10-16,2025-11-15,3151.8,189.12,3340.92,Issued,SampleGen
INV-f13ae984-a303-4122-a0cf-939c71539e53,ID202908,CID-163,f13ae984-a303-4122-a0cf-939c71539e53,2025-11-18,2025-12-18,4621.7,277.32,4899.02,Issued,SampleGen
INV-b9e27e57-cd0c-4a92-bf2d-9ad66abf5538,ID202909,CID-163,b9e27e57-cd0c-4a92-bf2d-9ad66abf5538,2025-11-10,2025-12-10,1319.88,79.2,1399.08,Issued,SampleGen
INV-edab97d7-5198-4d79-a91c-369de44e7cfe,ID202910,CID-163,edab97d7-5198-4d79-a91c-369de44e7cfe,2025-12-29,2026-01-28,1117.86,67.08,1184.94,Issued,SampleGen
INV-213ef146-98b7-4c00-a19a-ff5194bd1fdf,ID202911,CID-163,213ef146-98b7-4c00-a19a-ff5194bd1fdf,2025-12-13,2026-01-12,4075.76,244.56,4320.32,Issued,SampleGen
INV-e8852342-4e3f-4515-887e-2715cf8be0b1,ID202912,CID-163,e8852342-4e3f-4515-887e-2715cf8be0b1,2026-01-20,2026-02-19,2183.86,131.04,2314.9,Issued,SampleGen
INV-c3a98d5a-bae0-43db-96b4-1b07fd8f77cf,ID202913,CID-163,c3a98d5a-bae0-43db-96b4-1b07fd8f77cf,2026-01-03,2026-02-02,379.88,22.8,402.68,Issued,SampleGen
INV-4f83b446-cb63-46c1-a567-52926d10b0a8,ID202914,CID-163,4f83b446-cb63-46c1-a567-52926d10b0a8,2026-02-19,2026-03-21,655.9,39.36,695.26,Issued,SampleGen
INV-b0429320-8338-435f-abb1-379861928008,ID202915,CID-163,b0429320-8338-435f-abb1-379861928008,2026-02-25,2026-03-27,543.92,32.64,576.56,Issued,SampleGen
INV-600ce730-e83f-4aaf-ad01-9f04d3ed8048,ID202916,CID-163,600ce730-e83f-4aaf-ad01-9f04d3ed8048,2026-03-25,2026-04-24,543.92,32.64,576.56,Issued,SampleGen
INV-ffe48152-d81d-416f-9281-326c03130f00,ID202917,CID-163,ffe48152-d81d-416f-9281-326c03130f00,2026-03-03,2026-04-02,2279.88,136.8,2416.68,Issued,SampleGen
INV-c17559fe-d7b7-48d1-a109-f1e6301cdd89,ID202918,CID-163,c17559fe-d7b7-48d1-a109-f1e6301cdd89,2026-03-08,2026-04-07,1083.86,65.04,1148.9,Issued,SampleGen
INV-90f32121-0740-4538-a07f-c63a5fdc792c,ID202919,CID-163,90f32121-0740-4538-a07f-c63a5fdc792c,2026-04-28,2026-05-28,757.84,45.48,803.32,Issued,SampleGen
INV-3c0f1ded-5152-4306-9e5c-d69c6e3f29b8,ID202920,CID-163,3c0f1ded-5152-4306-9e5c-d69c6e3f29b8,2026-04-14,2026-05-14,1843.92,110.64,1954.56,Issued,SampleGen
INV-5cbc5015-433e-4806-8d4b-6b4093705bd1,ID202921,CID-163,5cbc5015-433e-4806-8d4b-6b4093705bd1,2026-04-04,2026-05-04,907.86,54.48,962.34,Issued,SampleGen
INV-b522d67d-6bda-4f56-a0d7-23e1851825db,ID202922,CID-164,b522d67d-6bda-4f56-a0d7-23e1851825db,2025-08-24,2025-09-23,3047.78,182.88,3230.66,Issued,SampleGen
INV-16deee7d-fab6-4a5d-b544-15eb7539a788,ID202923,CID-164,16deee7d-fab6-4a5d-b544-15eb7539a788,2025-10-08,2025-11-07,1507.86,90.48,1598.34,Issued,SampleGen
INV-819ff7c7-3b33-4232-96ee-13afc099d9b6,ID202924,CID-164,819ff7c7-3b33-4232-96ee-13afc099d9b6,2025-11-06,2025-12-06,4385.74,263.16,4648.9,Issued,SampleGen
INV-aa67bc43-8998-4021-a47e-6c204e3e59fc,ID202925,CID-164,aa67bc43-8998-4021-a47e-6c204e3e59fc,2025-12-10,2026-01-09,1067.82,64.08,1131.9,Issued,SampleGen
INV-b9da57be-9496-415f-895b-1fceab5edc21,ID202926,CID-164,b9da57be-9496-415f-895b-1fceab5edc21,2026-01-26,2026-02-25,1131.84,67.92,1199.76,Issued,SampleGen
INV-65f59245-adc6-4107-8914-0bf0b82aa5dc,ID202927,CID-164,65f59245-adc6-4107-8914-0bf0b82aa5dc,2026-02-24,2026-03-26,5419.78,325.2,5744.98,Issued,SampleGen
INV-4f0b1b7a-038a-4741-a27b-4ee3043028db,ID202928,CID-164,4f0b1b7a-038a-4741-a27b-4ee3043028db,2026-03-03,2026-04-02,421.8,25.32,447.12,Issued,SampleGen
INV-87c4bec6-7945-414a-9017-8e34b860647e,ID202929,CID-164,87c4bec6-7945-414a-9017-8e34b860647e,2026-04-05,2026-05-05,741.86,44.52,786.38,Issued,SampleGen
INV-54e1a898-c338-45ba-b357-d0f908993cd4,ID202930,CID-165,54e1a898-c338-45ba-b357-d0f908993cd4,2025-06-01,2025-07-01,1303.88,78.24,1382.12,Issued,SampleGen
INV-7bc1a24a-4f5d-4484-9322-dd97fde9029b,ID202931,CID-165,7bc1a24a-4f5d-4484-9322-dd97fde9029b,2025-06-09,2025-07-09,5383.84,323.04,5706.88,Issued,SampleGen
INV-cee2a49f-24ba-4a9d-9c15-381268ede429,ID202932,CID-165,cee2a49f-24ba-4a9d-9c15-381268ede429,2025-09-13,2025-10-13,1433.74,86.04,1519.78,Issued,SampleGen
INV-4a6787c8-2955-458e-a7f2-f7db888f523e,ID202933,CID-165,4a6787c8-2955-458e-a7f2-f7db888f523e,2025-11-15,2025-12-15,3099.86,186.0,3285.86,Issued,SampleGen
INV-8d894f93-5809-4052-a3b6-76bb239374b8,ID202934,CID-165,8d894f93-5809-4052-a3b6-76bb239374b8,2025-12-13,2026-01-12,871.78,52.32,924.1,Issued,SampleGen
INV-5759682d-e905-42d2-b802-6867667d8b2c,ID202935,CID-165,5759682d-e905-42d2-b802-6867667d8b2c,2026-01-23,2026-02-22,5111.8,306.72,5418.52,Issued,SampleGen
INV-d8a7da3c-4a65-4565-9b2b-32501f15bcaa,ID202936,CID-165,d8a7da3c-4a65-4565-9b2b-32501f15bcaa,2026-03-20,2026-04-19,1623.8,97.44,1721.24,Issued,SampleGen
INV-f6b5b454-9294-433f-a932-d32c5f86d5cf,ID202937,CID-166,f6b5b454-9294-433f-a932-d32c5f86d5cf,2025-01-22,2025-02-21,497.86,29.88,527.74,Issued,SampleGen
INV-2527d58c-1a5a-4f25-854f-3a5666378aa9,ID202938,CID-166,2527d58c-1a5a-4f25-854f-3a5666378aa9,2025-02-03,2025-03-05,3761.8,225.72,3987.52,Issued,SampleGen
INV-99ec791f-4429-45f6-a92b-aa96f2252f9f,ID202939,CID-166,99ec791f-4429-45f6-a92b-aa96f2252f9f,2025-02-11,2025-03-13,2635.9,158.16,2794.06,Issued,SampleGen
INV-9098ce17-56c9-4c10-867b-e82dc51d014f,ID202940,CID-166,9098ce17-56c9-4c10-867b-e82dc51d014f,2025-03-30,2025-04-29,343.92,20.64,364.56,Issued,SampleGen
INV-5be427c2-a8e1-475b-9dec-cdbcfda449a6,ID202941,CID-166,5be427c2-a8e1-475b-9dec-cdbcfda449a6,2025-03-15,2025-04-14,5291.74,317.52,5609.26,Issued,SampleGen
INV-1560b3a6-cff7-435b-a2b1-22c0773ec704,ID202942,CID-166,1560b3a6-cff7-435b-a2b1-22c0773ec704,2025-04-29,2025-05-29,591.9,35.52,627.42,Issued,SampleGen
INV-0e30ae42-39df-4bb4-8aed-b2bc9b6b9a79,ID202943,CID-166,0e30ae42-39df-4bb4-8aed-b2bc9b6b9a79,2025-04-13,2025-05-13,683.88,41.04,724.92,Issued,SampleGen
INV-feff109a-209d-4144-bcb7-f4b1ffd4198c,ID202944,CID-166,feff109a-209d-4144-bcb7-f4b1ffd4198c,2025-04-23,2025-05-23,1119.92,67.2,1187.12,Issued,SampleGen
INV-44ed25e1-10c4-46bb-aced-702ba9da81d5,ID202945,CID-166,44ed25e1-10c4-46bb-aced-702ba9da81d5,2025-05-18,2025-06-17,411.92,24.72,436.64,Issued,SampleGen
INV-02e36056-a133-412c-9074-00bea298714d,ID202946,CID-166,02e36056-a133-412c-9074-00bea298714d,2025-05-08,2025-06-07,2817.76,169.08,2986.84,Issued,SampleGen
INV-9b1b480b-d816-4218-a0cf-f673e3f75aa4,ID202947,CID-166,9b1b480b-d816-4218-a0cf-f673e3f75aa4,2025-05-09,2025-06-08,1145.76,68.76,1214.52,Issued,SampleGen
INV-70c222eb-13c6-4188-aed2-05aede73c10e,ID202948,CID-166,70c222eb-13c6-4188-aed2-05aede73c10e,2025-06-12,2025-07-12,3507.88,210.48,3718.36,Issued,SampleGen
INV-087b3cd7-764e-44cc-94ca-5f49a3e9fda3,ID202949,CID-166,087b3cd7-764e-44cc-94ca-5f49a3e9fda3,2025-06-16,2025-07-16,2993.84,179.64,3173.48,Issued,SampleGen
INV-5528faa2-aa2b-4857-ad27-2112960fc2c6,ID202950,CID-166,5528faa2-aa2b-4857-ad27-2112960fc2c6,2025-06-25,2025-07-25,879.84,52.8,932.64,Issued,SampleGen
INV-a33c352a-fc11-4eb8-b14a-3c0c8344d77d,ID202951,CID-166,a33c352a-fc11-4eb8-b14a-3c0c8344d77d,2025-07-22,2025-08-21,2555.84,153.36,2709.2,Issued,SampleGen
INV-533196e0-18fc-4efe-b7ed-d76b072cfeba,ID202952,CID-166,533196e0-18fc-4efe-b7ed-d76b072cfeba,2025-07-21,2025-08-20,871.82,52.32,924.14,Issued,SampleGen
INV-d1f76fcc-fcc0-41ec-8513-127f271b2f5d,ID202953,CID-166,d1f76fcc-fcc0-41ec-8513-127f271b2f5d,2025-07-10,2025-08-09,815.82,48.96,864.78,Issued,SampleGen
INV-f5cface1-235f-4001-97d0-2c9029033c7f,ID202954,CID-166,f5cface1-235f-4001-97d0-2c9029033c7f,2025-07-09,2025-08-08,261.9,15.72,277.62,Issued,SampleGen
INV-cd6aae82-61da-4afe-85b8-ad618947cb67,ID202955,CID-166,cd6aae82-61da-4afe-85b8-ad618947cb67,2025-08-23,2025-09-22,1443.82,86.64,1530.46,Issued,SampleGen
INV-1741f137-4ee4-4550-8d91-e39f2c3292b2,ID202956,CID-166,1741f137-4ee4-4550-8d91-e39f2c3292b2,2025-08-20,2025-09-19,1611.82,96.72,1708.54,Issued,SampleGen
INV-3c603f85-9709-485d-b92f-f2d1d95c2f4d,ID202957,CID-166,3c603f85-9709-485d-b92f-f2d1d95c2f4d,2025-08-07,2025-09-06,263.84,15.84,279.68,Issued,SampleGen
INV-fed2a6fc-4212-4661-9a4c-7b742a8268d6,ID202958,CID-166,fed2a6fc-4212-4661-9a4c-7b742a8268d6,2025-08-17,2025-09-16,2875.86,172.56,3048.42,Issued,SampleGen
INV-b9134dd4-8cd9-4d8e-9719-8a2549ceff48,ID202959,CID-166,b9134dd4-8cd9-4d8e-9719-8a2549ceff48,2025-09-24,2025-10-24,3711.74,222.72,3934.46,Issued,SampleGen
INV-31599b70-c2ab-4014-8cc1-2458b02e2e8f,ID202960,CID-166,31599b70-c2ab-4014-8cc1-2458b02e2e8f,2025-09-12,2025-10-12,3527.86,211.68,3739.54,Issued,SampleGen
INV-49d494fe-e456-47da-8aa8-3fb13b068d48,ID202961,CID-166,49d494fe-e456-47da-8aa8-3fb13b068d48,2025-09-26,2025-10-26,4685.8,281.16,4966.96,Issued,SampleGen
INV-77178526-f0e2-4e4d-918f-be7e83221b8a,ID202962,CID-166,77178526-f0e2-4e4d-918f-be7e83221b8a,2025-09-20,2025-10-20,1567.86,94.08,1661.94,Issued,SampleGen
INV-61dff284-eae8-4c3d-bc56-db96ba0d1708,ID202963,CID-166,61dff284-eae8-4c3d-bc56-db96ba0d1708,2025-10-25,2025-11-24,215.92,12.96,228.88,Issued,SampleGen
INV-eeaac08a-17d9-4e5e-91a2-440cab42b5f4,ID202964,CID-166,eeaac08a-17d9-4e5e-91a2-440cab42b5f4,2025-10-24,2025-11-23,727.88,43.68,771.56,Issued,SampleGen
INV-6a737073-1503-44f3-92ae-c3bb9d2a8f39,ID202965,CID-166,6a737073-1503-44f3-92ae-c3bb9d2a8f39,2025-10-08,2025-11-07,1311.84,78.72,1390.56,Issued,SampleGen
INV-7d6b76d9-a16b-44d7-8953-0f540c3061b2,ID202966,CID-166,7d6b76d9-a16b-44d7-8953-0f540c3061b2,2025-10-16,2025-11-15,953.82,57.24,1011.06,Issued,SampleGen
INV-fa5ad5f4-917c-45c6-8bec-f11983bd28bf,ID202967,CID-166,fa5ad5f4-917c-45c6-8bec-f11983bd28bf,2025-11-13,2025-12-13,999.9,60.0,1059.9,Issued,SampleGen
INV-82e02f1c-9eae-4d86-b51e-b7df364150e2,ID202968,CID-166,82e02f1c-9eae-4d86-b51e-b7df364150e2,2025-11-16,2025-12-16,5195.78,311.76,5507.54,Issued,SampleGen
INV-af862bd4-ae9a-45f9-ab58-4eec636dce06,ID202969,CID-166,af862bd4-ae9a-45f9-ab58-4eec636dce06,2025-11-03,2025-12-03,2059.86,123.6,2183.46,Issued,SampleGen
INV-2caf0af9-8178-4c90-a65a-79d5055db22b,ID202970,CID-166,2caf0af9-8178-4c90-a65a-79d5055db22b,2025-11-20,2025-12-20,5101.78,306.12,5407.9,Issued,SampleGen
INV-842c150a-e28e-4f9a-8e2c-5cf0ebcc456c,ID202971,CID-166,842c150a-e28e-4f9a-8e2c-5cf0ebcc456c,2025-11-22,2025-12-22,3499.8,210.0,3709.8,Issued,SampleGen
INV-13c8009c-a59e-4ac9-bffd-6b292fa2cd1d,ID202972,CID-166,13c8009c-a59e-4ac9-bffd-6b292fa2cd1d,2025-12-31,2026-01-30,7333.7,440.04,7773.74,Issued,SampleGen
INV-184e331a-fed0-4253-ad8d-094483f03398,ID202973,CID-166,184e331a-fed0-4253-ad8d-094483f03398,2025-12-08,2026-01-07,737.88,44.28,782.16,Issued,SampleGen
INV-454fecca-b898-43b8-b8ca-cf1e1d4d619c,ID202974,CID-166,454fecca-b898-43b8-b8ca-cf1e1d4d619c,2025-12-03,2026-01-02,447.88,26.88,474.76,Issued,SampleGen
INV-6ebd4c36-321c-49c9-8389-7e03df0f5e39,ID202975,CID-166,6ebd4c36-321c-49c9-8389-7e03df0f5e39,2025-12-11,2026-01-10,4319.76,259.2,4578.96,Issued,SampleGen
INV-a67f39a8-443d-4845-a27b-1bd9a4eaeb47,ID202976,CID-166,a67f39a8-443d-4845-a27b-1bd9a4eaeb47,2025-12-04,2026-01-03,1431.86,85.92,1517.78,Issued,SampleGen
INV-f9c4e674-7bda-42ec-8425-c9bdf75a1673,ID202977,CID-166,f9c4e674-7bda-42ec-8425-c9bdf75a1673,2026-01-17,2026-02-16,2659.86,159.6,2819.46,Issued,SampleGen
INV-e1290baf-f544-476b-8486-fd00e1ab8f90,ID202978,CID-166,e1290baf-f544-476b-8486-fd00e1ab8f90,2026-01-17,2026-02-16,793.74,47.64,841.38,Issued,SampleGen
INV-dd1373cb-0261-48f1-981d-032e01244176,ID202979,CID-166,dd1373cb-0261-48f1-981d-032e01244176,2026-01-21,2026-02-20,413.88,24.84,438.72,Issued,SampleGen
INV-314503e7-1406-49c8-a9d6-0a07c4dd0d54,ID202980,CID-166,314503e7-1406-49c8-a9d6-0a07c4dd0d54,2026-01-23,2026-02-22,5335.78,320.16,5655.94,Issued,SampleGen
INV-ada8754f-b21e-41f5-b4bd-60d2e4fd00fc,ID202981,CID-166,ada8754f-b21e-41f5-b4bd-60d2e4fd00fc,2026-01-05,2026-02-04,3775.84,226.56,4002.4,Issued,SampleGen
INV-3cc3926b-fea4-4bce-8615-560b9c291bb6,ID202982,CID-166,3cc3926b-fea4-4bce-8615-560b9c291bb6,2026-01-25,2026-02-24,2543.74,152.64,2696.38,Issued,SampleGen
INV-2b9aaa38-6be7-4692-a8bb-98d545f54f79,ID202983,CID-166,2b9aaa38-6be7-4692-a8bb-98d545f54f79,2026-02-10,2026-03-12,811.9,48.72,860.62,Issued,SampleGen
INV-0926a8bf-d03a-4263-83d3-a05c685232ab,ID202984,CID-166,0926a8bf-d03a-4263-83d3-a05c685232ab,2026-02-16,2026-03-18,1755.92,105.36,1861.28,Issued,SampleGen
INV-f39abcce-1d1e-4949-86f1-f006979a9f38,ID202985,CID-166,f39abcce-1d1e-4949-86f1-f006979a9f38,2026-02-25,2026-03-27,2027.78,121.68,2149.46,Issued,SampleGen
INV-27499c82-f443-49d4-974e-9342716c6461,ID202986,CID-166,27499c82-f443-49d4-974e-9342716c6461,2026-02-23,2026-03-25,4835.82,290.16,5125.98,Issued,SampleGen
INV-a7e5007d-3b50-45ff-b8fa-9c228deb6f1b,ID202987,CID-166,a7e5007d-3b50-45ff-b8fa-9c228deb6f1b,2026-02-23,2026-03-25,1955.82,117.36,2073.18,Issued,SampleGen
INV-de241665-0e51-4f14-87a5-1b3608e5c9ed,ID202988,CID-166,de241665-0e51-4f14-87a5-1b3608e5c9ed,2026-02-20,2026-03-22,2263.82,135.84,2399.66,Issued,SampleGen
INV-ff8bd0c9-c09b-4c55-acf3-2693e04236db,ID202989,CID-166,ff8bd0c9-c09b-4c55-acf3-2693e04236db,2026-03-02,2026-04-01,1623.8,97.44,1721.24,Issued,SampleGen
INV-f36bb995-f16f-4ece-aaa3-7cb35ffb3673,ID202990,CID-166,f36bb995-f16f-4ece-aaa3-7cb35ffb3673,2026-03-16,2026-04-15,4567.72,274.08,4841.8,Issued,SampleGen
INV-f5441bea-59c2-469a-8a27-ac9e926c53d9,ID202991,CID-166,f5441bea-59c2-469a-8a27-ac9e926c53d9,2026-03-25,2026-04-24,1023.88,61.44,1085.32,Issued,SampleGen
INV-df029fab-567f-4045-b5a5-fd91920927c5,ID202992,CID-166,df029fab-567f-4045-b5a5-fd91920927c5,2026-03-24,2026-04-23,545.84,32.76,578.6,Issued,SampleGen
INV-310c505c-10a2-4f51-9fd4-d752f66728b1,ID202993,CID-166,310c505c-10a2-4f51-9fd4-d752f66728b1,2026-03-21,2026-04-20,805.8,48.36,854.16,Issued,SampleGen
INV-1c4306d6-dafe-4873-b3e5-b076bb4accac,ID202994,CID-166,1c4306d6-dafe-4873-b3e5-b076bb4accac,2026-03-24,2026-04-23,1497.84,89.88,1587.72,Issued,SampleGen
INV-a18e8688-c701-4161-a4a0-18a49cafe1a1,ID202995,CID-166,a18e8688-c701-4161-a4a0-18a49cafe1a1,2026-04-08,2026-05-08,711.8,42.72,754.52,Issued,SampleGen
INV-740ff11c-dc57-4a6c-9ef3-268f9f1b2fd7,ID202996,CID-166,740ff11c-dc57-4a6c-9ef3-268f9f1b2fd7,2026-04-16,2026-05-16,621.86,37.32,659.18,Issued,SampleGen
INV-86c5f40f-df2a-4a45-abfe-2c6cfe945c8c,ID202997,CID-166,86c5f40f-df2a-4a45-abfe-2c6cfe945c8c,2026-04-23,2026-05-23,2615.8,156.96,2772.76,Issued,SampleGen
INV-ea0162d6-f765-4399-bb9a-6a7cd2eeb7f4,ID202998,CID-166,ea0162d6-f765-4399-bb9a-6a7cd2eeb7f4,2026-04-11,2026-05-11,435.86,26.16,462.02,Issued,SampleGen
INV-a59e7d71-43b2-40d7-ac6d-5c826e1d8ff6,ID202999,CID-166,a59e7d71-43b2-40d7-ac6d-5c826e1d8ff6,2026-04-28,2026-05-28,4829.8,289.8,5119.6,Issued,SampleGen
INV-559f626e-9dca-4d5f-b670-22cd91e658cf,ID203000,CID-166,559f626e-9dca-4d5f-b670-22cd91e658cf,2026-04-28,2026-05-28,811.9,48.72,860.62,Issued,SampleGen
INV-cda4567b-74c8-436a-8840-b8159c9a6d55,ID203001,CID-167,cda4567b-74c8-436a-8840-b8159c9a6d55,2025-01-03,2025-02-02,4259.9,255.6,4515.5,Issued,SampleGen
INV-2cc8f232-4a76-409b-b4c6-0f8ecc1d1154,ID203002,CID-167,2cc8f232-4a76-409b-b4c6-0f8ecc1d1154,2025-02-20,2025-03-22,5067.76,304.08,5371.84,Issued,SampleGen
INV-70313adb-3637-4b6e-ac2c-bfa19243707c,ID203003,CID-167,70313adb-3637-4b6e-ac2c-bfa19243707c,2025-03-11,2025-04-10,2085.86,125.16,2211.02,Issued,SampleGen
INV-6480709d-5af9-4392-b9ab-01720d649cd0,ID203004,CID-167,6480709d-5af9-4392-b9ab-01720d649cd0,2025-03-28,2025-04-27,381.9,22.92,404.82,Issued,SampleGen
INV-487a6e77-2831-4cb9-8d07-3269c3e95236,ID203005,CID-167,487a6e77-2831-4cb9-8d07-3269c3e95236,2025-04-02,2025-05-02,1611.72,96.72,1708.44,Issued,SampleGen
INV-34134893-f5a0-4263-b755-29c36b266d02,ID203006,CID-167,34134893-f5a0-4263-b755-29c36b266d02,2025-04-08,2025-05-08,3647.86,218.88,3866.74,Issued,SampleGen
INV-01eeb02a-5700-485a-b6c2-37f6172144f1,ID203007,CID-167,01eeb02a-5700-485a-b6c2-37f6172144f1,2025-04-04,2025-05-04,1203.8,72.24,1276.04,Issued,SampleGen
INV-fea16539-6140-4eab-9074-aa2956d6e822,ID203008,CID-167,fea16539-6140-4eab-9074-aa2956d6e822,2025-05-12,2025-06-11,5285.74,317.16,5602.9,Issued,SampleGen
INV-b1f9a14f-b5ff-42d9-9577-bad3bfed9b70,ID203009,CID-167,b1f9a14f-b5ff-42d9-9577-bad3bfed9b70,2025-05-06,2025-06-05,3815.82,228.96,4044.78,Issued,SampleGen
INV-4479df59-c2e2-4952-ad5a-85b1fc3f90d6,ID203010,CID-167,4479df59-c2e2-4952-ad5a-85b1fc3f90d6,2025-06-08,2025-07-08,2499.76,150.0,2649.76,Issued,SampleGen
INV-a6c768b9-8a5a-42c2-a8ad-98ccfe77a787,ID203011,CID-167,a6c768b9-8a5a-42c2-a8ad-98ccfe77a787,2025-06-28,2025-07-28,229.9,13.8,243.7,Issued,SampleGen
INV-c01c7c69-0cd1-41fb-8d57-4349285f6fd7,ID203012,CID-167,c01c7c69-0cd1-41fb-8d57-4349285f6fd7,2025-06-18,2025-07-18,485.84,29.16,515.0,Issued,SampleGen
INV-42b96456-5d78-43d5-a50b-1bc632674aef,ID203013,CID-167,42b96456-5d78-43d5-a50b-1bc632674aef,2025-07-08,2025-08-07,4119.8,247.2,4367.0,Issued,SampleGen
INV-6bf05b2b-97d1-49fc-9aaa-b0dfc8facf74,ID203014,CID-167,6bf05b2b-97d1-49fc-9aaa-b0dfc8facf74,2025-07-05,2025-08-04,1597.8,95.88,1693.68,Issued,SampleGen
INV-fddc1960-c85b-4b2e-a932-349d4c3ad9f5,ID203015,CID-167,fddc1960-c85b-4b2e-a932-349d4c3ad9f5,2025-07-29,2025-08-28,2199.78,132.0,2331.78,Issued,SampleGen
INV-f66418f5-cac3-4c2f-80a8-c1aee5070301,ID203016,CID-167,f66418f5-cac3-4c2f-80a8-c1aee5070301,2025-08-30,2025-09-29,6347.7,380.88,6728.58,Issued,SampleGen
INV-758dba89-796c-4553-a295-f3423d7d47a5,ID203017,CID-167,758dba89-796c-4553-a295-f3423d7d47a5,2025-08-08,2025-09-07,4215.76,252.96,4468.72,Issued,SampleGen
INV-2fcc3a65-e044-4b55-a0bd-dc523a6d0b17,ID203018,CID-167,2fcc3a65-e044-4b55-a0bd-dc523a6d0b17,2025-08-13,2025-09-12,2905.8,174.36,3080.16,Issued,SampleGen
INV-896eedf7-9a35-4669-840c-ba6c495c90b2,ID203019,CID-167,896eedf7-9a35-4669-840c-ba6c495c90b2,2025-09-08,2025-10-08,2411.74,144.72,2556.46,Issued,SampleGen
INV-2c81505b-d12c-4711-9edc-81e6f75c7978,ID203020,CID-167,2c81505b-d12c-4711-9edc-81e6f75c7978,2025-09-12,2025-10-12,4519.74,271.2,4790.94,Issued,SampleGen
INV-12f4bd24-a88d-46ac-af0b-090692101035,ID203021,CID-167,12f4bd24-a88d-46ac-af0b-090692101035,2025-09-12,2025-10-12,1263.84,75.84,1339.68,Issued,SampleGen
INV-7fcc15c4-d552-474f-afbb-031eee131c0e,ID203022,CID-167,7fcc15c4-d552-474f-afbb-031eee131c0e,2025-10-12,2025-11-11,3293.82,197.64,3491.46,Issued,SampleGen
INV-17a102b5-5d47-4eab-8f9d-9b0bf85e319b,ID203023,CID-167,17a102b5-5d47-4eab-8f9d-9b0bf85e319b,2025-10-09,2025-11-08,3903.76,234.24,4138.0,Issued,SampleGen
INV-7e3c2b5a-563f-4244-b8d0-044a8fd02c59,ID203024,CID-167,7e3c2b5a-563f-4244-b8d0-044a8fd02c59,2025-10-19,2025-11-18,445.86,26.76,472.62,Issued,SampleGen
INV-935023d2-f28a-418a-ae21-767ebf2bcaaf,ID203025,CID-167,935023d2-f28a-418a-ae21-767ebf2bcaaf,2025-11-25,2025-12-25,4695.72,281.76,4977.48,Issued,SampleGen
INV-b43a22a7-66af-4e3f-8108-ba3ba55a916c,ID203026,CID-167,b43a22a7-66af-4e3f-8108-ba3ba55a916c,2025-11-19,2025-12-19,1683.86,101.04,1784.9,Issued,SampleGen
INV-36afb3c1-8a3d-4af9-9171-682aff00ec3c,ID203027,CID-167,36afb3c1-8a3d-4af9-9171-682aff00ec3c,2025-11-30,2025-12-30,4173.74,250.44,4424.18,Issued,SampleGen
INV-3401035f-53d4-4b87-9ffc-875bc450e6c3,ID203028,CID-167,3401035f-53d4-4b87-9ffc-875bc450e6c3,2025-11-17,2025-12-17,1567.86,94.08,1661.94,Issued,SampleGen
INV-2951c50a-42fe-46a3-b829-cf185fe64859,ID203029,CID-167,2951c50a-42fe-46a3-b829-cf185fe64859,2025-12-20,2026-01-19,1733.76,104.04,1837.8,Issued,SampleGen
INV-f32fa136-f6a8-43c4-85e0-fc82d67204fd,ID203030,CID-167,f32fa136-f6a8-43c4-85e0-fc82d67204fd,2025-12-22,2026-01-21,301.86,18.12,319.98,Issued,SampleGen
INV-8ec21f89-9281-4935-aa97-71079515515d,ID203031,CID-167,8ec21f89-9281-4935-aa97-71079515515d,2025-12-23,2026-01-22,4135.78,248.16,4383.94,Issued,SampleGen
INV-95b5f02a-a14f-4085-9041-a29445d7dacd,ID203032,CID-167,95b5f02a-a14f-4085-9041-a29445d7dacd,2025-12-26,2026-01-25,4167.88,250.08,4417.96,Issued,SampleGen
INV-03d4bd05-f5e4-438c-9f1d-f29b25d05d08,ID203033,CID-167,03d4bd05-f5e4-438c-9f1d-f29b25d05d08,2026-01-27,2026-02-26,5483.8,329.04,5812.84,Issued,SampleGen
INV-b4e8a980-8f8d-4b05-a9e9-3b4f8a3d3990,ID203034,CID-167,b4e8a980-8f8d-4b05-a9e9-3b4f8a3d3990,2026-01-06,2026-02-05,555.86,33.36,589.22,Issued,SampleGen
INV-be0d58df-d0a5-4a34-bcce-abe07ab828e6,ID203035,CID-167,be0d58df-d0a5-4a34-bcce-abe07ab828e6,2026-01-30,2026-03-01,1289.74,77.4,1367.14,Issued,SampleGen
INV-e02328b4-8a4f-4782-a406-736d41793846,ID203036,CID-167,e02328b4-8a4f-4782-a406-736d41793846,2026-01-30,2026-03-01,2915.9,174.96,3090.86,Issued,SampleGen
INV-720859d0-9322-439d-8af0-08f5edeaf6c4,ID203037,CID-167,720859d0-9322-439d-8af0-08f5edeaf6c4,2026-01-11,2026-02-10,3275.86,196.56,3472.42,Issued,SampleGen
INV-d5cfe8ec-e208-4d1f-a6c0-397b22e5ffdd,ID203038,CID-167,d5cfe8ec-e208-4d1f-a6c0-397b22e5ffdd,2026-02-03,2026-03-05,3087.76,185.28,3273.04,Issued,SampleGen
INV-5763c622-0547-4369-a81b-5a9dafc6d292,ID203039,CID-167,5763c622-0547-4369-a81b-5a9dafc6d292,2026-02-15,2026-03-17,1039.84,62.4,1102.24,Issued,SampleGen
INV-3a865ee6-b6cd-4ae0-ab15-18491976d13f,ID203040,CID-167,3a865ee6-b6cd-4ae0-ab15-18491976d13f,2026-02-12,2026-03-14,463.82,27.84,491.66,Issued,SampleGen
INV-9c2da355-7ddf-436e-909e-aea6cf58bcef,ID203041,CID-167,9c2da355-7ddf-436e-909e-aea6cf58bcef,2026-02-21,2026-03-23,251.9,15.12,267.02,Issued,SampleGen
INV-f483d7f1-f22f-4576-99aa-763eee13bffa,ID203042,CID-167,f483d7f1-f22f-4576-99aa-763eee13bffa,2026-03-03,2026-04-02,851.88,51.12,903.0,Issued,SampleGen
INV-4c42e7af-3fb4-4415-9e67-63eab2a06361,ID203043,CID-167,4c42e7af-3fb4-4415-9e67-63eab2a06361,2026-03-12,2026-04-11,1119.88,67.2,1187.08,Issued,SampleGen
INV-ee6cec50-04b5-4e96-a5ef-5660b85f7f4b,ID203044,CID-167,ee6cec50-04b5-4e96-a5ef-5660b85f7f4b,2026-03-06,2026-04-05,643.86,38.64,682.5,Issued,SampleGen
INV-d2e25e64-1e86-4d53-9bbe-247273b4fd02,ID203045,CID-167,d2e25e64-1e86-4d53-9bbe-247273b4fd02,2026-03-23,2026-04-22,1673.82,100.44,1774.26,Issued,SampleGen
INV-2053b7b8-2739-4661-9497-32bac8b6f20c,ID203046,CID-167,2053b7b8-2739-4661-9497-32bac8b6f20c,2026-03-05,2026-04-04,2809.76,168.6,2978.36,Issued,SampleGen
INV-86e6cbb2-aec9-43b3-9a38-a0c41ff6b12e,ID203047,CID-167,86e6cbb2-aec9-43b3-9a38-a0c41ff6b12e,2026-04-26,2026-05-26,7955.78,477.36,8433.14,Issued,SampleGen
INV-a0fa65b7-44a2-49b6-a9e1-41cd71f009ac,ID203048,CID-167,a0fa65b7-44a2-49b6-a9e1-41cd71f009ac,2026-04-08,2026-05-08,1745.74,104.76,1850.5,Issued,SampleGen
INV-5521d761-ee5a-4096-be1c-7e84c1ea7183,ID203049,CID-167,5521d761-ee5a-4096-be1c-7e84c1ea7183,2026-04-15,2026-05-15,5463.72,327.84,5791.56,Issued,SampleGen
INV-8f65420a-3e72-4ffe-bd65-28c2e8315ab7,ID203050,CID-167,8f65420a-3e72-4ffe-bd65-28c2e8315ab7,2026-04-04,2026-05-04,741.86,44.52,786.38,Issued,SampleGen
INV-b857f9ca-de39-4b63-8b6f-679fbeac5aa1,ID203051,CID-167,b857f9ca-de39-4b63-8b6f-679fbeac5aa1,2026-04-18,2026-05-18,437.88,26.28,464.16,Issued,SampleGen
INV-ac96ff58-8520-4f17-bed3-ac464104d257,ID203052,CID-168,ac96ff58-8520-4f17-bed3-ac464104d257,2025-02-24,2025-03-26,1783.76,107.04,1890.8,Issued,SampleGen
INV-31fd23ed-d19a-4163-b91b-59bbede27da1,ID203053,CID-168,31fd23ed-d19a-4163-b91b-59bbede27da1,2025-04-06,2025-05-06,3063.8,183.84,3247.64,Issued,SampleGen
INV-d97ea526-e46a-4770-ba2a-5eda5ccfa152,ID203054,CID-168,d97ea526-e46a-4770-ba2a-5eda5ccfa152,2025-06-29,2025-07-29,819.76,49.2,868.96,Issued,SampleGen
INV-6ea64106-4380-4404-a956-5adda2fb310a,ID203055,CID-168,6ea64106-4380-4404-a956-5adda2fb310a,2025-07-11,2025-08-10,1241.78,74.52,1316.3,Issued,SampleGen
INV-a7a571bc-f4ca-46e8-8888-31c6008881ae,ID203056,CID-168,a7a571bc-f4ca-46e8-8888-31c6008881ae,2025-08-07,2025-09-06,935.82,56.16,991.98,Issued,SampleGen
INV-5b80137d-dd5a-4011-9271-2da0ce0172af,ID203057,CID-168,5b80137d-dd5a-4011-9271-2da0ce0172af,2025-09-17,2025-10-17,475.92,28.56,504.48,Issued,SampleGen
INV-c60094a4-5ac5-45b7-9966-6a3dd3c7fa03,ID203058,CID-168,c60094a4-5ac5-45b7-9966-6a3dd3c7fa03,2025-10-31,2025-11-30,2729.88,163.8,2893.68,Issued,SampleGen
INV-bc25d240-1c06-4857-bc5f-f3605dc92d69,ID203059,CID-168,bc25d240-1c06-4857-bc5f-f3605dc92d69,2025-11-17,2025-12-17,5399.84,324.0,5723.84,Issued,SampleGen
INV-a95b3b6f-82a1-47a8-a7ad-ab09778e53d6,ID203060,CID-168,a95b3b6f-82a1-47a8-a7ad-ab09778e53d6,2025-12-03,2026-01-02,2059.86,123.6,2183.46,Issued,SampleGen
INV-72f72c70-4098-4d4a-b636-dd7c583d49ee,ID203061,CID-168,72f72c70-4098-4d4a-b636-dd7c583d49ee,2026-01-02,2026-02-01,3889.78,233.4,4123.18,Issued,SampleGen
INV-324e2428-9d7e-4113-a3a7-4b9ceb1ff2b0,ID203062,CID-168,324e2428-9d7e-4113-a3a7-4b9ceb1ff2b0,2026-02-25,2026-03-27,2617.76,157.08,2774.84,Issued,SampleGen
INV-75ee4843-2ebe-4ab0-bbff-4a64c0f7d1b1,ID203063,CID-168,75ee4843-2ebe-4ab0-bbff-4a64c0f7d1b1,2026-03-19,2026-04-18,831.86,49.92,881.78,Issued,SampleGen
INV-149ae87c-0c93-4ae6-8184-26ce793d8a41,ID203064,CID-168,149ae87c-0c93-4ae6-8184-26ce793d8a41,2026-04-07,2026-05-07,299.88,18.0,317.88,Issued,SampleGen
INV-83873621-ad90-48b9-b8df-7df7eb9d9563,ID203065,CID-169,83873621-ad90-48b9-b8df-7df7eb9d9563,2025-07-07,2025-08-06,1255.88,75.36,1331.24,Issued,SampleGen
INV-9bf01299-1d30-4c24-bdf0-a141d0278605,ID203066,CID-169,9bf01299-1d30-4c24-bdf0-a141d0278605,2025-09-26,2025-10-26,2163.88,129.84,2293.72,Issued,SampleGen
INV-fea49376-7bd5-472e-b230-b7878d9cbf3c,ID203067,CID-169,fea49376-7bd5-472e-b230-b7878d9cbf3c,2025-11-25,2025-12-25,655.84,39.36,695.2,Issued,SampleGen
INV-440fafdb-aa14-4f91-8fb9-a20c43acc2a4,ID203068,CID-169,440fafdb-aa14-4f91-8fb9-a20c43acc2a4,2025-12-13,2026-01-12,3307.74,198.48,3506.22,Issued,SampleGen
INV-97478189-b571-4698-900f-c840a2a2f803,ID203069,CID-169,97478189-b571-4698-900f-c840a2a2f803,2026-02-02,2026-03-04,3039.84,182.4,3222.24,Issued,SampleGen
INV-4886686b-2955-49f9-8281-87e7e7c9540d,ID203070,CID-169,4886686b-2955-49f9-8281-87e7e7c9540d,2026-03-31,2026-04-30,319.9,19.2,339.1,Issued,SampleGen
INV-0d2edeed-6295-485b-a65a-b22d6a16e30d,ID203071,CID-169,0d2edeed-6295-485b-a65a-b22d6a16e30d,2026-05-01,2026-05-31,1239.84,74.4,1314.24,Issued,SampleGen
INV-a4891899-0b09-4298-8e0d-46f43c7a49bf,ID203072,CID-170,a4891899-0b09-4298-8e0d-46f43c7a49bf,2025-03-14,2025-04-13,1587.76,95.28,1683.04,Issued,SampleGen
INV-e8240d45-d925-43ae-9e3c-77a3c1dfc55a,ID203073,CID-170,e8240d45-d925-43ae-9e3c-77a3c1dfc55a,2025-05-18,2025-06-17,567.86,34.08,601.94,Issued,SampleGen
INV-c1d10ef0-f683-406c-908f-b6d474cf589f,ID203074,CID-170,c1d10ef0-f683-406c-908f-b6d474cf589f,2025-06-17,2025-07-17,649.86,39.0,688.86,Issued,SampleGen
INV-26a2f327-c77e-4078-87dc-c8658eef1f50,ID203075,CID-170,26a2f327-c77e-4078-87dc-c8658eef1f50,2025-07-21,2025-08-20,2843.74,170.64,3014.38,Issued,SampleGen
INV-cb12f9fd-14f7-4ee3-822b-223f12d4f2d8,ID203076,CID-170,cb12f9fd-14f7-4ee3-822b-223f12d4f2d8,2025-10-15,2025-11-14,2499.76,150.0,2649.76,Issued,SampleGen
INV-506a0354-075d-4c7d-94b6-c2fca7d22452,ID203077,CID-170,506a0354-075d-4c7d-94b6-c2fca7d22452,2025-11-10,2025-12-10,2797.78,167.88,2965.66,Issued,SampleGen
INV-b9a8ea8c-c2b5-4ca5-ba97-de167629d4f0,ID203078,CID-170,b9a8ea8c-c2b5-4ca5-ba97-de167629d4f0,2025-12-08,2026-01-07,765.84,45.96,811.8,Issued,SampleGen
INV-45d9925f-f3ec-4327-baf1-249cfb00f487,ID203079,CID-170,45d9925f-f3ec-4327-baf1-249cfb00f487,2026-01-19,2026-02-18,5215.8,312.96,5528.76,Issued,SampleGen
INV-61a80f9b-57d7-4af5-9e1d-a72dd5758860,ID203080,CID-170,61a80f9b-57d7-4af5-9e1d-a72dd5758860,2026-02-14,2026-03-16,2103.76,126.24,2230.0,Issued,SampleGen
INV-e8d6385b-59a7-46b4-8ad0-50a67e89c2aa,ID203081,CID-170,e8d6385b-59a7-46b4-8ad0-50a67e89c2aa,2026-03-15,2026-04-14,519.84,31.2,551.04,Issued,SampleGen
INV-9b09d592-c931-40d0-ae14-14c26dcf8171,ID203082,CID-170,9b09d592-c931-40d0-ae14-14c26dcf8171,2026-04-26,2026-05-26,1863.84,111.84,1975.68,Issued,SampleGen
INV-8734997f-02a5-4bf0-b2b1-3053b64d6147,ID203083,CID-171,8734997f-02a5-4bf0-b2b1-3053b64d6147,2025-01-22,2025-02-21,1705.8,102.36,1808.16,Issued,SampleGen
INV-95bec877-dfd7-47f3-b7b3-d452213996bd,ID203084,CID-171,95bec877-dfd7-47f3-b7b3-d452213996bd,2025-02-15,2025-03-17,1113.84,66.84,1180.68,Issued,SampleGen
INV-f4516834-9448-49ed-96a5-a87a945b7aa0,ID203085,CID-171,f4516834-9448-49ed-96a5-a87a945b7aa0,2025-03-11,2025-04-10,469.78,28.2,497.98,Issued,SampleGen
INV-96f5adeb-bb4e-4041-b9f1-6a09a30f4892,ID203086,CID-171,96f5adeb-bb4e-4041-b9f1-6a09a30f4892,2025-05-04,2025-06-03,655.9,39.36,695.26,Issued,SampleGen
INV-962feb70-ee21-4e57-8073-37152d70eb4f,ID203087,CID-171,962feb70-ee21-4e57-8073-37152d70eb4f,2025-07-22,2025-08-21,5031.72,301.92,5333.64,Issued,SampleGen
INV-92d9c962-ff68-4805-bc53-22135b62282d,ID203088,CID-171,92d9c962-ff68-4805-bc53-22135b62282d,2025-08-21,2025-09-20,679.9,40.8,720.7,Issued,SampleGen
INV-5eb023f9-4720-4f69-8dcb-3e94b85c7934,ID203089,CID-171,5eb023f9-4720-4f69-8dcb-3e94b85c7934,2025-09-03,2025-10-03,1473.84,88.44,1562.28,Issued,SampleGen
INV-ed80b634-5fa2-4df8-9df7-f2aeee112289,ID203090,CID-171,ed80b634-5fa2-4df8-9df7-f2aeee112289,2025-10-18,2025-11-17,463.88,27.84,491.72,Issued,SampleGen
INV-13126428-daf7-4a5f-982c-582dd5087c85,ID203091,CID-171,13126428-daf7-4a5f-982c-582dd5087c85,2025-11-29,2025-12-29,491.92,29.52,521.44,Issued,SampleGen
INV-a73ac777-9540-48a7-84e0-12e636031ed3,ID203092,CID-171,a73ac777-9540-48a7-84e0-12e636031ed3,2025-12-02,2026-01-01,1763.82,105.84,1869.66,Issued,SampleGen
INV-e77c8795-b823-4720-a1f7-af1d956d035d,ID203093,CID-171,e77c8795-b823-4720-a1f7-af1d956d035d,2026-01-06,2026-02-05,1783.88,107.04,1890.92,Issued,SampleGen
INV-6eb0141d-d8a7-4aa2-b60b-d46cf6c77477,ID203094,CID-171,6eb0141d-d8a7-4aa2-b60b-d46cf6c77477,2026-02-20,2026-03-22,711.84,42.72,754.56,Issued,SampleGen
INV-b6eaa146-c349-49be-b8f0-1c749b788281,ID203095,CID-171,b6eaa146-c349-49be-b8f0-1c749b788281,2026-03-29,2026-04-28,367.84,22.08,389.92,Issued,SampleGen
INV-98b869a2-1136-4e7a-9ad4-99ae441152a6,ID203096,CID-171,98b869a2-1136-4e7a-9ad4-99ae441152a6,2026-04-17,2026-05-17,2611.74,156.72,2768.46,Issued,SampleGen
INV-10b52526-aecc-4c4c-841a-267b1be840f8,ID203097,CID-171,10b52526-aecc-4c4c-841a-267b1be840f8,2026-04-20,2026-05-20,1021.76,61.32,1083.08,Issued,SampleGen
INV-119df2a4-ad11-4038-a176-688ec4cca846,ID203098,CID-172,119df2a4-ad11-4038-a176-688ec4cca846,2025-01-23,2025-02-22,869.86,52.2,922.06,Issued,SampleGen
INV-90a0e1ac-72e7-4643-94e6-6ff755df913b,ID203099,CID-172,90a0e1ac-72e7-4643-94e6-6ff755df913b,2025-02-18,2025-03-20,2927.68,175.68,3103.36,Issued,SampleGen
INV-4dfd55d9-2d1b-493a-9afa-10ec8e2add29,ID203100,CID-172,4dfd55d9-2d1b-493a-9afa-10ec8e2add29,2025-02-20,2025-03-22,4259.8,255.6,4515.4,Issued,SampleGen
INV-63362d76-605c-4749-80f8-b06fe53b86fa,ID203101,CID-172,63362d76-605c-4749-80f8-b06fe53b86fa,2025-03-14,2025-04-13,2739.86,164.4,2904.26,Issued,SampleGen
INV-af57cff9-bac1-4365-81a1-ecafaaf84fb4,ID203102,CID-172,af57cff9-bac1-4365-81a1-ecafaaf84fb4,2025-03-27,2025-04-26,573.78,34.44,608.22,Issued,SampleGen
INV-cfe49ad0-494a-46e1-97c8-6575b2e12b95,ID203103,CID-172,cfe49ad0-494a-46e1-97c8-6575b2e12b95,2025-04-17,2025-05-17,4031.72,241.92,4273.64,Issued,SampleGen
INV-b77968af-5a8b-4665-8585-6857ccd9be5a,ID203104,CID-172,b77968af-5a8b-4665-8585-6857ccd9be5a,2025-04-28,2025-05-28,5471.74,328.32,5800.06,Issued,SampleGen
INV-c747157f-3934-4244-a06c-9e0ca9bee1f2,ID203105,CID-172,c747157f-3934-4244-a06c-9e0ca9bee1f2,2025-05-24,2025-06-23,6019.74,361.2,6380.94,Issued,SampleGen
INV-258ad5c8-0eae-451f-9aa8-94d256f17155,ID203106,CID-172,258ad5c8-0eae-451f-9aa8-94d256f17155,2025-05-02,2025-06-01,403.92,24.24,428.16,Issued,SampleGen
INV-e1730ff2-cb8d-4b1b-bdf7-bdd28cc694cd,ID203107,CID-172,e1730ff2-cb8d-4b1b-bdf7-bdd28cc694cd,2025-06-10,2025-07-10,3763.74,225.84,3989.58,Issued,SampleGen
INV-f276cf2c-eb3a-45e8-b80e-8cb0e94cf872,ID203108,CID-172,f276cf2c-eb3a-45e8-b80e-8cb0e94cf872,2025-06-19,2025-07-19,533.8,32.04,565.84,Issued,SampleGen
INV-64810826-0e91-4602-92fc-6c9a01befcec,ID203109,CID-172,64810826-0e91-4602-92fc-6c9a01befcec,2025-07-24,2025-08-23,3931.78,235.92,4167.7,Issued,SampleGen
INV-22ef1401-604d-435f-90fc-4f0492b4f189,ID203110,CID-172,22ef1401-604d-435f-90fc-4f0492b4f189,2025-07-23,2025-08-22,2675.88,160.56,2836.44,Issued,SampleGen
INV-8b79bb10-6bc8-4368-a044-81dd466b15f3,ID203111,CID-172,8b79bb10-6bc8-4368-a044-81dd466b15f3,2025-07-31,2025-08-30,1619.88,97.2,1717.08,Issued,SampleGen
INV-834e6283-4512-4e57-8051-96a4912f6fda,ID203112,CID-172,834e6283-4512-4e57-8051-96a4912f6fda,2025-08-08,2025-09-07,355.9,21.36,377.26,Issued,SampleGen
INV-38705324-953c-4d11-b3a2-fdad5da72ddb,ID203113,CID-172,38705324-953c-4d11-b3a2-fdad5da72ddb,2025-08-26,2025-09-25,3791.8,227.52,4019.32,Issued,SampleGen
INV-28bc8e36-ab9c-473a-992f-e9da2d47ea01,ID203114,CID-172,28bc8e36-ab9c-473a-992f-e9da2d47ea01,2025-08-22,2025-09-21,2019.88,121.2,2141.08,Issued,SampleGen
INV-a777f799-952c-4ecb-a88b-379ec584cc3f,ID203115,CID-172,a777f799-952c-4ecb-a88b-379ec584cc3f,2025-09-22,2025-10-22,3095.88,185.76,3281.64,Issued,SampleGen
INV-61b1cc4f-e1f6-454b-9c64-3dfa0176224b,ID203116,CID-172,61b1cc4f-e1f6-454b-9c64-3dfa0176224b,2025-09-15,2025-10-15,2331.82,139.92,2471.74,Issued,SampleGen
INV-aa48f1de-eb1e-41e5-ac03-5d77eade222b,ID203117,CID-172,aa48f1de-eb1e-41e5-ac03-5d77eade222b,2025-09-10,2025-10-10,815.8,48.96,864.76,Issued,SampleGen
INV-ed038575-cbdc-40ae-af3f-154c992d2fe9,ID203118,CID-172,ed038575-cbdc-40ae-af3f-154c992d2fe9,2025-10-19,2025-11-18,4149.78,249.0,4398.78,Issued,SampleGen
INV-6796e515-d5d7-4fef-b52b-192d594b4478,ID203119,CID-172,6796e515-d5d7-4fef-b52b-192d594b4478,2025-10-07,2025-11-06,439.92,26.4,466.32,Issued,SampleGen
INV-d0f1e7b8-c7fa-4a99-97ee-76a4f516a8e9,ID203120,CID-172,d0f1e7b8-c7fa-4a99-97ee-76a4f516a8e9,2025-10-31,2025-11-30,5481.76,328.92,5810.68,Issued,SampleGen
INV-a6d430a1-e3f6-435d-8cec-3543a7201d51,ID203121,CID-172,a6d430a1-e3f6-435d-8cec-3543a7201d51,2025-11-17,2025-12-17,1539.8,92.4,1632.2,Issued,SampleGen
INV-88d03d4b-d948-41fe-87da-a3581c71bbeb,ID203122,CID-172,88d03d4b-d948-41fe-87da-a3581c71bbeb,2025-11-19,2025-12-19,4379.84,262.8,4642.64,Issued,SampleGen
INV-938b20d4-2393-4d5d-8310-2c11718c3a71,ID203123,CID-172,938b20d4-2393-4d5d-8310-2c11718c3a71,2025-11-30,2025-12-30,2287.78,137.28,2425.06,Issued,SampleGen
INV-07a6b78a-a304-4526-9d03-29d7d5666462,ID203124,CID-172,07a6b78a-a304-4526-9d03-29d7d5666462,2025-11-14,2025-12-14,1507.86,90.48,1598.34,Issued,SampleGen
INV-212e1c31-2bcd-433b-a73f-5ff12bad9901,ID203125,CID-172,212e1c31-2bcd-433b-a73f-5ff12bad9901,2025-12-24,2026-01-23,1337.88,80.28,1418.16,Issued,SampleGen
INV-558a6aa5-fdba-4553-b651-9399f002f052,ID203126,CID-172,558a6aa5-fdba-4553-b651-9399f002f052,2025-12-04,2026-01-03,1883.78,113.04,1996.82,Issued,SampleGen
INV-87ac1630-2ab0-4ce0-b227-a145efaae734,ID203127,CID-172,87ac1630-2ab0-4ce0-b227-a145efaae734,2025-12-18,2026-01-17,2597.74,155.88,2753.62,Issued,SampleGen
INV-04037068-7f8f-4857-9d54-0ac690fefacc,ID203128,CID-172,04037068-7f8f-4857-9d54-0ac690fefacc,2026-01-18,2026-02-17,2343.82,140.64,2484.46,Issued,SampleGen
INV-d371930d-5d0a-44d5-92f8-4260bde5929a,ID203129,CID-172,d371930d-5d0a-44d5-92f8-4260bde5929a,2026-01-18,2026-02-17,2083.86,125.04,2208.9,Issued,SampleGen
INV-bf82c475-3c6c-4661-90e0-38a78e2ad13c,ID203130,CID-172,bf82c475-3c6c-4661-90e0-38a78e2ad13c,2026-01-11,2026-02-10,2023.88,121.44,2145.32,Issued,SampleGen
INV-2165ace7-dcb9-44a0-9b8d-6c490f107d4b,ID203131,CID-172,2165ace7-dcb9-44a0-9b8d-6c490f107d4b,2026-01-07,2026-02-06,2383.72,143.04,2526.76,Issued,SampleGen
INV-49205602-0801-400f-9bba-66e94a402d95,ID203132,CID-172,49205602-0801-400f-9bba-66e94a402d95,2026-02-05,2026-03-07,1703.88,102.24,1806.12,Issued,SampleGen
INV-4851c61b-634a-4f64-b9e8-1674e2336434,ID203133,CID-172,4851c61b-634a-4f64-b9e8-1674e2336434,2026-02-10,2026-03-12,2431.82,145.92,2577.74,Issued,SampleGen
INV-ed758c3a-543c-48a9-896a-769fcb0ad145,ID203134,CID-172,ed758c3a-543c-48a9-896a-769fcb0ad145,2026-02-09,2026-03-11,643.84,38.64,682.48,Issued,SampleGen
INV-ae3c28e7-2161-48af-8c99-2e8ca55c7e9a,ID203135,CID-172,ae3c28e7-2161-48af-8c99-2e8ca55c7e9a,2026-03-01,2026-03-31,5231.74,313.92,5545.66,Issued,SampleGen
INV-57c8e09b-d023-4855-9280-13cdd4856975,ID203136,CID-172,57c8e09b-d023-4855-9280-13cdd4856975,2026-03-31,2026-04-30,1077.82,64.68,1142.5,Issued,SampleGen
INV-cc3d1a67-cac6-432a-a9d6-1e9d2b14e5c1,ID203137,CID-172,cc3d1a67-cac6-432a-a9d6-1e9d2b14e5c1,2026-03-30,2026-04-29,1119.88,67.2,1187.08,Issued,SampleGen
INV-fc42a578-0f55-4ce1-8746-117730c6a151,ID203138,CID-172,fc42a578-0f55-4ce1-8746-117730c6a151,2026-03-04,2026-04-03,621.82,37.32,659.14,Issued,SampleGen
INV-84c2a3c5-76f2-4a34-b92c-dd92710a1e6d,ID203139,CID-172,84c2a3c5-76f2-4a34-b92c-dd92710a1e6d,2026-03-16,2026-04-15,3119.8,187.2,3307.0,Issued,SampleGen
INV-993021ba-ca0e-4bac-9234-592068348bad,ID203140,CID-172,993021ba-ca0e-4bac-9234-592068348bad,2026-04-06,2026-05-06,4101.78,246.12,4347.9,Issued,SampleGen
INV-e2010966-7bde-4021-995d-ad9852386fe9,ID203141,CID-172,e2010966-7bde-4021-995d-ad9852386fe9,2026-04-08,2026-05-08,2313.82,138.84,2452.66,Issued,SampleGen
INV-6ed18c68-eed7-490c-9123-462b51fa678a,ID203142,CID-172,6ed18c68-eed7-490c-9123-462b51fa678a,2026-04-22,2026-05-22,303.9,18.24,322.14,Issued,SampleGen
INV-36e21a8a-8b60-4ee7-af58-2242048a2ddf,ID203143,CID-172,36e21a8a-8b60-4ee7-af58-2242048a2ddf,2026-05-01,2026-05-31,1031.92,61.92,1093.84,Issued,SampleGen
INV-3b2ffc12-55b0-4c7f-a261-ac603a61a2fd,ID203144,CID-173,3b2ffc12-55b0-4c7f-a261-ac603a61a2fd,2025-02-08,2025-03-10,2821.74,169.32,2991.06,Issued,SampleGen
INV-1c2c7378-865a-4bda-ad12-333266dc7f6e,ID203145,CID-173,1c2c7378-865a-4bda-ad12-333266dc7f6e,2025-03-09,2025-04-08,5125.78,307.56,5433.34,Issued,SampleGen
INV-4605084b-151a-465e-98fc-df4f025d1b20,ID203146,CID-173,4605084b-151a-465e-98fc-df4f025d1b20,2025-04-24,2025-05-24,3971.8,238.32,4210.12,Issued,SampleGen
INV-015d2a28-ad31-424f-baca-39d80ebc12cd,ID203147,CID-173,015d2a28-ad31-424f-baca-39d80ebc12cd,2025-05-13,2025-06-12,1625.82,97.56,1723.38,Issued,SampleGen
INV-cb680125-0cc2-4658-ba60-146b7c4ef7a3,ID203148,CID-173,cb680125-0cc2-4658-ba60-146b7c4ef7a3,2025-06-21,2025-07-21,819.88,49.2,869.08,Issued,SampleGen
INV-b44bd653-1cf2-4ebd-ba9a-a14cf5312ac2,ID203149,CID-173,b44bd653-1cf2-4ebd-ba9a-a14cf5312ac2,2025-07-29,2025-08-28,5111.88,306.72,5418.6,Issued,SampleGen
INV-19bfd939-a0e0-49ed-88ca-6aef2d9cd0ab,ID203150,CID-173,19bfd939-a0e0-49ed-88ca-6aef2d9cd0ab,2025-07-19,2025-08-18,471.88,28.32,500.2,Issued,SampleGen
INV-c435f30a-ce8b-4942-8277-c5cccec53485,ID203151,CID-173,c435f30a-ce8b-4942-8277-c5cccec53485,2025-08-20,2025-09-19,535.88,32.16,568.04,Issued,SampleGen
INV-c7706e45-7333-4043-a966-9464ac49fb32,ID203152,CID-173,c7706e45-7333-4043-a966-9464ac49fb32,2025-09-09,2025-10-09,2453.76,147.24,2601.0,Issued,SampleGen
INV-adc574cf-b2a3-4f71-a7ac-d1aae4439b15,ID203153,CID-173,adc574cf-b2a3-4f71-a7ac-d1aae4439b15,2025-09-15,2025-10-15,701.78,42.12,743.9,Issued,SampleGen
INV-a0e0ed0d-c578-4e7a-937e-f9ce40348153,ID203154,CID-173,a0e0ed0d-c578-4e7a-937e-f9ce40348153,2025-10-15,2025-11-14,649.8,39.0,688.8,Issued,SampleGen
INV-8c834b5f-c086-4687-9d39-fb925ca824d4,ID203155,CID-173,8c834b5f-c086-4687-9d39-fb925ca824d4,2025-11-08,2025-12-08,919.84,55.2,975.04,Issued,SampleGen
INV-331dfc2e-0c49-4671-83c8-445b67731a85,ID203156,CID-173,331dfc2e-0c49-4671-83c8-445b67731a85,2025-11-18,2025-12-18,1115.8,66.96,1182.76,Issued,SampleGen
INV-77d89c13-04f8-44e7-baa6-e8d83b6375b0,ID203157,CID-173,77d89c13-04f8-44e7-baa6-e8d83b6375b0,2025-12-17,2026-01-16,1035.9,62.16,1098.06,Issued,SampleGen
INV-0dd90d5c-9bd6-4678-a653-89ba0d5a1933,ID203158,CID-173,0dd90d5c-9bd6-4678-a653-89ba0d5a1933,2025-12-17,2026-01-16,2739.86,164.4,2904.26,Issued,SampleGen
INV-32ff68f7-7146-4b00-bd22-60475c0b038f,ID203159,CID-173,32ff68f7-7146-4b00-bd22-60475c0b038f,2026-01-13,2026-02-12,1171.86,70.32,1242.18,Issued,SampleGen
INV-ba13203c-ecac-4dcf-99e1-bf97ab531c13,ID203160,CID-173,ba13203c-ecac-4dcf-99e1-bf97ab531c13,2026-02-22,2026-03-24,6035.74,362.16,6397.9,Issued,SampleGen
INV-1efe329e-e754-414a-a81d-16fee03f83fb,ID203161,CID-173,1efe329e-e754-414a-a81d-16fee03f83fb,2026-02-12,2026-03-14,1093.84,65.64,1159.48,Issued,SampleGen
INV-2945ae67-c033-4c84-9775-68995e125325,ID203162,CID-173,2945ae67-c033-4c84-9775-68995e125325,2026-03-10,2026-04-09,567.84,34.08,601.92,Issued,SampleGen
INV-a27dbaab-bbd2-448e-8274-13cb8ddbcbe6,ID203163,CID-173,a27dbaab-bbd2-448e-8274-13cb8ddbcbe6,2026-03-20,2026-04-19,1571.88,94.32,1666.2,Issued,SampleGen
INV-777891de-4e04-44c9-82f6-c751fbb5f94c,ID203164,CID-173,777891de-4e04-44c9-82f6-c751fbb5f94c,2026-04-04,2026-05-04,4051.78,243.12,4294.9,Issued,SampleGen
INV-e7ab0b65-74b3-4cb5-8a97-f421acf6bece,ID203165,CID-173,e7ab0b65-74b3-4cb5-8a97-f421acf6bece,2026-04-12,2026-05-12,737.88,44.28,782.16,Issued,SampleGen
INV-fc5812eb-bd49-4220-a98b-ebafacfedab0,ID203166,CID-174,fc5812eb-bd49-4220-a98b-ebafacfedab0,2025-01-06,2025-02-05,4927.84,295.68,5223.52,Issued,SampleGen
INV-7ba10901-5524-4d83-a715-dca18394a1dd,ID203167,CID-174,7ba10901-5524-4d83-a715-dca18394a1dd,2025-07-19,2025-08-18,5215.8,312.96,5528.76,Issued,SampleGen
INV-f11c1112-090f-4519-b648-0d1b8b67be87,ID203168,CID-174,f11c1112-090f-4519-b648-0d1b8b67be87,2025-08-10,2025-09-09,999.84,60.0,1059.84,Issued,SampleGen
INV-3c6ec10f-ef1f-4b9a-810a-012f89d99a46,ID203169,CID-174,3c6ec10f-ef1f-4b9a-810a-012f89d99a46,2025-09-13,2025-10-13,1469.74,88.2,1557.94,Issued,SampleGen
INV-a67d2f4b-ee64-4fa6-8ade-0a6f5d168078,ID203170,CID-174,a67d2f4b-ee64-4fa6-8ade-0a6f5d168078,2025-10-06,2025-11-05,1173.84,70.44,1244.28,Issued,SampleGen
INV-00e8721c-5364-4762-ada3-1f567e5a40b8,ID203171,CID-174,00e8721c-5364-4762-ada3-1f567e5a40b8,2025-11-28,2025-12-28,455.92,27.36,483.28,Issued,SampleGen
INV-1f3b1ceb-5b45-4f19-a546-610ecc4e0bf7,ID203172,CID-174,1f3b1ceb-5b45-4f19-a546-610ecc4e0bf7,2025-12-15,2026-01-14,1795.86,107.76,1903.62,Issued,SampleGen
INV-d3bb6669-9911-4730-859d-d3b1cb100079,ID203173,CID-174,d3bb6669-9911-4730-859d-d3b1cb100079,2026-01-28,2026-02-27,599.84,36.0,635.84,Issued,SampleGen
INV-4900e50d-e617-488b-a1b5-643f43e9b6ae,ID203174,CID-174,4900e50d-e617-488b-a1b5-643f43e9b6ae,2026-02-07,2026-03-09,2695.84,161.76,2857.6,Issued,SampleGen
INV-fab965cc-1db5-4c99-9bf0-10ef5a072372,ID203175,CID-174,fab965cc-1db5-4c99-9bf0-10ef5a072372,2026-03-14,2026-04-13,1563.72,93.84,1657.56,Issued,SampleGen
INV-1e3b0c81-4451-480a-b95f-2f04c7cf1cec,ID203176,CID-174,1e3b0c81-4451-480a-b95f-2f04c7cf1cec,2026-04-21,2026-05-21,1279.78,76.8,1356.58,Issued,SampleGen
INV-0123c938-0232-4503-a4d1-d2788e281444,ID203177,CID-175,0123c938-0232-4503-a4d1-d2788e281444,2025-04-06,2025-05-06,3099.82,186.0,3285.82,Issued,SampleGen
INV-d95220ef-f94d-4fea-912d-55662395c32c,ID203178,CID-175,d95220ef-f94d-4fea-912d-55662395c32c,2025-05-30,2025-06-29,3195.82,191.76,3387.58,Issued,SampleGen
INV-cc4c1fae-67bc-481a-838b-1cf1c9acd48d,ID203179,CID-175,cc4c1fae-67bc-481a-838b-1cf1c9acd48d,2025-07-22,2025-08-21,1979.84,118.8,2098.64,Issued,SampleGen
INV-14d34815-6cff-4e00-995b-df5c034c4648,ID203180,CID-175,14d34815-6cff-4e00-995b-df5c034c4648,2025-08-07,2025-09-06,947.88,56.88,1004.76,Issued,SampleGen
INV-ee4cbae7-6e41-40bf-9402-131e88408acd,ID203181,CID-175,ee4cbae7-6e41-40bf-9402-131e88408acd,2025-09-03,2025-10-03,1373.88,82.44,1456.32,Issued,SampleGen
INV-b0c08b45-3648-4f8f-9a5b-ed4d4b0d9cc4,ID203182,CID-175,b0c08b45-3648-4f8f-9a5b-ed4d4b0d9cc4,2025-10-05,2025-11-04,819.8,49.2,869.0,Issued,SampleGen
INV-0c006f59-0a2a-4436-9768-481741a31a42,ID203183,CID-175,0c006f59-0a2a-4436-9768-481741a31a42,2025-11-18,2025-12-18,2143.84,128.64,2272.48,Issued,SampleGen
INV-7975e15b-1f20-4694-98da-40f240f1939d,ID203184,CID-175,7975e15b-1f20-4694-98da-40f240f1939d,2025-12-27,2026-01-26,4927.84,295.68,5223.52,Issued,SampleGen
INV-dd0fa520-e30c-4569-be1e-870754e97889,ID203185,CID-175,dd0fa520-e30c-4569-be1e-870754e97889,2026-01-13,2026-02-12,457.86,27.48,485.34,Issued,SampleGen
INV-5ed34c0e-26f4-4ee2-9b86-2f515a361910,ID203186,CID-175,5ed34c0e-26f4-4ee2-9b86-2f515a361910,2026-02-27,2026-03-29,1017.86,61.08,1078.94,Issued,SampleGen
INV-deb441f8-7f48-426a-8238-df0c028d0007,ID203187,CID-175,deb441f8-7f48-426a-8238-df0c028d0007,2026-03-17,2026-04-16,4953.74,297.24,5250.98,Issued,SampleGen
INV-20a40f88-f8f4-4d74-bc3b-189e332d734e,ID203188,CID-175,20a40f88-f8f4-4d74-bc3b-189e332d734e,2026-04-21,2026-05-21,4855.72,291.36,5147.08,Issued,SampleGen
INV-da1ef6e8-4c82-4503-9070-6e6944ab2175,ID203189,CID-176,da1ef6e8-4c82-4503-9070-6e6944ab2175,2025-01-14,2025-02-13,2911.72,174.72,3086.44,Issued,SampleGen
INV-ce840d81-c3f0-453b-a4d8-e7af9c9f6976,ID203190,CID-176,ce840d81-c3f0-453b-a4d8-e7af9c9f6976,2025-03-24,2025-04-23,4303.76,258.24,4562.0,Issued,SampleGen
INV-59d58f8f-b7e9-4765-8cc5-c0e54c252080,ID203191,CID-176,59d58f8f-b7e9-4765-8cc5-c0e54c252080,2025-05-29,2025-06-28,2775.86,166.56,2942.42,Issued,SampleGen
INV-7d32ac97-5366-4185-8077-3f394d8ca64b,ID203192,CID-176,7d32ac97-5366-4185-8077-3f394d8ca64b,2025-06-09,2025-07-09,3647.78,218.88,3866.66,Issued,SampleGen
INV-08f14d8d-8230-4307-b7f1-dccd7516d416,ID203193,CID-176,08f14d8d-8230-4307-b7f1-dccd7516d416,2025-08-22,2025-09-21,1399.82,84.0,1483.82,Issued,SampleGen
INV-bd7718b1-3a32-48a3-bb44-70960bd82649,ID203194,CID-176,bd7718b1-3a32-48a3-bb44-70960bd82649,2025-09-19,2025-10-19,1559.74,93.6,1653.34,Issued,SampleGen
INV-94ad2f85-7565-41af-b985-da7000690344,ID203195,CID-176,94ad2f85-7565-41af-b985-da7000690344,2025-12-03,2026-01-02,761.76,45.72,807.48,Issued,SampleGen
INV-fda9d44f-ae50-4297-9293-2f667eade302,ID203196,CID-176,fda9d44f-ae50-4297-9293-2f667eade302,2026-01-23,2026-02-22,2753.88,165.24,2919.12,Issued,SampleGen
INV-6df4aef4-d5eb-45ce-ac52-4c62cb4cf3ee,ID203197,CID-176,6df4aef4-d5eb-45ce-ac52-4c62cb4cf3ee,2026-02-20,2026-03-22,2329.76,139.8,2469.56,Issued,SampleGen
INV-4d86f824-4310-4313-98ea-6af0f4c8e84a,ID203198,CID-176,4d86f824-4310-4313-98ea-6af0f4c8e84a,2026-03-12,2026-04-11,407.9,24.48,432.38,Issued,SampleGen
INV-0e1f3ef6-362e-48f8-8e54-f57968fc51ea,ID203199,CID-176,0e1f3ef6-362e-48f8-8e54-f57968fc51ea,2026-05-01,2026-05-31,4091.8,245.52,4337.32,Issued,SampleGen
INV-e702d86d-d26a-4886-b994-d043a188a8fa,ID203200,CID-177,e702d86d-d26a-4886-b994-d043a188a8fa,2025-01-11,2025-02-10,4927.84,295.68,5223.52,Issued,SampleGen
INV-56b872c6-8aba-44b4-ae05-5ffcf98e58ce,ID203201,CID-177,56b872c6-8aba-44b4-ae05-5ffcf98e58ce,2025-05-21,2025-06-20,2991.82,179.52,3171.34,Issued,SampleGen
INV-b1836a39-9335-4cc9-a066-c2219ad03858,ID203202,CID-177,b1836a39-9335-4cc9-a066-c2219ad03858,2025-09-17,2025-10-17,1123.78,67.44,1191.22,Issued,SampleGen
INV-7f820612-6be5-4e20-bccb-ad7551eae342,ID203203,CID-177,7f820612-6be5-4e20-bccb-ad7551eae342,2026-03-13,2026-04-12,1311.8,78.72,1390.52,Issued,SampleGen
INV-51c3afe1-be20-4897-b998-d7f4acbf50ee,ID203204,CID-177,51c3afe1-be20-4897-b998-d7f4acbf50ee,2026-04-29,2026-05-29,1591.72,95.52,1687.24,Issued,SampleGen
INV-3cc5ffaf-fad7-4832-8d45-8dc53f10b905,ID203205,CID-178,3cc5ffaf-fad7-4832-8d45-8dc53f10b905,2025-02-22,2025-03-24,1039.78,62.4,1102.18,Issued,SampleGen
INV-abe25317-39cd-4132-afd0-c141f40c4300,ID203206,CID-178,abe25317-39cd-4132-afd0-c141f40c4300,2025-03-04,2025-04-03,2399.76,144.0,2543.76,Issued,SampleGen
INV-68ef1b2e-959e-4859-92d0-d7d6a6322be3,ID203207,CID-178,68ef1b2e-959e-4859-92d0-d7d6a6322be3,2025-08-24,2025-09-23,3935.74,236.16,4171.9,Issued,SampleGen
INV-cff91da5-36d5-40cc-8f59-82d8c1df43c6,ID203208,CID-178,cff91da5-36d5-40cc-8f59-82d8c1df43c6,2025-09-19,2025-10-19,405.86,24.36,430.22,Issued,SampleGen
INV-032fb317-fe8c-4007-a062-ae6bf6506139,ID203209,CID-178,032fb317-fe8c-4007-a062-ae6bf6506139,2025-10-16,2025-11-15,1349.88,81.0,1430.88,Issued,SampleGen
INV-8f2c96ba-96ed-4f3e-bb50-5e14df1cd292,ID203210,CID-178,8f2c96ba-96ed-4f3e-bb50-5e14df1cd292,2025-11-15,2025-12-15,1795.74,107.76,1903.5,Issued,SampleGen
INV-ab1389b6-49f0-407d-b240-7aece62cba82,ID203211,CID-178,ab1389b6-49f0-407d-b240-7aece62cba82,2025-12-07,2026-01-06,4687.76,281.28,4969.04,Issued,SampleGen
INV-cba458cf-16c3-4e19-ac00-82f429267f13,ID203212,CID-178,cba458cf-16c3-4e19-ac00-82f429267f13,2026-01-06,2026-02-05,1707.82,102.48,1810.3,Issued,SampleGen
INV-27d4c2e8-e03f-4c21-b9a1-7f4a74832dbf,ID203213,CID-178,27d4c2e8-e03f-4c21-b9a1-7f4a74832dbf,2026-02-24,2026-03-26,2191.78,131.52,2323.3,Issued,SampleGen
INV-96395ea5-0d18-45fb-803e-352c89f2bf58,ID203214,CID-178,96395ea5-0d18-45fb-803e-352c89f2bf58,2026-03-25,2026-04-24,3275.86,196.56,3472.42,Issued,SampleGen
INV-f6cbf0b5-c495-4dd0-bd62-3c140b41e3bd,ID203215,CID-178,f6cbf0b5-c495-4dd0-bd62-3c140b41e3bd,2026-04-07,2026-05-07,459.92,27.6,487.52,Issued,SampleGen
INV-cae15a87-db23-4396-bc6c-25417b2c125f,ID203216,CID-179,cae15a87-db23-4396-bc6c-25417b2c125f,2025-02-20,2025-03-22,2897.76,173.88,3071.64,Issued,SampleGen
INV-fd245bd9-4000-4509-898e-94dae83d81a8,ID203217,CID-179,fd245bd9-4000-4509-898e-94dae83d81a8,2025-05-26,2025-06-25,1717.86,103.08,1820.94,Issued,SampleGen
INV-cb3fac36-9f0b-4719-9463-fbe46efd4e25,ID203218,CID-179,cb3fac36-9f0b-4719-9463-fbe46efd4e25,2025-06-24,2025-07-24,4181.74,250.92,4432.66,Issued,SampleGen
INV-b590e6b1-8264-42d3-b2bf-ff1686af66b8,ID203219,CID-179,b590e6b1-8264-42d3-b2bf-ff1686af66b8,2025-07-28,2025-08-27,2191.82,131.52,2323.34,Issued,SampleGen
INV-11b5d39d-3df2-40d1-a6b1-5f1bf1580a48,ID203220,CID-179,11b5d39d-3df2-40d1-a6b1-5f1bf1580a48,2025-11-15,2025-12-15,2139.74,128.4,2268.14,Issued,SampleGen
INV-637a621d-8bc7-40a6-b1ec-46efc59df5c1,ID203221,CID-179,637a621d-8bc7-40a6-b1ec-46efc59df5c1,2026-03-25,2026-04-24,745.78,44.76,790.54,Issued,SampleGen
INV-20268b96-83ab-45af-9061-bd5269a0bced,ID203222,CID-179,20268b96-83ab-45af-9061-bd5269a0bced,2026-04-25,2026-05-25,2159.8,129.6,2289.4,Issued,SampleGen
INV-c9b2204e-1ad0-4b9e-b2c7-1885c2903c54,ID203223,CID-180,c9b2204e-1ad0-4b9e-b2c7-1885c2903c54,2025-02-20,2025-03-22,379.88,22.8,402.68,Issued,SampleGen
INV-c4272291-361f-4ecd-bd44-b16c042829f6,ID203224,CID-180,c4272291-361f-4ecd-bd44-b16c042829f6,2025-03-29,2025-04-28,679.84,40.8,720.64,Issued,SampleGen
INV-1d7c84d3-5507-4dbd-a05b-59bd8ab3d80e,ID203225,CID-180,1d7c84d3-5507-4dbd-a05b-59bd8ab3d80e,2025-04-04,2025-05-04,1299.9,78.0,1377.9,Issued,SampleGen
INV-604fb49b-9a96-4021-b4b2-bbe170e6a065,ID203226,CID-180,604fb49b-9a96-4021-b4b2-bbe170e6a065,2025-05-13,2025-06-12,499.92,30.0,529.92,Issued,SampleGen
INV-7003be82-3230-443a-9524-a1a995a1af6a,ID203227,CID-180,7003be82-3230-443a-9524-a1a995a1af6a,2025-06-25,2025-07-25,743.84,44.64,788.48,Issued,SampleGen
INV-91509fc9-7225-42fc-be09-b7cd901fcd6d,ID203228,CID-180,91509fc9-7225-42fc-be09-b7cd901fcd6d,2025-07-03,2025-08-02,1089.76,65.4,1155.16,Issued,SampleGen
INV-ab225454-888e-4698-bfd9-fe1463cf8f49,ID203229,CID-180,ab225454-888e-4698-bfd9-fe1463cf8f49,2025-07-29,2025-08-28,2797.74,167.88,2965.62,Issued,SampleGen
INV-9d6742cc-7844-4aa7-93d9-04668f2a388e,ID203230,CID-180,9d6742cc-7844-4aa7-93d9-04668f2a388e,2025-08-26,2025-09-25,839.8,50.4,890.2,Issued,SampleGen
INV-1e5e84b0-4b46-4b9a-b6ab-aa26552944f3,ID203231,CID-180,1e5e84b0-4b46-4b9a-b6ab-aa26552944f3,2025-09-15,2025-10-15,2499.84,150.0,2649.84,Issued,SampleGen
INV-afd9927c-394d-4c6a-a1d6-690fad12c20f,ID203232,CID-180,afd9927c-394d-4c6a-a1d6-690fad12c20f,2025-10-11,2025-11-10,661.78,39.72,701.5,Issued,SampleGen
INV-c977d98f-710d-49b8-8362-8641f4713a48,ID203233,CID-180,c977d98f-710d-49b8-8362-8641f4713a48,2025-11-15,2025-12-15,1255.9,75.36,1331.26,Issued,SampleGen
INV-e026de53-6ea6-4399-a113-ccaadbab4814,ID203234,CID-180,e026de53-6ea6-4399-a113-ccaadbab4814,2025-11-24,2025-12-24,1709.74,102.6,1812.34,Issued,SampleGen
INV-aed27593-05d8-47b4-90af-84608a024462,ID203235,CID-180,aed27593-05d8-47b4-90af-84608a024462,2025-12-10,2026-01-09,4857.76,291.48,5149.24,Issued,SampleGen
INV-7e485426-44b6-40c0-b3eb-ab4d416d3af0,ID203236,CID-180,7e485426-44b6-40c0-b3eb-ab4d416d3af0,2025-12-10,2026-01-09,1331.7,79.92,1411.62,Issued,SampleGen
INV-408554d4-24e5-46fa-8b4d-f0824bd79b4c,ID203237,CID-180,408554d4-24e5-46fa-8b4d-f0824bd79b4c,2026-01-20,2026-02-19,4007.76,240.48,4248.24,Issued,SampleGen
INV-e589f2f8-fcb6-4970-8ebb-6f56e35d944e,ID203238,CID-180,e589f2f8-fcb6-4970-8ebb-6f56e35d944e,2026-01-14,2026-02-13,503.88,30.24,534.12,Issued,SampleGen
INV-512dd5b6-d210-4f7f-a2f3-ea5f89c7dcf2,ID203239,CID-180,512dd5b6-d210-4f7f-a2f3-ea5f89c7dcf2,2026-02-06,2026-03-08,4039.84,242.4,4282.24,Issued,SampleGen
INV-a4de5cce-7e50-4a98-af5a-481e86f4380a,ID203240,CID-180,a4de5cce-7e50-4a98-af5a-481e86f4380a,2026-02-28,2026-03-30,2435.8,146.16,2581.96,Issued,SampleGen
INV-d0b0baee-4c88-4796-a63f-b9737c4860b3,ID203241,CID-180,d0b0baee-4c88-4796-a63f-b9737c4860b3,2026-03-29,2026-04-28,841.8,50.52,892.32,Issued,SampleGen
INV-b61fc08c-f106-46f5-b942-2ae05cc37044,ID203242,CID-180,b61fc08c-f106-46f5-b942-2ae05cc37044,2026-03-26,2026-04-25,4063.72,243.84,4307.56,Issued,SampleGen
INV-33e8a5d1-3f90-4ebb-92f1-b792e7d2be28,ID203243,CID-180,33e8a5d1-3f90-4ebb-92f1-b792e7d2be28,2026-04-10,2026-05-10,663.86,39.84,703.7,Issued,SampleGen
INV-25cc42b5-7522-47cc-9696-7874c2656e45,ID203244,CID-180,25cc42b5-7522-47cc-9696-7874c2656e45,2026-04-27,2026-05-27,3629.76,217.8,3847.56,Issued,SampleGen
INV-b6294d6c-83ee-4735-8f09-e81be296ce76,ID203245,CID-181,b6294d6c-83ee-4735-8f09-e81be296ce76,2025-10-18,2025-11-17,639.82,38.4,678.22,Issued,SampleGen
INV-daffd1a0-02c6-4893-b7e0-d36909fe9ba0,ID203246,CID-181,daffd1a0-02c6-4893-b7e0-d36909fe9ba0,2025-11-21,2025-12-21,1079.74,64.8,1144.54,Issued,SampleGen
INV-5d2e29ff-b6d2-4005-97f2-d25ad29310aa,ID203247,CID-182,5d2e29ff-b6d2-4005-97f2-d25ad29310aa,2025-08-02,2025-09-01,847.82,50.88,898.7,Issued,SampleGen
INV-8248461c-fa27-4c5d-b83b-7296bebe0a55,ID203248,CID-182,8248461c-fa27-4c5d-b83b-7296bebe0a55,2025-10-30,2025-11-29,543.84,32.64,576.48,Issued,SampleGen
INV-970c78aa-7561-4ed4-ad1d-fbf5a6999918,ID203249,CID-182,970c78aa-7561-4ed4-ad1d-fbf5a6999918,2025-11-06,2025-12-06,1507.86,90.48,1598.34,Issued,SampleGen
INV-08ffa5a5-c65b-455a-8b67-88a9d0eef694,ID203250,CID-182,08ffa5a5-c65b-455a-8b67-88a9d0eef694,2026-02-15,2026-03-17,1711.8,102.72,1814.52,Issued,SampleGen
INV-853d0351-be27-4d44-8eb8-3a8456cf516a,ID203251,CID-183,853d0351-be27-4d44-8eb8-3a8456cf516a,2025-05-04,2025-06-03,4231.76,253.92,4485.68,Issued,SampleGen
INV-b5a0f6b2-6c61-479c-9de6-3554460c50cf,ID203252,CID-183,b5a0f6b2-6c61-479c-9de6-3554460c50cf,2025-10-24,2025-11-23,3591.88,215.52,3807.4,Issued,SampleGen
INV-26de6f88-912b-4922-a18b-204a0517135c,ID203253,CID-183,26de6f88-912b-4922-a18b-204a0517135c,2025-11-20,2025-12-20,1731.82,103.92,1835.74,Issued,SampleGen
INV-7ff5e7ef-c106-44e7-ae05-7ed118351dd6,ID203254,CID-183,7ff5e7ef-c106-44e7-ae05-7ed118351dd6,2026-01-15,2026-02-14,2503.84,150.24,2654.08,Issued,SampleGen
INV-10c06128-97d1-4e15-9f95-19372fdc0826,ID203255,CID-184,10c06128-97d1-4e15-9f95-19372fdc0826,2025-01-30,2025-03-01,1779.74,106.8,1886.54,Issued,SampleGen
INV-7621c8a5-ec4b-457d-b556-7587d1d9e4b7,ID203256,CID-184,7621c8a5-ec4b-457d-b556-7587d1d9e4b7,2025-02-09,2025-03-11,2727.82,163.68,2891.5,Issued,SampleGen
INV-109483e6-6bb7-4e7a-ae6d-6a84bfd0fb4c,ID203257,CID-184,109483e6-6bb7-4e7a-ae6d-6a84bfd0fb4c,2025-03-05,2025-04-04,957.9,57.48,1015.38,Issued,SampleGen
INV-2d439dea-f7e3-4536-8d5c-83e49d0f1dc6,ID203258,CID-184,2d439dea-f7e3-4536-8d5c-83e49d0f1dc6,2025-04-29,2025-05-29,1679.88,100.8,1780.68,Issued,SampleGen
INV-de2b4fb9-fed1-4fd3-8686-40f8e960115f,ID203259,CID-184,de2b4fb9-fed1-4fd3-8686-40f8e960115f,2025-05-23,2025-06-22,995.86,59.76,1055.62,Issued,SampleGen
INV-7267559b-c33e-4d11-a93c-570217fd521e,ID203260,CID-184,7267559b-c33e-4d11-a93c-570217fd521e,2025-07-01,2025-07-31,1341.74,80.52,1422.26,Issued,SampleGen
INV-21dfd48c-14b5-4437-ba6d-ef3a2f0c0af6,ID203261,CID-184,21dfd48c-14b5-4437-ba6d-ef3a2f0c0af6,2025-06-10,2025-07-10,3555.78,213.36,3769.14,Issued,SampleGen
INV-3ba61110-9b7e-4882-b9f0-19bdb51e0308,ID203262,CID-184,3ba61110-9b7e-4882-b9f0-19bdb51e0308,2025-07-28,2025-08-27,3889.74,233.4,4123.14,Issued,SampleGen
INV-e7e70147-b90f-40a2-8ec8-a383241b32b0,ID203263,CID-184,e7e70147-b90f-40a2-8ec8-a383241b32b0,2025-08-11,2025-09-10,1469.84,88.2,1558.04,Issued,SampleGen
INV-ae90cfd3-a6e5-4ed3-9a31-d02f00040cd5,ID203264,CID-184,ae90cfd3-a6e5-4ed3-9a31-d02f00040cd5,2025-08-28,2025-09-27,671.9,40.32,712.22,Issued,SampleGen
INV-91cebc5e-5728-41fe-b548-05e27577b6e0,ID203265,CID-184,91cebc5e-5728-41fe-b548-05e27577b6e0,2025-09-13,2025-10-13,3647.86,218.88,3866.74,Issued,SampleGen
INV-3f657c7e-b25f-4219-abf5-0265eab0ef3e,ID203266,CID-184,3f657c7e-b25f-4219-abf5-0265eab0ef3e,2025-10-23,2025-11-22,4051.76,243.12,4294.88,Issued,SampleGen
INV-fc8fedec-ae7a-4bdf-ac64-cf8ae00e17d9,ID203267,CID-184,fc8fedec-ae7a-4bdf-ac64-cf8ae00e17d9,2025-11-29,2025-12-29,5311.8,318.72,5630.52,Issued,SampleGen
INV-5fc641ec-7ac3-4459-8b04-ba510eaaaf7f,ID203268,CID-184,5fc641ec-7ac3-4459-8b04-ba510eaaaf7f,2025-12-02,2026-01-01,2225.82,133.56,2359.38,Issued,SampleGen
INV-707c6f03-c18c-42d7-87ff-e079c6343d1b,ID203269,CID-184,707c6f03-c18c-42d7-87ff-e079c6343d1b,2025-12-14,2026-01-13,555.86,33.36,589.22,Issued,SampleGen
INV-15268fb3-625a-4a71-865f-d7f3787e2195,ID203270,CID-184,15268fb3-625a-4a71-865f-d7f3787e2195,2026-01-10,2026-02-09,5427.74,325.68,5753.42,Issued,SampleGen
INV-a4080b52-c3b8-4378-9a28-38a80e2197f9,ID203271,CID-184,a4080b52-c3b8-4378-9a28-38a80e2197f9,2026-02-07,2026-03-09,945.74,56.76,1002.5,Issued,SampleGen
INV-3abaec8f-f2b9-4b9d-94ba-a94cd2ef00e5,ID203272,CID-184,3abaec8f-f2b9-4b9d-94ba-a94cd2ef00e5,2026-02-24,2026-03-26,4065.74,243.96,4309.7,Issued,SampleGen
INV-b39891ea-498d-48c4-a103-90246d94ed32,ID203273,CID-184,b39891ea-498d-48c4-a103-90246d94ed32,2026-03-18,2026-04-17,699.78,42.0,741.78,Issued,SampleGen
INV-96fbf3d5-9350-4c82-a734-1c24dc334793,ID203274,CID-184,96fbf3d5-9350-4c82-a734-1c24dc334793,2026-03-14,2026-04-13,5347.76,320.88,5668.64,Issued,SampleGen
INV-1713c41a-e253-4891-acdb-76e99dda14da,ID203275,CID-184,1713c41a-e253-4891-acdb-76e99dda14da,2026-04-19,2026-05-19,2847.72,170.88,3018.6,Issued,SampleGen
INV-b45747a9-ed2b-478c-82c9-f00438df2b4e,ID203276,CID-184,b45747a9-ed2b-478c-82c9-f00438df2b4e,2026-04-28,2026-05-28,917.86,55.08,972.94,Issued,SampleGen
INV-835b8561-73ca-4c74-af9a-0effc5775adc,ID203277,CID-184,835b8561-73ca-4c74-af9a-0effc5775adc,2026-04-18,2026-05-18,2907.76,174.48,3082.24,Issued,SampleGen
INV-1419eb5a-2458-4c13-a9d4-883fe170359e,ID203278,CID-185,1419eb5a-2458-4c13-a9d4-883fe170359e,2025-01-12,2025-02-11,4395.76,263.76,4659.52,Issued,SampleGen
INV-da01d84e-1117-41d7-aca7-45fd060ba84b,ID203279,CID-185,da01d84e-1117-41d7-aca7-45fd060ba84b,2025-02-04,2025-03-06,3799.8,228.0,4027.8,Issued,SampleGen
INV-15e30a2f-4454-4e03-bc09-edc70a10be3c,ID203280,CID-185,15e30a2f-4454-4e03-bc09-edc70a10be3c,2025-03-26,2025-04-25,2419.78,145.2,2564.98,Issued,SampleGen
INV-e41e29fd-6b84-4f18-985e-1f25b1190cfe,ID203281,CID-185,e41e29fd-6b84-4f18-985e-1f25b1190cfe,2025-04-07,2025-05-07,869.84,52.2,922.04,Issued,SampleGen
INV-373dcc83-89e8-429b-b63e-d654d6f58b09,ID203282,CID-185,373dcc83-89e8-429b-b63e-d654d6f58b09,2025-04-08,2025-05-08,2457.7,147.48,2605.18,Issued,SampleGen
INV-04067850-ab3f-4e3c-95f1-b8d1f4d75e9b,ID203283,CID-185,04067850-ab3f-4e3c-95f1-b8d1f4d75e9b,2025-05-13,2025-06-12,475.92,28.56,504.48,Issued,SampleGen
INV-038b5d41-7b52-4e3a-9e5d-31c4154f793b,ID203284,CID-185,038b5d41-7b52-4e3a-9e5d-31c4154f793b,2025-06-20,2025-07-20,4111.76,246.72,4358.48,Issued,SampleGen
INV-1e2f85b2-5bff-418d-94a6-3e2995a8ccb9,ID203285,CID-185,1e2f85b2-5bff-418d-94a6-3e2995a8ccb9,2025-06-13,2025-07-13,4091.8,245.52,4337.32,Issued,SampleGen
INV-8eb2f0d2-a339-4e9d-83b2-261c34711c7f,ID203286,CID-185,8eb2f0d2-a339-4e9d-83b2-261c34711c7f,2025-07-09,2025-08-08,231.92,13.92,245.84,Issued,SampleGen
INV-f8e12fab-6cfa-4c59-a7ae-0c15971fdde1,ID203287,CID-185,f8e12fab-6cfa-4c59-a7ae-0c15971fdde1,2025-08-14,2025-09-13,959.8,57.6,1017.4,Issued,SampleGen
INV-58243de6-d2a0-4eaa-a7f7-485138c13ca3,ID203288,CID-185,58243de6-d2a0-4eaa-a7f7-485138c13ca3,2025-09-01,2025-10-01,1835.92,110.16,1946.08,Issued,SampleGen
INV-afbc536b-ea3b-4d52-b39f-46a77f1c35ca,ID203289,CID-185,afbc536b-ea3b-4d52-b39f-46a77f1c35ca,2025-09-18,2025-10-18,1439.84,86.4,1526.24,Issued,SampleGen
INV-eaf85bc0-169b-45ef-bf21-88682a590e46,ID203290,CID-185,eaf85bc0-169b-45ef-bf21-88682a590e46,2025-10-13,2025-11-12,3799.82,228.0,4027.82,Issued,SampleGen
INV-dc6b3209-88dc-42bd-b39f-643689759f1e,ID203291,CID-185,dc6b3209-88dc-42bd-b39f-643689759f1e,2025-10-24,2025-11-23,4415.72,264.96,4680.68,Issued,SampleGen
INV-5c279679-9e1f-4a08-89b2-1b3fe4472ac0,ID203292,CID-185,5c279679-9e1f-4a08-89b2-1b3fe4472ac0,2025-11-10,2025-12-10,671.9,40.32,712.22,Issued,SampleGen
INV-7c223d72-c284-4839-9703-9cd40e30de15,ID203293,CID-185,7c223d72-c284-4839-9703-9cd40e30de15,2025-12-21,2026-01-20,4731.82,283.92,5015.74,Issued,SampleGen
INV-9737a818-84ee-4182-980b-3823936093d8,ID203294,CID-185,9737a818-84ee-4182-980b-3823936093d8,2026-01-02,2026-02-01,469.86,28.2,498.06,Issued,SampleGen
INV-91e7ee9a-210e-4a25-b15e-c1acf2e24e4b,ID203295,CID-185,91e7ee9a-210e-4a25-b15e-c1acf2e24e4b,2026-01-16,2026-02-15,3685.78,221.16,3906.94,Issued,SampleGen
INV-256e1bb3-6472-4666-af02-01e654c4abdb,ID203296,CID-185,256e1bb3-6472-4666-af02-01e654c4abdb,2026-02-11,2026-03-13,767.9,46.08,813.98,Issued,SampleGen
INV-8f593fb4-35e6-4bc8-8c80-e550fb360f31,ID203297,CID-185,8f593fb4-35e6-4bc8-8c80-e550fb360f31,2026-02-07,2026-03-09,2335.78,140.16,2475.94,Issued,SampleGen
INV-13aa0192-f82a-48b4-83c8-a0f72d2910ef,ID203298,CID-185,13aa0192-f82a-48b4-83c8-a0f72d2910ef,2026-03-09,2026-04-08,3375.74,202.56,3578.3,Issued,SampleGen
INV-27fd02df-a81b-4fcc-8c8d-50d0f4193d6a,ID203299,CID-185,27fd02df-a81b-4fcc-8c8d-50d0f4193d6a,2026-03-20,2026-04-19,1227.78,73.68,1301.46,Issued,SampleGen
INV-ae06ee40-c169-4d4f-b2e9-8d043e695f47,ID203300,CID-185,ae06ee40-c169-4d4f-b2e9-8d043e695f47,2026-04-12,2026-05-12,3855.8,231.36,4087.16,Issued,SampleGen
INV-97650283-097b-4044-86a0-38cfc2808803,ID203301,CID-185,97650283-097b-4044-86a0-38cfc2808803,2026-04-30,2026-05-30,1935.88,116.16,2052.04,Issued,SampleGen
INV-589fffa9-94b3-4c09-a3e9-69c308a30bf6,ID203302,CID-185,589fffa9-94b3-4c09-a3e9-69c308a30bf6,2026-04-15,2026-05-15,1707.78,102.48,1810.26,Issued,SampleGen
INV-49f22e24-e0ef-4ad2-947b-2ec7c0247812,ID203303,CID-186,49f22e24-e0ef-4ad2-947b-2ec7c0247812,2025-10-21,2025-11-20,2179.82,130.8,2310.62,Issued,SampleGen
INV-b99443ba-0226-4c4e-9c04-4ea1c48531b5,ID203304,CID-186,b99443ba-0226-4c4e-9c04-4ea1c48531b5,2026-01-25,2026-02-24,2053.86,123.24,2177.1,Issued,SampleGen
INV-d144c878-c3a8-4b55-8ab2-7cb68d9457d2,ID203305,CID-187,d144c878-c3a8-4b55-8ab2-7cb68d9457d2,2025-01-07,2025-02-06,1009.86,60.6,1070.46,Issued,SampleGen
INV-f55a47e6-2cfa-4271-b3c5-63a90508beb2,ID203306,CID-187,f55a47e6-2cfa-4271-b3c5-63a90508beb2,2025-02-09,2025-03-11,291.88,17.52,309.4,Issued,SampleGen
INV-1c7dc81f-6f3d-438d-a1c5-98b65b702d0a,ID203307,CID-187,1c7dc81f-6f3d-438d-a1c5-98b65b702d0a,2025-03-10,2025-04-09,1025.82,61.56,1087.38,Issued,SampleGen
INV-a9bcbfde-d4c9-4927-9660-bcdefa3af0e0,ID203308,CID-187,a9bcbfde-d4c9-4927-9660-bcdefa3af0e0,2025-05-24,2025-06-23,2923.74,175.44,3099.18,Issued,SampleGen
INV-184002dd-b00f-4387-a6b4-3a8fc4c524e7,ID203309,CID-187,184002dd-b00f-4387-a6b4-3a8fc4c524e7,2025-06-18,2025-07-18,1299.9,78.0,1377.9,Issued,SampleGen
INV-7036f60a-23cd-468b-a362-b1dcbcebfdb9,ID203310,CID-187,7036f60a-23cd-468b-a362-b1dcbcebfdb9,2025-07-05,2025-08-04,2529.78,151.8,2681.58,Issued,SampleGen
INV-49de478b-2a0a-4ad0-bc53-22eab1f0a38c,ID203311,CID-187,49de478b-2a0a-4ad0-bc53-22eab1f0a38c,2025-08-12,2025-09-11,351.92,21.12,373.04,Issued,SampleGen
INV-258c704f-50a8-4d09-84b5-ca6c50b09b67,ID203312,CID-187,258c704f-50a8-4d09-84b5-ca6c50b09b67,2025-09-05,2025-10-05,2953.8,177.24,3131.04,Issued,SampleGen
INV-bdf0e82b-88db-48dc-8d32-fffad8af50c0,ID203313,CID-187,bdf0e82b-88db-48dc-8d32-fffad8af50c0,2025-10-24,2025-11-23,735.84,44.16,780.0,Issued,SampleGen
INV-9f842b77-9593-430a-a14f-c00b9fa0edcf,ID203314,CID-187,9f842b77-9593-430a-a14f-c00b9fa0edcf,2025-11-21,2025-12-21,1119.88,67.2,1187.08,Issued,SampleGen
INV-b15552de-a539-41b0-b6a6-c6ff311a7c7b,ID203315,CID-187,b15552de-a539-41b0-b6a6-c6ff311a7c7b,2025-12-31,2026-01-30,4487.8,269.28,4757.08,Issued,SampleGen
INV-22002679-b5fb-4144-8242-71c727ba4f8d,ID203316,CID-187,22002679-b5fb-4144-8242-71c727ba4f8d,2026-01-31,2026-03-02,347.88,20.88,368.76,Issued,SampleGen
INV-54059b10-d130-4ff1-8547-55a86418c85c,ID203317,CID-187,54059b10-d130-4ff1-8547-55a86418c85c,2026-02-26,2026-03-28,2169.84,130.2,2300.04,Issued,SampleGen
INV-30d52fbb-3a71-4a81-99e9-83c1ae6fd84d,ID203318,CID-187,30d52fbb-3a71-4a81-99e9-83c1ae6fd84d,2026-03-25,2026-04-24,349.9,21.0,370.9,Issued,SampleGen
INV-1d1e0883-de3e-4209-aa42-a4dfaa7ffc34,ID203319,CID-187,1d1e0883-de3e-4209-aa42-a4dfaa7ffc34,2026-04-13,2026-05-13,1391.8,83.52,1475.32,Issued,SampleGen
INV-823ea259-3f1c-4670-86f9-a79fa6f9068f,ID203320,CID-187,823ea259-3f1c-4670-86f9-a79fa6f9068f,2026-04-30,2026-05-30,1167.9,70.08,1237.98,Issued,SampleGen
INV-adce85af-66a5-49ab-99d4-9334c0ae4f82,ID203321,CID-188,adce85af-66a5-49ab-99d4-9334c0ae4f82,2025-01-08,2025-02-07,3869.78,232.2,4101.98,Issued,SampleGen
INV-69c16a51-e771-42b2-b8dc-94338cae53d5,ID203322,CID-188,69c16a51-e771-42b2-b8dc-94338cae53d5,2025-03-27,2025-04-26,735.76,44.16,779.92,Issued,SampleGen
INV-951a9620-c094-42f9-919a-cd4b911013fd,ID203323,CID-188,951a9620-c094-42f9-919a-cd4b911013fd,2025-04-23,2025-05-23,4043.8,242.64,4286.44,Issued,SampleGen
INV-17295b21-0019-4fa8-8393-5f1f152af6eb,ID203324,CID-188,17295b21-0019-4fa8-8393-5f1f152af6eb,2025-05-20,2025-06-19,919.88,55.2,975.08,Issued,SampleGen
INV-8008525c-4e20-4229-954c-5769b8103a07,ID203325,CID-188,8008525c-4e20-4229-954c-5769b8103a07,2025-06-13,2025-07-13,1899.9,114.0,2013.9,Issued,SampleGen
INV-94103108-21b4-4c11-9286-e8823fecf614,ID203326,CID-188,94103108-21b4-4c11-9286-e8823fecf614,2025-07-30,2025-08-29,539.86,32.4,572.26,Issued,SampleGen
INV-17b20d09-60dd-47b2-81f9-b15ab78055a4,ID203327,CID-188,17b20d09-60dd-47b2-81f9-b15ab78055a4,2025-08-11,2025-09-10,299.88,18.0,317.88,Issued,SampleGen
INV-b1d3e4af-74a3-48ff-bc90-b59838271d9f,ID203328,CID-188,b1d3e4af-74a3-48ff-bc90-b59838271d9f,2025-09-25,2025-10-25,657.84,39.48,697.32,Issued,SampleGen
INV-adf5dec7-054c-4ec0-abb6-2c6f1454903d,ID203329,CID-188,adf5dec7-054c-4ec0-abb6-2c6f1454903d,2025-09-11,2025-10-11,1587.78,95.28,1683.06,Issued,SampleGen
INV-de17905e-ebd6-4fd9-9641-dbe5a907fea8,ID203330,CID-188,de17905e-ebd6-4fd9-9641-dbe5a907fea8,2025-10-17,2025-11-16,3419.82,205.2,3625.02,Issued,SampleGen
INV-57727b66-91e2-45b9-9948-f5945f733286,ID203331,CID-188,57727b66-91e2-45b9-9948-f5945f733286,2025-10-07,2025-11-06,679.88,40.8,720.68,Issued,SampleGen
INV-f8810f0b-d517-4a32-89af-63f627263269,ID203332,CID-188,f8810f0b-d517-4a32-89af-63f627263269,2025-11-30,2025-12-30,5267.78,316.08,5583.86,Issued,SampleGen
INV-42bdd36c-451b-4ea5-937c-ad41243e5017,ID203333,CID-188,42bdd36c-451b-4ea5-937c-ad41243e5017,2025-12-09,2026-01-08,2149.86,129.0,2278.86,Issued,SampleGen
INV-30f1f019-6f9d-4da0-a640-0ee9c514df92,ID203334,CID-188,30f1f019-6f9d-4da0-a640-0ee9c514df92,2025-12-16,2026-01-15,1887.92,113.28,2001.2,Issued,SampleGen
INV-8a3b1efa-2bf0-4d3f-81b7-e0235b34ea52,ID203335,CID-188,8a3b1efa-2bf0-4d3f-81b7-e0235b34ea52,2026-01-14,2026-02-13,1169.76,70.2,1239.96,Issued,SampleGen
INV-d29fc66d-8a10-46a8-912d-1e9dc7a18bc5,ID203336,CID-188,d29fc66d-8a10-46a8-912d-1e9dc7a18bc5,2026-01-27,2026-02-26,893.86,53.64,947.5,Issued,SampleGen
INV-e6883488-6e4e-4f42-afcf-0111001e0f9c,ID203337,CID-188,e6883488-6e4e-4f42-afcf-0111001e0f9c,2026-02-12,2026-03-14,4295.72,257.76,4553.48,Issued,SampleGen
INV-6e09ec50-35d7-41d0-a0eb-de35aef794bb,ID203338,CID-188,6e09ec50-35d7-41d0-a0eb-de35aef794bb,2026-02-18,2026-03-20,535.88,32.16,568.04,Issued,SampleGen
INV-7109bf9f-0eb9-4210-b991-a935e31bbb22,ID203339,CID-188,7109bf9f-0eb9-4210-b991-a935e31bbb22,2026-03-27,2026-04-26,903.88,54.24,958.12,Issued,SampleGen
INV-51efe02a-f242-4db3-bfe7-d9e0e46b9716,ID203340,CID-188,51efe02a-f242-4db3-bfe7-d9e0e46b9716,2026-03-13,2026-04-12,3303.8,198.24,3502.04,Issued,SampleGen
INV-1c82356e-9195-420b-a1b3-80add8e2d29a,ID203341,CID-188,1c82356e-9195-420b-a1b3-80add8e2d29a,2026-04-29,2026-05-29,4131.76,247.92,4379.68,Issued,SampleGen
INV-a124f945-4262-4dfe-a044-8626c5855879,ID203342,CID-188,a124f945-4262-4dfe-a044-8626c5855879,2026-04-29,2026-05-29,5679.7,340.8,6020.5,Issued,SampleGen
INV-ddb46b2c-b38b-4ec6-abde-4ee17be9d550,ID203343,CID-189,ddb46b2c-b38b-4ec6-abde-4ee17be9d550,2025-02-27,2025-03-29,2875.84,172.56,3048.4,Issued,SampleGen
INV-eaa6de63-3646-4413-88ba-f7710f39643a,ID203344,CID-189,eaa6de63-3646-4413-88ba-f7710f39643a,2025-04-01,2025-05-01,4151.72,249.12,4400.84,Issued,SampleGen
INV-5dfe8962-9396-42d2-a7c1-a8a98875193d,ID203345,CID-189,5dfe8962-9396-42d2-a7c1-a8a98875193d,2025-04-28,2025-05-28,1859.86,111.6,1971.46,Issued,SampleGen
INV-5db31418-8e08-49d0-a108-e0526c795509,ID203346,CID-189,5db31418-8e08-49d0-a108-e0526c795509,2025-06-22,2025-07-22,2475.74,148.56,2624.3,Issued,SampleGen
INV-be50d792-8f26-4175-a195-dd7213888f80,ID203347,CID-189,be50d792-8f26-4175-a195-dd7213888f80,2025-08-19,2025-09-18,1261.72,75.72,1337.44,Issued,SampleGen
INV-4348b29a-32b0-4332-8131-ce6c830a672f,ID203348,CID-189,4348b29a-32b0-4332-8131-ce6c830a672f,2025-09-26,2025-10-26,1919.88,115.2,2035.08,Issued,SampleGen
INV-629dc141-20b2-4513-a31e-d644e2ebdd15,ID203349,CID-189,629dc141-20b2-4513-a31e-d644e2ebdd15,2025-10-02,2025-11-01,3319.74,199.2,3518.94,Issued,SampleGen
INV-aab62149-5b33-45b1-85c4-573dd992b395,ID203350,CID-189,aab62149-5b33-45b1-85c4-573dd992b395,2025-12-02,2026-01-01,967.84,58.08,1025.92,Issued,SampleGen
INV-aaf30516-86fa-4aad-b456-db4b28614230,ID203351,CID-189,aaf30516-86fa-4aad-b456-db4b28614230,2026-02-02,2026-03-04,3119.84,187.2,3307.04,Issued,SampleGen
INV-6273943a-9579-4238-83b5-8a8bb2c407f0,ID203352,CID-189,6273943a-9579-4238-83b5-8a8bb2c407f0,2026-03-20,2026-04-19,4615.74,276.96,4892.7,Issued,SampleGen
INV-aa751b01-7f19-44c6-9ffa-7ef98393b731,ID203353,CID-190,aa751b01-7f19-44c6-9ffa-7ef98393b731,2025-03-12,2025-04-11,957.9,57.48,1015.38,Issued,SampleGen
INV-55465b4d-025d-4f9e-9708-44681644cd87,ID203354,CID-190,55465b4d-025d-4f9e-9708-44681644cd87,2025-05-03,2025-06-02,5963.86,357.84,6321.7,Issued,SampleGen
INV-b6cd3aa4-dc3b-4afd-bef5-5aedf0202496,ID203355,CID-190,b6cd3aa4-dc3b-4afd-bef5-5aedf0202496,2025-06-02,2025-07-02,4023.74,241.44,4265.18,Issued,SampleGen
INV-0fe75f4c-04b3-4e63-9ad3-6d8e8d61c49a,ID203356,CID-190,0fe75f4c-04b3-4e63-9ad3-6d8e8d61c49a,2025-07-13,2025-08-12,2443.72,146.64,2590.36,Issued,SampleGen
INV-579cef40-895e-4fff-bcda-b2ce6e5eadfa,ID203357,CID-190,579cef40-895e-4fff-bcda-b2ce6e5eadfa,2025-08-30,2025-09-29,631.92,37.92,669.84,Issued,SampleGen
INV-ad802c1e-87e4-49c5-81da-fc036a8b3d95,ID203358,CID-190,ad802c1e-87e4-49c5-81da-fc036a8b3d95,2025-09-04,2025-10-04,3043.8,182.64,3226.44,Issued,SampleGen
INV-49b96939-0301-4493-a95c-a93ce5ffcbb8,ID203359,CID-190,49b96939-0301-4493-a95c-a93ce5ffcbb8,2025-10-15,2025-11-14,1259.88,75.6,1335.48,Issued,SampleGen
INV-69ce09ae-1c86-4c49-952c-60cdb054dfce,ID203360,CID-190,69ce09ae-1c86-4c49-952c-60cdb054dfce,2025-11-07,2025-12-07,2347.72,140.88,2488.6,Issued,SampleGen
INV-7976371c-6c01-4e9e-becf-1faee8fa759d,ID203361,CID-190,7976371c-6c01-4e9e-becf-1faee8fa759d,2025-12-02,2026-01-01,2523.82,151.44,2675.26,Issued,SampleGen
INV-f731ba9f-ab71-463b-9676-e79e63fbf3ef,ID203362,CID-190,f731ba9f-ab71-463b-9676-e79e63fbf3ef,2026-01-05,2026-02-04,367.92,22.08,390.0,Issued,SampleGen
INV-f4b53d88-3379-48d3-a1de-eceee67d8f02,ID203363,CID-190,f4b53d88-3379-48d3-a1de-eceee67d8f02,2026-02-04,2026-03-06,777.74,46.68,824.42,Issued,SampleGen
INV-c77af57a-03fe-4cc1-8e25-52515dfa85a0,ID203364,CID-190,c77af57a-03fe-4cc1-8e25-52515dfa85a0,2026-03-17,2026-04-16,1473.84,88.44,1562.28,Issued,SampleGen
INV-ff729ce5-7639-4389-8fdc-1dbeb3ef41d7,ID203365,CID-190,ff729ce5-7639-4389-8fdc-1dbeb3ef41d7,2026-04-27,2026-05-27,461.86,27.72,489.58,Issued,SampleGen
INV-7cc52358-53c8-4641-a413-3bed8807e2b7,ID203366,CID-191,7cc52358-53c8-4641-a413-3bed8807e2b7,2025-06-27,2025-07-27,473.88,28.44,502.32,Issued,SampleGen
INV-ca148ebb-bdfd-4536-bce7-45fe739bffd3,ID203367,CID-191,ca148ebb-bdfd-4536-bce7-45fe739bffd3,2025-08-01,2025-08-31,1341.78,80.52,1422.3,Issued,SampleGen
INV-7cd2829e-fc30-4bc2-bb58-1bd599947b77,ID203368,CID-191,7cd2829e-fc30-4bc2-bb58-1bd599947b77,2025-08-21,2025-09-20,1215.82,72.96,1288.78,Issued,SampleGen
INV-0f9e1629-546a-4941-8236-05865cf96c48,ID203369,CID-191,0f9e1629-546a-4941-8236-05865cf96c48,2025-11-23,2025-12-23,2827.9,169.68,2997.58,Issued,SampleGen
INV-e2b2e3b4-5baa-424e-97b2-842eecb5d0e5,ID203370,CID-191,e2b2e3b4-5baa-424e-97b2-842eecb5d0e5,2026-01-08,2026-02-07,1507.86,90.48,1598.34,Issued,SampleGen
INV-6f4b6915-cad9-4b7b-874a-6d2962f2fcd5,ID203371,CID-191,6f4b6915-cad9-4b7b-874a-6d2962f2fcd5,2026-02-05,2026-03-07,971.74,58.32,1030.06,Issued,SampleGen
INV-8087c535-00ea-452f-a0b1-28cc83857daf,ID203372,CID-191,8087c535-00ea-452f-a0b1-28cc83857daf,2026-03-09,2026-04-08,883.74,53.04,936.78,Issued,SampleGen
INV-1cd01ab2-e705-4f4b-9662-2f2800c6d63e,ID203373,CID-191,1cd01ab2-e705-4f4b-9662-2f2800c6d63e,2026-04-25,2026-05-25,767.8,46.08,813.88,Issued,SampleGen
INV-a1b90459-1422-4e45-ba71-97c48243d351,ID203374,CID-192,a1b90459-1422-4e45-ba71-97c48243d351,2025-01-07,2025-02-06,1007.78,60.48,1068.26,Issued,SampleGen
INV-fe3fc15c-706b-4e3d-9a8c-b3bfeb15767b,ID203375,CID-192,fe3fc15c-706b-4e3d-9a8c-b3bfeb15767b,2025-04-17,2025-05-17,6347.7,380.88,6728.58,Issued,SampleGen
INV-d566a3ab-e9e1-4864-9e02-679352ab98be,ID203376,CID-192,d566a3ab-e9e1-4864-9e02-679352ab98be,2025-05-16,2025-06-15,399.86,24.0,423.86,Issued,SampleGen
INV-f89c6e6e-a0d9-4b4a-80cf-bb36253930eb,ID203377,CID-192,f89c6e6e-a0d9-4b4a-80cf-bb36253930eb,2025-06-11,2025-07-11,4595.72,275.76,4871.48,Issued,SampleGen
INV-ec1f5108-047b-487c-a897-8b29339941ce,ID203378,CID-192,ec1f5108-047b-487c-a897-8b29339941ce,2025-07-29,2025-08-28,9503.74,570.24,10073.98,Issued,SampleGen
INV-79edaf3e-1cd6-4d2d-bc81-c85f0c9b6891,ID203379,CID-192,79edaf3e-1cd6-4d2d-bc81-c85f0c9b6891,2025-08-05,2025-09-04,1107.76,66.48,1174.24,Issued,SampleGen
INV-75ab1e77-0516-48d4-bfff-4c5b0272f191,ID203380,CID-192,75ab1e77-0516-48d4-bfff-4c5b0272f191,2025-09-11,2025-10-11,1795.86,107.76,1903.62,Issued,SampleGen
INV-c4d8459a-f4b8-4e47-955f-796d34a2dcd5,ID203381,CID-192,c4d8459a-f4b8-4e47-955f-796d34a2dcd5,2025-10-08,2025-11-07,1419.86,85.2,1505.06,Issued,SampleGen
INV-e9c3aedc-3d41-49df-9e26-0c8cca0b979e,ID203382,CID-192,e9c3aedc-3d41-49df-9e26-0c8cca0b979e,2025-10-03,2025-11-02,811.92,48.72,860.64,Issued,SampleGen
INV-332674d9-fc3a-4069-8f1c-13053a985ed6,ID203383,CID-192,332674d9-fc3a-4069-8f1c-13053a985ed6,2025-11-29,2025-12-29,7535.76,452.16,7987.92,Issued,SampleGen
INV-ef0b5626-101a-4de7-a305-b885fcfa2d35,ID203384,CID-192,ef0b5626-101a-4de7-a305-b885fcfa2d35,2025-12-03,2026-01-02,955.74,57.36,1013.1,Issued,SampleGen
INV-0989374b-f9d5-4394-b83e-8250b0cae1a1,ID203385,CID-192,0989374b-f9d5-4394-b83e-8250b0cae1a1,2026-01-26,2026-02-25,4939.74,296.4,5236.14,Issued,SampleGen
INV-9e0aab4d-248f-4be5-a9ee-31d0531f13fa,ID203386,CID-192,9e0aab4d-248f-4be5-a9ee-31d0531f13fa,2026-02-24,2026-03-26,895.76,53.76,949.52,Issued,SampleGen
INV-bfe78a6d-662e-4e7e-aa49-c496574d0a64,ID203387,CID-192,bfe78a6d-662e-4e7e-aa49-c496574d0a64,2026-03-17,2026-04-16,2955.82,177.36,3133.18,Issued,SampleGen
INV-36c35a2b-4411-45e6-b5b3-76be525941df,ID203388,CID-192,36c35a2b-4411-45e6-b5b3-76be525941df,2026-03-17,2026-04-16,1539.76,92.4,1632.16,Issued,SampleGen
INV-a87ca55b-1ecd-4fe7-b494-828a562aae35,ID203389,CID-192,a87ca55b-1ecd-4fe7-b494-828a562aae35,2026-04-26,2026-05-26,769.8,46.2,816.0,Issued,SampleGen
INV-029b903f-3b75-4cb9-894b-0710886f07e1,ID203390,CID-192,029b903f-3b75-4cb9-894b-0710886f07e1,2026-05-01,2026-05-31,929.86,55.8,985.66,Issued,SampleGen
INV-d8674739-8b84-4fb0-8d55-ee526c87790f,ID203391,CID-193,d8674739-8b84-4fb0-8d55-ee526c87790f,2025-02-20,2025-03-22,5201.74,312.12,5513.86,Issued,SampleGen
INV-bb651635-8f53-41ba-ac8e-006c109adcf6,ID203392,CID-193,bb651635-8f53-41ba-ac8e-006c109adcf6,2025-03-17,2025-04-16,367.84,22.08,389.92,Issued,SampleGen
INV-642192e4-0db2-4f7a-9f1a-2f559b49bcf8,ID203393,CID-193,642192e4-0db2-4f7a-9f1a-2f559b49bcf8,2025-05-10,2025-06-09,639.88,38.4,678.28,Issued,SampleGen
INV-8f336fc7-676b-4a36-962a-576cc6312c37,ID203394,CID-193,8f336fc7-676b-4a36-962a-576cc6312c37,2025-07-15,2025-08-14,2445.72,146.76,2592.48,Issued,SampleGen
INV-eab45a0a-42d3-4174-bc5d-13c5375ba5ed,ID203395,CID-193,eab45a0a-42d3-4174-bc5d-13c5375ba5ed,2025-08-05,2025-09-04,1077.78,64.68,1142.46,Issued,SampleGen
INV-e1862915-14c5-4718-bd2e-5544935ae717,ID203396,CID-193,e1862915-14c5-4718-bd2e-5544935ae717,2025-09-25,2025-10-25,3805.78,228.36,4034.14,Issued,SampleGen
INV-95f26d38-eea8-4899-a8e4-43010b51b425,ID203397,CID-193,95f26d38-eea8-4899-a8e4-43010b51b425,2025-11-03,2025-12-03,851.82,51.12,902.94,Issued,SampleGen
INV-375dcf6a-754f-4a8b-bba7-c1cf98e7ae1f,ID203398,CID-193,375dcf6a-754f-4a8b-bba7-c1cf98e7ae1f,2025-12-10,2026-01-09,4855.72,291.36,5147.08,Issued,SampleGen
INV-c0407390-83c9-489d-8981-a110e348e760,ID203399,CID-193,c0407390-83c9-489d-8981-a110e348e760,2026-01-21,2026-02-20,963.78,57.84,1021.62,Issued,SampleGen
INV-8e40a7a7-5593-4715-bbf5-a2df9d7c4fd5,ID203400,CID-193,8e40a7a7-5593-4715-bbf5-a2df9d7c4fd5,2026-02-12,2026-03-14,3811.84,228.72,4040.56,Issued,SampleGen
INV-bd32b0dd-4e39-429f-9c60-f342bbae711d,ID203401,CID-193,bd32b0dd-4e39-429f-9c60-f342bbae711d,2026-03-10,2026-04-09,933.9,56.04,989.94,Issued,SampleGen
INV-24190aa2-b056-4bf6-b3c4-66f68bfbb8da,ID203402,CID-193,24190aa2-b056-4bf6-b3c4-66f68bfbb8da,2026-04-23,2026-05-23,1559.84,93.6,1653.44,Issued,SampleGen
INV-cee7262b-fcee-430c-8b73-8f0d09a2edba,ID203403,CID-194,cee7262b-fcee-430c-8b73-8f0d09a2edba,2025-02-24,2025-03-26,673.82,40.44,714.26,Issued,SampleGen
INV-2363c3dd-1272-4bf0-8055-dbc92e8783aa,ID203404,CID-194,2363c3dd-1272-4bf0-8055-dbc92e8783aa,2025-05-27,2025-06-26,3947.86,236.88,4184.74,Issued,SampleGen
INV-f72dca32-ee6a-4440-980f-cf156afae2ca,ID203405,CID-194,f72dca32-ee6a-4440-980f-cf156afae2ca,2025-08-24,2025-09-23,727.88,43.68,771.56,Issued,SampleGen
INV-ec667d97-14ae-4fdd-aaf0-2eb2db186bb5,ID203406,CID-194,ec667d97-14ae-4fdd-aaf0-2eb2db186bb5,2025-09-30,2025-10-30,429.86,25.8,455.66,Issued,SampleGen
INV-e78bc889-98a8-42a7-bcc8-26bcc3e6373d,ID203407,CID-194,e78bc889-98a8-42a7-bcc8-26bcc3e6373d,2025-12-24,2026-01-23,1091.82,65.52,1157.34,Issued,SampleGen
INV-4f8d78d5-5b2a-42fb-bc7f-ce2732fa1d94,ID203408,CID-194,4f8d78d5-5b2a-42fb-bc7f-ce2732fa1d94,2026-03-07,2026-04-06,659.8,39.6,699.4,Issued,SampleGen
INV-ce21e521-af80-4757-84c9-002fb7cdcf8b,ID203409,CID-194,ce21e521-af80-4757-84c9-002fb7cdcf8b,2026-04-30,2026-05-30,1291.8,77.52,1369.32,Issued,SampleGen
INV-5a543b5b-8daa-46e6-ab83-9deb16c619a4,ID203410,CID-195,5a543b5b-8daa-46e6-ab83-9deb16c619a4,2025-03-21,2025-04-20,1155.84,69.36,1225.2,Issued,SampleGen
INV-ab9ceae0-a88b-4a6d-8c52-d4025e51e41e,ID203411,CID-195,ab9ceae0-a88b-4a6d-8c52-d4025e51e41e,2025-04-04,2025-05-04,461.86,27.72,489.58,Issued,SampleGen
INV-066e464f-6111-4c72-80c1-6a6f436649ef,ID203412,CID-195,066e464f-6111-4c72-80c1-6a6f436649ef,2025-07-23,2025-08-22,1959.8,117.6,2077.4,Issued,SampleGen
INV-31d6b0ca-0700-492d-9781-2d78914a34ed,ID203413,CID-195,31d6b0ca-0700-492d-9781-2d78914a34ed,2025-08-28,2025-09-27,1879.8,112.8,1992.6,Issued,SampleGen
INV-d925e7b5-65f3-4894-bd1d-2651d1c1c55e,ID203414,CID-195,d925e7b5-65f3-4894-bd1d-2651d1c1c55e,2025-09-26,2025-10-26,3679.88,220.8,3900.68,Issued,SampleGen
INV-edc0806c-f8ad-47a5-bdd5-58c10c09ad78,ID203415,CID-195,edc0806c-f8ad-47a5-bdd5-58c10c09ad78,2025-10-17,2025-11-16,479.88,28.8,508.68,Issued,SampleGen
INV-c6cff140-89ca-4c92-a6c8-f8f5d19e74c4,ID203416,CID-195,c6cff140-89ca-4c92-a6c8-f8f5d19e74c4,2025-11-25,2025-12-25,1343.76,80.64,1424.4,Issued,SampleGen
INV-f3f5678e-0d76-43f5-b848-cba2577b8cf9,ID203417,CID-195,f3f5678e-0d76-43f5-b848-cba2577b8cf9,2025-12-15,2026-01-14,925.82,55.56,981.38,Issued,SampleGen
INV-027df3ea-d34e-404e-bef3-e015c6eb6699,ID203418,CID-195,027df3ea-d34e-404e-bef3-e015c6eb6699,2026-01-21,2026-02-20,517.86,31.08,548.94,Issued,SampleGen
INV-ffc3e5d8-1d75-4f2c-9b05-f890d8edf15f,ID203419,CID-195,ffc3e5d8-1d75-4f2c-9b05-f890d8edf15f,2026-02-14,2026-03-16,3591.8,215.52,3807.32,Issued,SampleGen
INV-bd355ae4-382a-4088-b201-5c45b677eaf8,ID203420,CID-195,bd355ae4-382a-4088-b201-5c45b677eaf8,2026-03-19,2026-04-18,1115.76,66.96,1182.72,Issued,SampleGen
INV-a45a8d44-a66d-40f9-939a-eeb0c39e7838,ID203421,CID-195,a45a8d44-a66d-40f9-939a-eeb0c39e7838,2026-04-12,2026-05-12,1051.88,63.12,1115.0,Issued,SampleGen
INV-ccb5d221-5609-4c61-9f7f-5652b08ca02c,ID203422,CID-196,ccb5d221-5609-4c61-9f7f-5652b08ca02c,2025-04-23,2025-05-23,4055.7,243.36,4299.06,Issued,SampleGen
INV-81ae81e5-581b-4c77-ad74-d94260f4c9dd,ID203423,CID-196,81ae81e5-581b-4c77-ad74-d94260f4c9dd,2025-05-26,2025-06-25,317.88,19.08,336.96,Issued,SampleGen
INV-3526271c-9ad1-4459-9eaa-17de9f3256eb,ID203424,CID-196,3526271c-9ad1-4459-9eaa-17de9f3256eb,2025-06-15,2025-07-15,2021.74,121.32,2143.06,Issued,SampleGen
INV-9f2adc57-5855-4ffb-979f-244b9d0b6521,ID203425,CID-196,9f2adc57-5855-4ffb-979f-244b9d0b6521,2025-07-19,2025-08-18,951.84,57.12,1008.96,Issued,SampleGen
INV-639f408f-c1da-42d2-8de5-ad1a2fb54f55,ID203426,CID-196,639f408f-c1da-42d2-8de5-ad1a2fb54f55,2025-08-06,2025-09-05,3367.74,202.08,3569.82,Issued,SampleGen
INV-d9a531ae-ab56-4254-9882-7ebea6542492,ID203427,CID-196,d9a531ae-ab56-4254-9882-7ebea6542492,2025-09-05,2025-10-05,4419.82,265.2,4685.02,Issued,SampleGen
INV-39a0dfdf-711e-459b-8324-5c12d46259fc,ID203428,CID-196,39a0dfdf-711e-459b-8324-5c12d46259fc,2025-10-10,2025-11-09,1851.78,111.12,1962.9,Issued,SampleGen
INV-b7099b40-f25a-445b-9ba3-96bab2e507de,ID203429,CID-196,b7099b40-f25a-445b-9ba3-96bab2e507de,2025-11-06,2025-12-06,289.9,17.4,307.3,Issued,SampleGen
INV-9c9ccd87-4106-43bf-9f32-2381d7ae9b5d,ID203430,CID-196,9c9ccd87-4106-43bf-9f32-2381d7ae9b5d,2025-12-19,2026-01-18,1539.78,92.4,1632.18,Issued,SampleGen
INV-83d16c34-bf40-494f-8329-9157774002e3,ID203431,CID-196,83d16c34-bf40-494f-8329-9157774002e3,2026-02-01,2026-03-03,1159.72,69.6,1229.32,Issued,SampleGen
INV-2855343c-7c8c-4318-8ed5-322a98d3ac4e,ID203432,CID-196,2855343c-7c8c-4318-8ed5-322a98d3ac4e,2026-03-01,2026-03-31,859.86,51.6,911.46,Issued,SampleGen
INV-29fa0e8c-1579-4e54-b473-28d05190213d,ID203433,CID-196,29fa0e8c-1579-4e54-b473-28d05190213d,2026-03-22,2026-04-21,1365.82,81.96,1447.78,Issued,SampleGen
INV-1a834556-3c88-4c69-b3aa-65c08186780e,ID203434,CID-196,1a834556-3c88-4c69-b3aa-65c08186780e,2026-04-06,2026-05-06,583.84,35.04,618.88,Issued,SampleGen
INV-5c52e356-6efa-4573-8b82-1635e86ec22d,ID203435,CID-197,5c52e356-6efa-4573-8b82-1635e86ec22d,2025-01-15,2025-02-14,1835.92,110.16,1946.08,Issued,SampleGen
INV-1d08fa4b-8abb-4458-9d6b-5264d345532c,ID203436,CID-197,1d08fa4b-8abb-4458-9d6b-5264d345532c,2025-02-23,2025-03-25,2239.84,134.4,2374.24,Issued,SampleGen
INV-9c7a3570-daed-4852-ad3b-ae9c9d06f880,ID203437,CID-197,9c7a3570-daed-4852-ad3b-ae9c9d06f880,2025-02-11,2025-03-13,453.86,27.24,481.1,Issued,SampleGen
INV-acbef1fb-9516-4065-8dd2-b8e56e522023,ID203438,CID-197,acbef1fb-9516-4065-8dd2-b8e56e522023,2025-03-21,2025-04-20,3123.84,187.44,3311.28,Issued,SampleGen
INV-92c06041-b629-4133-833e-a20988b65163,ID203439,CID-197,92c06041-b629-4133-833e-a20988b65163,2025-03-03,2025-04-02,927.78,55.68,983.46,Issued,SampleGen
INV-d14b26e4-d477-4673-8a0f-3527a67b45b4,ID203440,CID-197,d14b26e4-d477-4673-8a0f-3527a67b45b4,2025-04-18,2025-05-18,2867.74,172.08,3039.82,Issued,SampleGen
INV-1f50b93a-b846-436d-bf24-018f3b7ed156,ID203441,CID-197,1f50b93a-b846-436d-bf24-018f3b7ed156,2025-05-01,2025-05-31,3327.76,199.68,3527.44,Issued,SampleGen
INV-00eb957e-81e0-45b0-b2fa-443898ed365b,ID203442,CID-197,00eb957e-81e0-45b0-b2fa-443898ed365b,2025-05-07,2025-06-06,289.9,17.4,307.3,Issued,SampleGen
INV-8bc8e1f1-fe44-4eb9-94d5-d60e8e4e33e5,ID203443,CID-197,8bc8e1f1-fe44-4eb9-94d5-d60e8e4e33e5,2025-05-07,2025-06-06,1299.9,78.0,1377.9,Issued,SampleGen
INV-143109b2-9392-4f51-9220-7fa6e8999c77,ID203444,CID-197,143109b2-9392-4f51-9220-7fa6e8999c77,2025-05-09,2025-06-08,2359.88,141.6,2501.48,Issued,SampleGen
INV-c7c6a7f1-815a-4dbc-9286-26aef6ead096,ID203445,CID-197,c7c6a7f1-815a-4dbc-9286-26aef6ead096,2025-06-19,2025-07-19,315.88,18.96,334.84,Issued,SampleGen
INV-554c8f1a-d1b7-4581-98dc-f8c8407c4900,ID203446,CID-197,554c8f1a-d1b7-4581-98dc-f8c8407c4900,2025-06-16,2025-07-16,4483.8,269.04,4752.84,Issued,SampleGen
INV-2a8df1a9-77c2-4167-be98-89192f178006,ID203447,CID-197,2a8df1a9-77c2-4167-be98-89192f178006,2025-06-18,2025-07-18,6103.82,366.24,6470.06,Issued,SampleGen
INV-07963a70-63dc-4bf3-87e7-b1b20d9ba883,ID203448,CID-197,07963a70-63dc-4bf3-87e7-b1b20d9ba883,2025-07-05,2025-08-04,4143.72,248.64,4392.36,Issued,SampleGen
INV-19cdcf7d-b0c3-45d2-b037-cd9b971df084,ID203449,CID-197,19cdcf7d-b0c3-45d2-b037-cd9b971df084,2025-07-03,2025-08-02,509.78,30.6,540.38,Issued,SampleGen
INV-23b28ed6-43ba-4e4e-8aa3-49845e1986a7,ID203450,CID-197,23b28ed6-43ba-4e4e-8aa3-49845e1986a7,2025-07-02,2025-08-01,1479.72,88.8,1568.52,Issued,SampleGen
INV-4385a707-2856-4b63-9641-420614411ab3,ID203451,CID-197,4385a707-2856-4b63-9641-420614411ab3,2025-08-18,2025-09-17,1509.84,90.6,1600.44,Issued,SampleGen
INV-f3b2329d-6dbe-460a-9d48-79a91aee24f2,ID203452,CID-197,f3b2329d-6dbe-460a-9d48-79a91aee24f2,2025-08-24,2025-09-23,4715.78,282.96,4998.74,Issued,SampleGen
INV-637be055-6d30-48de-896b-d83456ca9c4b,ID203453,CID-197,637be055-6d30-48de-896b-d83456ca9c4b,2025-08-19,2025-09-18,411.92,24.72,436.64,Issued,SampleGen
INV-0b735e6a-df37-41da-924d-436eeadf092e,ID203454,CID-197,0b735e6a-df37-41da-924d-436eeadf092e,2025-08-25,2025-09-24,2203.78,132.24,2336.02,Issued,SampleGen
INV-84e329b5-d368-43ac-ba3e-acf850f4f302,ID203455,CID-197,84e329b5-d368-43ac-ba3e-acf850f4f302,2025-09-16,2025-10-16,4607.86,276.48,4884.34,Issued,SampleGen
INV-00b7f8d1-bf18-46e7-990f-e46a63f13340,ID203456,CID-197,00b7f8d1-bf18-46e7-990f-e46a63f13340,2025-09-17,2025-10-17,313.9,18.84,332.74,Issued,SampleGen
INV-5aacc3e9-cae3-44a6-bcaa-b23d22c2c99d,ID203457,CID-197,5aacc3e9-cae3-44a6-bcaa-b23d22c2c99d,2025-09-14,2025-10-14,459.9,27.6,487.5,Issued,SampleGen
INV-3164e86e-e76a-4773-a696-76b1f13d90b9,ID203458,CID-197,3164e86e-e76a-4773-a696-76b1f13d90b9,2025-09-03,2025-10-03,313.9,18.84,332.74,Issued,SampleGen
INV-37e6c486-8f37-43d0-98a4-b90c55f3f0bf,ID203459,CID-197,37e6c486-8f37-43d0-98a4-b90c55f3f0bf,2025-10-22,2025-11-21,4525.72,271.56,4797.28,Issued,SampleGen
INV-84a9c9c3-b555-43a7-8ac1-05419a018ffb,ID203460,CID-197,84a9c9c3-b555-43a7-8ac1-05419a018ffb,2025-10-11,2025-11-10,969.9,58.2,1028.1,Issued,SampleGen
INV-fe8b39d7-a7fd-47a2-823b-94c9a872765a,ID203461,CID-197,fe8b39d7-a7fd-47a2-823b-94c9a872765a,2025-10-02,2025-11-01,5407.72,324.48,5732.2,Issued,SampleGen
INV-1f6b11fc-b45c-4e8c-b2de-c399d06cbace,ID203462,CID-197,1f6b11fc-b45c-4e8c-b2de-c399d06cbace,2025-11-30,2025-12-30,655.82,39.36,695.18,Issued,SampleGen
INV-1123fa97-9470-43f9-9394-af98c95e8020,ID203463,CID-197,1123fa97-9470-43f9-9394-af98c95e8020,2025-11-07,2025-12-07,1647.82,98.88,1746.7,Issued,SampleGen
INV-aad0e76a-a198-459f-a8ef-75109255cf29,ID203464,CID-197,aad0e76a-a198-459f-a8ef-75109255cf29,2025-11-25,2025-12-25,1683.86,101.04,1784.9,Issued,SampleGen
INV-c29c7c14-ebec-4a73-9eb0-b147afcbcbea,ID203465,CID-197,c29c7c14-ebec-4a73-9eb0-b147afcbcbea,2025-11-18,2025-12-18,3007.82,180.48,3188.3,Issued,SampleGen
INV-32a77ad1-b1d9-4fa4-ada4-b11a88a168b8,ID203466,CID-197,32a77ad1-b1d9-4fa4-ada4-b11a88a168b8,2025-12-15,2026-01-14,1455.76,87.36,1543.12,Issued,SampleGen
INV-13c7e4e4-524a-4bcf-83be-af0337042ad3,ID203467,CID-197,13c7e4e4-524a-4bcf-83be-af0337042ad3,2025-12-07,2026-01-06,405.86,24.36,430.22,Issued,SampleGen
INV-34e264d9-7b5f-4ce3-96b2-e6de19014356,ID203468,CID-197,34e264d9-7b5f-4ce3-96b2-e6de19014356,2025-12-24,2026-01-23,1799.78,108.0,1907.78,Issued,SampleGen
INV-55796178-9edb-48e1-a8e9-f45d04ec1fb1,ID203469,CID-197,55796178-9edb-48e1-a8e9-f45d04ec1fb1,2025-12-16,2026-01-15,693.78,41.64,735.42,Issued,SampleGen
INV-13e0382e-87ba-40ee-b0ef-560003295d93,ID203470,CID-197,13e0382e-87ba-40ee-b0ef-560003295d93,2025-12-02,2026-01-01,2345.76,140.76,2486.52,Issued,SampleGen
INV-0b809f21-767a-4e9c-904b-6e5826655f23,ID203471,CID-197,0b809f21-767a-4e9c-904b-6e5826655f23,2026-01-12,2026-02-11,2439.8,146.4,2586.2,Issued,SampleGen
INV-41ea3e14-12ed-46d7-9c8d-40fb23fbae93,ID203472,CID-197,41ea3e14-12ed-46d7-9c8d-40fb23fbae93,2026-01-19,2026-02-18,2199.82,132.0,2331.82,Issued,SampleGen
INV-e74d6824-b571-4daa-910b-03da771ac950,ID203473,CID-197,e74d6824-b571-4daa-910b-03da771ac950,2026-01-20,2026-02-19,3815.82,228.96,4044.78,Issued,SampleGen
INV-727b2b61-7a1d-4e15-a34d-c50a7aab7fc0,ID203474,CID-197,727b2b61-7a1d-4e15-a34d-c50a7aab7fc0,2026-01-22,2026-02-21,491.92,29.52,521.44,Issued,SampleGen
INV-f931e0ba-9e6e-4e88-983c-39356f28ac40,ID203475,CID-197,f931e0ba-9e6e-4e88-983c-39356f28ac40,2026-01-08,2026-02-07,2515.72,150.96,2666.68,Issued,SampleGen
INV-8e9d8167-a348-40f8-8d47-a5e15a53c6b7,ID203476,CID-197,8e9d8167-a348-40f8-8d47-a5e15a53c6b7,2026-02-02,2026-03-04,467.82,28.08,495.9,Issued,SampleGen
INV-e4caa276-b1c1-4830-a9a8-b39123ea2954,ID203477,CID-197,e4caa276-b1c1-4830-a9a8-b39123ea2954,2026-02-12,2026-03-14,5341.72,320.52,5662.24,Issued,SampleGen
INV-179be767-2776-46ba-8875-4c59512ca19f,ID203478,CID-197,179be767-2776-46ba-8875-4c59512ca19f,2026-02-14,2026-03-16,3847.76,230.88,4078.64,Issued,SampleGen
INV-4eaa871f-3062-4bfe-9b79-2de80a454c50,ID203479,CID-197,4eaa871f-3062-4bfe-9b79-2de80a454c50,2026-02-11,2026-03-13,2827.9,169.68,2997.58,Issued,SampleGen
INV-85d3fcfb-c678-4c24-8661-9ae17ec14ebb,ID203480,CID-197,85d3fcfb-c678-4c24-8661-9ae17ec14ebb,2026-02-06,2026-03-08,2809.8,168.6,2978.4,Issued,SampleGen
INV-917902bf-8cf7-48b8-920f-ef83543873b2,ID203481,CID-197,917902bf-8cf7-48b8-920f-ef83543873b2,2026-03-04,2026-04-03,5315.76,318.96,5634.72,Issued,SampleGen
INV-f7516d40-e262-4746-b205-0f41e2ff7202,ID203482,CID-197,f7516d40-e262-4746-b205-0f41e2ff7202,2026-03-20,2026-04-19,2011.78,120.72,2132.5,Issued,SampleGen
INV-f1247354-9894-4f3e-95ea-cf84eb039b5c,ID203483,CID-197,f1247354-9894-4f3e-95ea-cf84eb039b5c,2026-03-11,2026-04-10,499.88,30.0,529.88,Issued,SampleGen
INV-f217cbe1-8809-4659-aafa-f7577f49fd3d,ID203484,CID-197,f217cbe1-8809-4659-aafa-f7577f49fd3d,2026-03-08,2026-04-07,687.84,41.28,729.12,Issued,SampleGen
INV-59c7293a-5b72-4e75-983f-9bc0251ea840,ID203485,CID-197,59c7293a-5b72-4e75-983f-9bc0251ea840,2026-03-09,2026-04-08,919.8,55.2,975.0,Issued,SampleGen
INV-a980eb5a-b5db-49a2-9040-cd08dc99691e,ID203486,CID-197,a980eb5a-b5db-49a2-9040-cd08dc99691e,2026-04-06,2026-05-06,1023.88,61.44,1085.32,Issued,SampleGen
INV-f3b2367c-51a7-4493-881f-47b5a9672072,ID203487,CID-197,f3b2367c-51a7-4493-881f-47b5a9672072,2026-04-28,2026-05-28,4415.8,264.96,4680.76,Issued,SampleGen
INV-94b5e139-f54d-4a42-9f55-b23a5f7a2ed3,ID203488,CID-197,94b5e139-f54d-4a42-9f55-b23a5f7a2ed3,2026-04-11,2026-05-11,1599.88,96.0,1695.88,Issued,SampleGen
INV-40ce6fac-17c2-4b0a-9456-e0ab6c271ea1,ID203489,CID-197,40ce6fac-17c2-4b0a-9456-e0ab6c271ea1,2026-04-26,2026-05-26,1723.7,103.44,1827.14,Issued,SampleGen
INV-796dcfff-83a4-454d-9913-46fe3220a0fe,ID203490,CID-197,796dcfff-83a4-454d-9913-46fe3220a0fe,2026-04-04,2026-05-04,4179.78,250.8,4430.58,Issued,SampleGen
INV-1783feaa-d2f9-45b6-9335-c6969171aeb0,ID203491,CID-197,1783feaa-d2f9-45b6-9335-c6969171aeb0,2026-04-05,2026-05-05,2169.74,130.2,2299.94,Issued,SampleGen
INV-25aa28a9-7904-419a-b1c1-ef3fdc712112,ID203492,CID-198,25aa28a9-7904-419a-b1c1-ef3fdc712112,2025-01-14,2025-02-13,2875.86,172.56,3048.42,Issued,SampleGen
INV-43584117-c816-42fc-bb7c-ac9aa5ff8992,ID203493,CID-198,43584117-c816-42fc-bb7c-ac9aa5ff8992,2025-02-06,2025-03-08,1751.84,105.12,1856.96,Issued,SampleGen
INV-07058129-bf76-468a-ac98-f27b47156d7e,ID203494,CID-198,07058129-bf76-468a-ac98-f27b47156d7e,2025-03-07,2025-04-06,215.92,12.96,228.88,Issued,SampleGen
INV-fa7ff2be-37a4-4967-b74f-6b5a71c28087,ID203495,CID-198,fa7ff2be-37a4-4967-b74f-6b5a71c28087,2025-04-02,2025-05-02,1065.74,63.96,1129.7,Issued,SampleGen
INV-53e6d1e7-3c05-46c9-a257-9414dbef15c3,ID203496,CID-198,53e6d1e7-3c05-46c9-a257-9414dbef15c3,2025-05-02,2025-06-01,771.8,46.32,818.12,Issued,SampleGen
INV-41391ecc-e48b-405d-8cff-599ef55b957f,ID203497,CID-198,41391ecc-e48b-405d-8cff-599ef55b957f,2025-06-18,2025-07-18,1927.86,115.68,2043.54,Issued,SampleGen
INV-8025300e-c3e9-4cd9-98e8-33f44950c89b,ID203498,CID-198,8025300e-c3e9-4cd9-98e8-33f44950c89b,2025-06-17,2025-07-17,1719.84,103.2,1823.04,Issued,SampleGen
INV-ef0672ed-33e9-4d33-9ce2-3cd49c2b49d8,ID203499,CID-198,ef0672ed-33e9-4d33-9ce2-3cd49c2b49d8,2025-07-23,2025-08-22,2827.74,169.68,2997.42,Issued,SampleGen
INV-1102cfe5-1f5f-44c4-b3e5-0d4f1417bb84,ID203500,CID-198,1102cfe5-1f5f-44c4-b3e5-0d4f1417bb84,2025-07-21,2025-08-20,413.86,24.84,438.7,Issued,SampleGen
INV-60fa702a-f0f7-44ce-bf2d-e56e3bf7a03c,ID203501,CID-198,60fa702a-f0f7-44ce-bf2d-e56e3bf7a03c,2025-08-12,2025-09-11,623.82,37.44,661.26,Issued,SampleGen
INV-d6c6cafa-7d87-4b5a-a0e0-75baecc8bc47,ID203502,CID-198,d6c6cafa-7d87-4b5a-a0e0-75baecc8bc47,2025-08-12,2025-09-11,1213.82,72.84,1286.66,Issued,SampleGen
INV-3e68f815-c042-4e02-bf66-7efab9bc0907,ID203503,CID-198,3e68f815-c042-4e02-bf66-7efab9bc0907,2025-09-08,2025-10-08,4063.82,243.84,4307.66,Issued,SampleGen
INV-eb9506c5-95d4-4f08-aaff-3b603574318a,ID203504,CID-198,eb9506c5-95d4-4f08-aaff-3b603574318a,2025-09-25,2025-10-25,2123.78,127.44,2251.22,Issued,SampleGen
INV-42108020-153a-48a2-97ec-5f8ff6700ebc,ID203505,CID-198,42108020-153a-48a2-97ec-5f8ff6700ebc,2025-09-24,2025-10-24,967.8,58.08,1025.88,Issued,SampleGen
INV-5250e739-6afb-4069-9e57-f4c378eb101f,ID203506,CID-198,5250e739-6afb-4069-9e57-f4c378eb101f,2025-10-17,2025-11-16,1067.76,64.08,1131.84,Issued,SampleGen
INV-e1900675-6588-4abd-a100-1098ee8fca87,ID203507,CID-198,e1900675-6588-4abd-a100-1098ee8fca87,2025-10-16,2025-11-15,3003.82,180.24,3184.06,Issued,SampleGen
INV-577bdd1d-949b-499a-a1d1-9e45a2a2f81c,ID203508,CID-198,577bdd1d-949b-499a-a1d1-9e45a2a2f81c,2025-11-05,2025-12-05,557.88,33.48,591.36,Issued,SampleGen
INV-d9cae332-c8b4-405f-80e4-495e614675e9,ID203509,CID-198,d9cae332-c8b4-405f-80e4-495e614675e9,2025-11-14,2025-12-14,2679.84,160.8,2840.64,Issued,SampleGen
INV-c1152438-13ee-4f65-8f76-6f99293704a3,ID203510,CID-198,c1152438-13ee-4f65-8f76-6f99293704a3,2025-12-12,2026-01-11,787.76,47.28,835.04,Issued,SampleGen
INV-98db6464-8ebd-45d8-ac4d-b6f129bbedde,ID203511,CID-198,98db6464-8ebd-45d8-ac4d-b6f129bbedde,2025-12-03,2026-01-02,4003.76,240.24,4244.0,Issued,SampleGen
INV-9b6a2be9-ab41-4cf4-a303-2d5b3ed2784d,ID203512,CID-198,9b6a2be9-ab41-4cf4-a303-2d5b3ed2784d,2026-01-21,2026-02-20,4053.78,243.24,4297.02,Issued,SampleGen
INV-3ae2a02c-dbf9-42db-bdf5-1919e4252d9b,ID203513,CID-198,3ae2a02c-dbf9-42db-bdf5-1919e4252d9b,2026-01-14,2026-02-13,1983.88,119.04,2102.92,Issued,SampleGen
INV-2b283c74-9b30-40bb-b933-e5ed8d5236a2,ID203514,CID-198,2b283c74-9b30-40bb-b933-e5ed8d5236a2,2026-01-11,2026-02-10,5871.76,352.32,6224.08,Issued,SampleGen
INV-eb1de28c-c6a6-493b-88f7-147bbfc30962,ID203515,CID-198,eb1de28c-c6a6-493b-88f7-147bbfc30962,2026-02-14,2026-03-16,3357.78,201.48,3559.26,Issued,SampleGen
INV-0faa9efe-c6ef-4f07-95ad-a4d7ef1dc158,ID203516,CID-198,0faa9efe-c6ef-4f07-95ad-a4d7ef1dc158,2026-02-21,2026-03-23,1571.86,94.32,1666.18,Issued,SampleGen
INV-1006655f-2017-4d9e-99f3-8c1502bb52bc,ID203517,CID-198,1006655f-2017-4d9e-99f3-8c1502bb52bc,2026-02-25,2026-03-27,1117.82,67.08,1184.9,Issued,SampleGen
INV-a7c554d8-fc1a-41ac-b269-4a31c9e4af3a,ID203518,CID-198,a7c554d8-fc1a-41ac-b269-4a31c9e4af3a,2026-03-12,2026-04-11,977.8,58.68,1036.48,Issued,SampleGen
INV-81490af2-fe20-46a3-94da-e7f9bb78fd94,ID203519,CID-198,81490af2-fe20-46a3-94da-e7f9bb78fd94,2026-03-27,2026-04-26,3223.88,193.44,3417.32,Issued,SampleGen
INV-1d0b75d5-b855-43a9-b14c-8bdd66de5fdd,ID203520,CID-198,1d0b75d5-b855-43a9-b14c-8bdd66de5fdd,2026-04-17,2026-05-17,3683.8,221.04,3904.84,Issued,SampleGen
INV-deaf8e43-9c31-420f-93b0-d8fdba05bf7c,ID203521,CID-198,deaf8e43-9c31-420f-93b0-d8fdba05bf7c,2026-04-24,2026-05-24,3393.78,203.64,3597.42,Issued,SampleGen
INV-05c04fbc-7a6d-43ac-9382-c852deec6380,ID203522,CID-198,05c04fbc-7a6d-43ac-9382-c852deec6380,2026-04-25,2026-05-25,695.82,41.76,737.58,Issued,SampleGen
INV-2eb39250-cbbb-431e-b0b8-dc559c29d02b,ID203523,CID-199,2eb39250-cbbb-431e-b0b8-dc559c29d02b,2025-01-04,2025-02-03,2595.88,155.76,2751.64,Issued,SampleGen
INV-ccd35a5b-eecc-431d-9b06-ee275b35f146,ID203524,CID-199,ccd35a5b-eecc-431d-9b06-ee275b35f146,2025-02-25,2025-03-27,3053.84,183.24,3237.08,Issued,SampleGen
INV-b3c3702c-1d1f-4cd3-a744-2fe0e7dc1e09,ID203525,CID-199,b3c3702c-1d1f-4cd3-a744-2fe0e7dc1e09,2025-05-20,2025-06-19,803.86,48.24,852.1,Issued,SampleGen
INV-7b598ea6-3ad7-401b-8714-afbc7e0b0728,ID203526,CID-199,7b598ea6-3ad7-401b-8714-afbc7e0b0728,2025-06-29,2025-07-29,4367.8,262.08,4629.88,Issued,SampleGen
INV-59f6aa63-23d6-4506-9e23-a551bc34cb88,ID203527,CID-199,59f6aa63-23d6-4506-9e23-a551bc34cb88,2025-07-26,2025-08-25,691.74,41.52,733.26,Issued,SampleGen
INV-ff3063af-27e2-4abd-b1d4-ec62ec45b36c,ID203528,CID-199,ff3063af-27e2-4abd-b1d4-ec62ec45b36c,2025-08-19,2025-09-18,6893.78,413.64,7307.42,Issued,SampleGen
INV-4471866d-bd30-4bf5-8bfb-a56c914c7d7f,ID203529,CID-199,4471866d-bd30-4bf5-8bfb-a56c914c7d7f,2025-09-13,2025-10-13,1255.9,75.36,1331.26,Issued,SampleGen
INV-53f413a4-236e-47aa-8c04-209a4b514494,ID203530,CID-199,53f413a4-236e-47aa-8c04-209a4b514494,2025-09-23,2025-10-23,1267.76,76.08,1343.84,Issued,SampleGen
INV-1a06e2f7-cad8-45a7-9c8c-5155e4475a4a,ID203531,CID-199,1a06e2f7-cad8-45a7-9c8c-5155e4475a4a,2025-10-24,2025-11-23,839.92,50.4,890.32,Issued,SampleGen
INV-97651083-d701-4a43-af57-4781d043199b,ID203532,CID-199,97651083-d701-4a43-af57-4781d043199b,2025-10-19,2025-11-18,2579.88,154.8,2734.68,Issued,SampleGen
INV-6ccb1c57-af12-4ff1-a84a-5998b436cefe,ID203533,CID-199,6ccb1c57-af12-4ff1-a84a-5998b436cefe,2025-11-17,2025-12-17,3697.76,221.88,3919.64,Issued,SampleGen
INV-6049cda9-c24b-4d28-a7f1-b13bd169bf20,ID203534,CID-199,6049cda9-c24b-4d28-a7f1-b13bd169bf20,2025-12-17,2026-01-16,1255.9,75.36,1331.26,Issued,SampleGen
INV-1132209d-e5da-4148-b5af-03cb3d17c2d7,ID203535,CID-199,1132209d-e5da-4148-b5af-03cb3d17c2d7,2026-01-16,2026-02-15,1263.84,75.84,1339.68,Issued,SampleGen
INV-b3b3defc-453b-4ed0-98a4-c8bd22e83434,ID203536,CID-199,b3b3defc-453b-4ed0-98a4-c8bd22e83434,2026-01-12,2026-02-11,535.88,32.16,568.04,Issued,SampleGen
INV-84613eeb-0557-4fe9-9dbe-d7de61171c65,ID203537,CID-199,84613eeb-0557-4fe9-9dbe-d7de61171c65,2026-02-22,2026-03-24,1133.78,68.04,1201.82,Issued,SampleGen
INV-4e5b9309-55d7-45ae-acef-f4e3b5a8bfa2,ID203538,CID-199,4e5b9309-55d7-45ae-acef-f4e3b5a8bfa2,2026-03-11,2026-04-10,8807.76,528.48,9336.24,Issued,SampleGen
INV-5bf0d610-0af6-42ab-93a9-b8fdff816795,ID203539,CID-199,5bf0d610-0af6-42ab-93a9-b8fdff816795,2026-03-03,2026-04-02,705.78,42.36,748.14,Issued,SampleGen
INV-d3ecc691-3cc3-480a-b5a9-10fd7117b344,ID203540,CID-199,d3ecc691-3cc3-480a-b5a9-10fd7117b344,2026-04-20,2026-05-20,5559.8,333.6,5893.4,Issued,SampleGen
INV-a454a879-a8eb-43b4-9e42-7727c5811d15,ID203541,CID-200,a454a879-a8eb-43b4-9e42-7727c5811d15,2025-03-21,2025-04-20,2427.78,145.68,2573.46,Issued,SampleGen
INV-247270f1-ff5a-4948-a040-574886019121,ID203542,CID-200,247270f1-ff5a-4948-a040-574886019121,2025-04-27,2025-05-27,3687.84,221.28,3909.12,Issued,SampleGen
INV-e9365840-9a51-4347-85c4-566b80d86b70,ID203543,CID-200,e9365840-9a51-4347-85c4-566b80d86b70,2025-05-16,2025-06-15,715.84,42.96,758.8,Issued,SampleGen
INV-703b7c67-3870-433f-b454-37bc59345ab8,ID203544,CID-200,703b7c67-3870-433f-b454-37bc59345ab8,2025-06-09,2025-07-09,2583.8,155.04,2738.84,Issued,SampleGen
INV-94acbe17-d60a-4fbf-8b04-1c159b8f0d7a,ID203545,CID-200,94acbe17-d60a-4fbf-8b04-1c159b8f0d7a,2025-08-07,2025-09-06,2327.76,139.68,2467.44,Issued,SampleGen
INV-ff45a0ad-b164-44bc-ae3e-5a58a35143b5,ID203546,CID-200,ff45a0ad-b164-44bc-ae3e-5a58a35143b5,2025-09-20,2025-10-20,1787.76,107.28,1895.04,Issued,SampleGen
INV-8e435e70-1ba3-4a95-a0ab-951a087b5ded,ID203547,CID-200,8e435e70-1ba3-4a95-a0ab-951a087b5ded,2025-10-17,2025-11-16,735.8,44.16,779.96,Issued,SampleGen
INV-0d884ab1-b93b-495a-bed1-e27aa7fc8d54,ID203548,CID-200,0d884ab1-b93b-495a-bed1-e27aa7fc8d54,2025-11-08,2025-12-08,4075.74,244.56,4320.3,Issued,SampleGen
INV-a31f186d-0bca-44da-a5be-56c3eb255cb2,ID203549,CID-200,a31f186d-0bca-44da-a5be-56c3eb255cb2,2025-12-26,2026-01-25,3397.82,203.88,3601.7,Issued,SampleGen
INV-d7525d00-e2f4-4cb7-9e44-b84b80bce81f,ID203550,CID-200,d7525d00-e2f4-4cb7-9e44-b84b80bce81f,2026-01-18,2026-02-17,455.92,27.36,483.28,Issued,SampleGen
INV-29a5c672-e605-4bf0-adf6-b35df18412c6,ID203551,CID-200,29a5c672-e605-4bf0-adf6-b35df18412c6,2026-02-19,2026-03-21,3863.76,231.84,4095.6,Issued,SampleGen
INV-e9bffaa2-f1c7-4b1f-b70c-6cd1c7fef322,ID203552,CID-200,e9bffaa2-f1c7-4b1f-b70c-6cd1c7fef322,2026-02-20,2026-03-22,2435.82,146.16,2581.98,Issued,SampleGen
INV-3be53ff7-0097-4f2c-b720-1bfd886f8cf0,ID203553,CID-200,3be53ff7-0097-4f2c-b720-1bfd886f8cf0,2026-03-16,2026-04-15,519.88,31.2,551.08,Issued,SampleGen
INV-56583b4a-e244-4b76-a781-370294d92200,ID203554,CID-200,56583b4a-e244-4b76-a781-370294d92200,2026-03-29,2026-04-28,2423.88,145.44,2569.32,Issued,SampleGen
INV-95c64cd5-e13b-478b-8bbf-3fe1bf5001d1,ID203555,CID-200,95c64cd5-e13b-478b-8bbf-3fe1bf5001d1,2026-04-11,2026-05-11,3867.8,232.08,4099.88,Issued,SampleGen
INV-4e211e60-b071-4f98-9e19-324acd7d2de2,ID203556,CID-201,4e211e60-b071-4f98-9e19-324acd7d2de2,2025-05-04,2025-06-03,1579.82,94.8,1674.62,Issued,SampleGen
INV-df61b52e-abbc-4f3b-863e-6665d9c96248,ID203557,CID-201,df61b52e-abbc-4f3b-863e-6665d9c96248,2025-06-18,2025-07-18,1369.8,82.2,1452.0,Issued,SampleGen
INV-dfe8ef84-f069-4eeb-8b4d-15c0e774f626,ID203558,CID-201,dfe8ef84-f069-4eeb-8b4d-15c0e774f626,2025-10-22,2025-11-21,2147.82,128.88,2276.7,Issued,SampleGen
INV-d6c9cd43-e74b-4488-99ea-30e9e68e9d5f,ID203559,CID-201,d6c9cd43-e74b-4488-99ea-30e9e68e9d5f,2025-12-27,2026-01-26,1863.88,111.84,1975.72,Issued,SampleGen
INV-a6cece58-2997-4705-b2e3-b434f12e84bf,ID203560,CID-201,a6cece58-2997-4705-b2e3-b434f12e84bf,2026-04-14,2026-05-14,4395.78,263.76,4659.54,Issued,SampleGen
INV-9ef05fc9-993a-4c3e-bae1-43f63402793d,ID203561,CID-202,9ef05fc9-993a-4c3e-bae1-43f63402793d,2025-11-13,2025-12-13,2017.86,121.08,2138.94,Issued,SampleGen
INV-3da30919-958e-4c68-990e-3bd7beeed27f,ID203562,CID-202,3da30919-958e-4c68-990e-3bd7beeed27f,2026-01-04,2026-02-03,4097.76,245.88,4343.64,Issued,SampleGen
INV-f6af838c-e788-4096-9b51-28fc1412e861,ID203563,CID-202,f6af838c-e788-4096-9b51-28fc1412e861,2026-02-05,2026-03-07,2979.78,178.8,3158.58,Issued,SampleGen
INV-d701c7a4-d086-4816-aafd-f74f0a0c0d06,ID203564,CID-202,d701c7a4-d086-4816-aafd-f74f0a0c0d06,2026-04-12,2026-05-12,1207.78,72.48,1280.26,Issued,SampleGen
INV-0ad782d5-681f-460c-969f-3a3c83b6b4f9,ID203565,CID-203,0ad782d5-681f-460c-969f-3a3c83b6b4f9,2025-01-12,2025-02-11,463.88,27.84,491.72,Issued,SampleGen
INV-24cf936e-0b05-48ff-8eb8-815e3ca725f5,ID203566,CID-203,24cf936e-0b05-48ff-8eb8-815e3ca725f5,2025-02-13,2025-03-15,1971.8,118.32,2090.12,Issued,SampleGen
INV-9c5e08ea-24c0-44f5-8102-bfd88fbf3fc6,ID203567,CID-203,9c5e08ea-24c0-44f5-8102-bfd88fbf3fc6,2025-03-04,2025-04-03,1179.82,70.8,1250.62,Issued,SampleGen
INV-a911c214-8219-494e-ba33-c197e1ad85cf,ID203568,CID-203,a911c214-8219-494e-ba33-c197e1ad85cf,2025-04-20,2025-05-20,5375.76,322.56,5698.32,Issued,SampleGen
INV-cec05bdd-b302-41b4-96ff-0760fdc5bfc8,ID203569,CID-203,cec05bdd-b302-41b4-96ff-0760fdc5bfc8,2025-06-01,2025-07-01,271.92,16.32,288.24,Issued,SampleGen
INV-e51919ec-8486-481b-959d-1b273eb94173,ID203570,CID-203,e51919ec-8486-481b-959d-1b273eb94173,2025-06-25,2025-07-25,1059.78,63.6,1123.38,Issued,SampleGen
INV-6887a786-c77b-48ba-ba6a-16925f07073b,ID203571,CID-203,6887a786-c77b-48ba-ba6a-16925f07073b,2025-06-25,2025-07-25,889.8,53.4,943.2,Issued,SampleGen
INV-aa68c87c-940a-40f2-afab-6a494e7af8d5,ID203572,CID-203,aa68c87c-940a-40f2-afab-6a494e7af8d5,2025-07-04,2025-08-03,1967.88,118.08,2085.96,Issued,SampleGen
INV-87208821-0c30-41e3-a3b0-d29d1c9db9cd,ID203573,CID-203,87208821-0c30-41e3-a3b0-d29d1c9db9cd,2025-07-03,2025-08-02,671.72,40.32,712.04,Issued,SampleGen
INV-79a01c24-b997-43a2-99bb-1d8eb26f9e2b,ID203574,CID-203,79a01c24-b997-43a2-99bb-1d8eb26f9e2b,2025-08-02,2025-09-01,1711.82,102.72,1814.54,Issued,SampleGen
INV-f4b8f9f2-8907-41e3-9dc6-627719013efd,ID203575,CID-203,f4b8f9f2-8907-41e3-9dc6-627719013efd,2025-09-13,2025-10-13,999.84,60.0,1059.84,Issued,SampleGen
INV-9c16ce8f-b20a-4f18-ba5e-857a2dd9c6cd,ID203576,CID-203,9c16ce8f-b20a-4f18-ba5e-857a2dd9c6cd,2025-11-01,2025-12-01,1643.82,98.64,1742.46,Issued,SampleGen
INV-aa9a6bcf-f7ba-402a-a26a-e854c12c77c7,ID203577,CID-203,aa9a6bcf-f7ba-402a-a26a-e854c12c77c7,2025-10-15,2025-11-14,1241.72,74.52,1316.24,Issued,SampleGen
INV-c925f119-7497-40c9-a6d9-8302a06da450,ID203578,CID-203,c925f119-7497-40c9-a6d9-8302a06da450,2025-11-09,2025-12-09,731.86,43.92,775.78,Issued,SampleGen
INV-3a3fc59d-18a3-499b-9b31-d7c44df6ce66,ID203579,CID-203,3a3fc59d-18a3-499b-9b31-d7c44df6ce66,2025-11-08,2025-12-08,1743.88,104.64,1848.52,Issued,SampleGen
INV-c22ae856-95a0-4d66-801c-4c6c05281890,ID203580,CID-203,c22ae856-95a0-4d66-801c-4c6c05281890,2025-12-04,2026-01-03,4175.82,250.56,4426.38,Issued,SampleGen
INV-04fa7cad-b896-429d-911a-aa7b5d554c87,ID203581,CID-203,04fa7cad-b896-429d-911a-aa7b5d554c87,2025-12-26,2026-01-25,2765.88,165.96,2931.84,Issued,SampleGen
INV-071ba311-919b-4063-b680-109f481a6fac,ID203582,CID-203,071ba311-919b-4063-b680-109f481a6fac,2026-01-25,2026-02-24,757.8,45.48,803.28,Issued,SampleGen
INV-584be04a-aaff-411a-9c16-cb265e66876c,ID203583,CID-203,584be04a-aaff-411a-9c16-cb265e66876c,2026-01-11,2026-02-10,1819.92,109.2,1929.12,Issued,SampleGen
INV-0fb25814-67bb-4149-8506-834f184b28fb,ID203584,CID-203,0fb25814-67bb-4149-8506-834f184b28fb,2026-01-07,2026-02-06,1579.82,94.8,1674.62,Issued,SampleGen
INV-be67e262-fe59-4d24-88f5-e44f473f661e,ID203585,CID-203,be67e262-fe59-4d24-88f5-e44f473f661e,2026-02-22,2026-03-24,2141.82,128.52,2270.34,Issued,SampleGen
INV-ab74e076-ad43-4ede-beeb-9ef78f2036bc,ID203586,CID-203,ab74e076-ad43-4ede-beeb-9ef78f2036bc,2026-02-27,2026-03-29,1413.78,84.84,1498.62,Issued,SampleGen
INV-a4de8dd6-1a68-4e8b-ada8-1755921fac36,ID203587,CID-203,a4de8dd6-1a68-4e8b-ada8-1755921fac36,2026-02-23,2026-03-25,439.88,26.4,466.28,Issued,SampleGen
INV-b93c0db0-2909-4a7b-a28a-58feb5f30418,ID203588,CID-203,b93c0db0-2909-4a7b-a28a-58feb5f30418,2026-03-31,2026-04-30,783.86,47.04,830.9,Issued,SampleGen
INV-0141a28e-c362-4fe2-ae05-1650b4bd1e99,ID203589,CID-203,0141a28e-c362-4fe2-ae05-1650b4bd1e99,2026-03-25,2026-04-24,419.88,25.2,445.08,Issued,SampleGen
INV-7268c7be-af49-4dc0-9e07-e859282ec7a1,ID203590,CID-203,7268c7be-af49-4dc0-9e07-e859282ec7a1,2026-04-14,2026-05-14,2923.8,175.44,3099.24,Issued,SampleGen
INV-fb9c8028-16a4-49bd-ae44-f7c496442ba8,ID203591,CID-203,fb9c8028-16a4-49bd-ae44-f7c496442ba8,2026-04-06,2026-05-06,449.88,27.0,476.88,Issued,SampleGen
INV-bcd6a7cf-b006-4c04-90f1-2830b5703c3c,ID203592,CID-204,bcd6a7cf-b006-4c04-90f1-2830b5703c3c,2025-01-31,2025-03-02,841.8,50.52,892.32,Issued,SampleGen
INV-f7348dbe-e5f8-4292-9c90-3bf4997626a8,ID203593,CID-204,f7348dbe-e5f8-4292-9c90-3bf4997626a8,2025-03-16,2025-04-15,3551.74,213.12,3764.86,Issued,SampleGen
INV-50f871a4-352d-4de0-95f1-bee8bb6a4f1c,ID203594,CID-204,50f871a4-352d-4de0-95f1-bee8bb6a4f1c,2025-04-09,2025-05-09,2467.8,148.08,2615.88,Issued,SampleGen
INV-55a3d73a-fe0f-428a-9ab4-6da0cdf8a7b7,ID203595,CID-204,55a3d73a-fe0f-428a-9ab4-6da0cdf8a7b7,2025-05-31,2025-06-30,3029.82,181.8,3211.62,Issued,SampleGen
INV-26ddc87f-8a69-40d5-a230-9b873691073a,ID203596,CID-204,26ddc87f-8a69-40d5-a230-9b873691073a,2025-06-09,2025-07-09,231.92,13.92,245.84,Issued,SampleGen
INV-1d1167d7-0223-406b-a34f-91eb4f3e0198,ID203597,CID-204,1d1167d7-0223-406b-a34f-91eb4f3e0198,2025-07-16,2025-08-15,3739.76,224.4,3964.16,Issued,SampleGen
INV-55ea2254-2424-4e71-b4c5-9ec55dddcf9a,ID203598,CID-204,55ea2254-2424-4e71-b4c5-9ec55dddcf9a,2025-08-30,2025-09-29,339.9,20.4,360.3,Issued,SampleGen
INV-dc811846-eef6-49f6-8366-cdc6db2ec699,ID203599,CID-204,dc811846-eef6-49f6-8366-cdc6db2ec699,2025-08-19,2025-09-18,489.86,29.4,519.26,Issued,SampleGen
INV-49f148d8-f87f-42e7-a9e8-c334bff27b78,ID203600,CID-204,49f148d8-f87f-42e7-a9e8-c334bff27b78,2025-09-25,2025-10-25,1031.92,61.92,1093.84,Issued,SampleGen
INV-a1c471a8-d645-48c7-8369-25d6e5ada907,ID203601,CID-204,a1c471a8-d645-48c7-8369-25d6e5ada907,2025-10-20,2025-11-19,2787.86,167.28,2955.14,Issued,SampleGen
INV-1e32a836-d26e-4e2c-bf1f-0883355e26ef,ID203602,CID-204,1e32a836-d26e-4e2c-bf1f-0883355e26ef,2025-10-25,2025-11-24,1519.92,91.2,1611.12,Issued,SampleGen
INV-a8bd6a8c-174f-4e2d-8105-ed7d50aaa35f,ID203603,CID-204,a8bd6a8c-174f-4e2d-8105-ed7d50aaa35f,2025-11-12,2025-12-12,2491.78,149.52,2641.3,Issued,SampleGen
INV-9ab7a340-1f0e-4303-88f9-9fdd9962c8ad,ID203604,CID-204,9ab7a340-1f0e-4303-88f9-9fdd9962c8ad,2025-11-12,2025-12-12,655.8,39.36,695.16,Issued,SampleGen
INV-95fa0a99-2387-4519-af2e-b415151695a6,ID203605,CID-204,95fa0a99-2387-4519-af2e-b415151695a6,2025-12-07,2026-01-06,1183.76,71.04,1254.8,Issued,SampleGen
INV-278ad0a4-abc5-40ee-9b86-532de9a3240a,ID203606,CID-204,278ad0a4-abc5-40ee-9b86-532de9a3240a,2025-12-09,2026-01-08,483.88,29.04,512.92,Issued,SampleGen
INV-9b553557-ae22-4e3a-994c-4bd1dd3b56d9,ID203607,CID-204,9b553557-ae22-4e3a-994c-4bd1dd3b56d9,2026-01-22,2026-02-21,743.84,44.64,788.48,Issued,SampleGen
INV-11f2d051-fd3c-4682-ac2f-23bab4d2c907,ID203608,CID-204,11f2d051-fd3c-4682-ac2f-23bab4d2c907,2026-01-07,2026-02-06,4099.76,246.0,4345.76,Issued,SampleGen
INV-fda8aec7-75ab-4b89-b40d-69f91b70496b,ID203609,CID-204,fda8aec7-75ab-4b89-b40d-69f91b70496b,2026-01-15,2026-02-14,4507.82,270.48,4778.3,Issued,SampleGen
INV-42def1bc-3610-4ca8-999e-6e9a2fd2ded6,ID203610,CID-204,42def1bc-3610-4ca8-999e-6e9a2fd2ded6,2026-02-02,2026-03-04,371.88,22.32,394.2,Issued,SampleGen
INV-5dc97535-ba13-495c-8f6c-18b8f3707b7e,ID203611,CID-204,5dc97535-ba13-495c-8f6c-18b8f3707b7e,2026-02-03,2026-03-05,2063.92,123.84,2187.76,Issued,SampleGen
INV-dd3e738b-8e90-4e25-8126-30fdc6eb3663,ID203612,CID-204,dd3e738b-8e90-4e25-8126-30fdc6eb3663,2026-03-05,2026-04-04,299.92,18.0,317.92,Issued,SampleGen
INV-62926b05-958c-4e7d-8dac-82fe769b3bef,ID203613,CID-204,62926b05-958c-4e7d-8dac-82fe769b3bef,2026-03-15,2026-04-14,2259.72,135.6,2395.32,Issued,SampleGen
INV-ac85237d-3180-47d3-9925-cf195e86acfd,ID203614,CID-204,ac85237d-3180-47d3-9925-cf195e86acfd,2026-03-03,2026-04-02,4675.7,280.56,4956.26,Issued,SampleGen
INV-a6f35ccb-1c0b-4a49-80cb-5e4689243197,ID203615,CID-204,a6f35ccb-1c0b-4a49-80cb-5e4689243197,2026-04-06,2026-05-06,563.84,33.84,597.68,Issued,SampleGen
INV-a3ae673c-c7c4-4409-80f6-37a502e5ac38,ID203616,CID-204,a3ae673c-c7c4-4409-80f6-37a502e5ac38,2026-04-16,2026-05-16,3743.8,224.64,3968.44,Issued,SampleGen
INV-df3670f0-f10b-49d2-b019-06b8a7c14987,ID203617,CID-204,df3670f0-f10b-49d2-b019-06b8a7c14987,2026-04-05,2026-05-05,1423.74,85.44,1509.18,Issued,SampleGen
INV-1224acaa-7de2-455c-a48e-5d0d2f03ce86,ID203618,CID-205,1224acaa-7de2-455c-a48e-5d0d2f03ce86,2025-01-18,2025-02-17,6307.78,378.48,6686.26,Issued,SampleGen
INV-768ec793-403b-4e12-9c0f-70386aa7f88b,ID203619,CID-205,768ec793-403b-4e12-9c0f-70386aa7f88b,2025-01-03,2025-02-02,591.9,35.52,627.42,Issued,SampleGen
INV-939211b1-dd0f-4510-bb50-9b4f95db23db,ID203620,CID-205,939211b1-dd0f-4510-bb50-9b4f95db23db,2025-02-11,2025-03-13,2297.72,137.88,2435.6,Issued,SampleGen
INV-a99fb464-dab9-4e8e-b8cf-4b7dae4e5bba,ID203621,CID-205,a99fb464-dab9-4e8e-b8cf-4b7dae4e5bba,2025-02-12,2025-03-14,1147.8,68.88,1216.68,Issued,SampleGen
INV-0da73e7b-1ff8-4d3b-9caa-bc1659490fe6,ID203622,CID-205,0da73e7b-1ff8-4d3b-9caa-bc1659490fe6,2025-03-04,2025-04-03,543.88,32.64,576.52,Issued,SampleGen
INV-ec399a7d-b469-413d-99e9-b048cde3cacb,ID203623,CID-205,ec399a7d-b469-413d-99e9-b048cde3cacb,2025-03-14,2025-04-13,1499.78,90.0,1589.78,Issued,SampleGen
INV-1e1d2134-c0a1-494d-9bde-60c7dd53e113,ID203624,CID-205,1e1d2134-c0a1-494d-9bde-60c7dd53e113,2025-04-12,2025-05-12,605.88,36.36,642.24,Issued,SampleGen
INV-efcb2e79-2f03-4011-9033-5ef95b8e83c3,ID203625,CID-205,efcb2e79-2f03-4011-9033-5ef95b8e83c3,2025-04-03,2025-05-03,3951.84,237.12,4188.96,Issued,SampleGen
INV-069deba6-3620-4c96-adbf-041bd7407d8b,ID203626,CID-205,069deba6-3620-4c96-adbf-041bd7407d8b,2025-05-25,2025-06-24,2347.74,140.88,2488.62,Issued,SampleGen
INV-4c5bad60-aa4e-4549-9343-86adea6dd19f,ID203627,CID-205,4c5bad60-aa4e-4549-9343-86adea6dd19f,2025-05-20,2025-06-19,3041.82,182.52,3224.34,Issued,SampleGen
INV-44d27940-0127-46e3-a474-3ea03cb19ea4,ID203628,CID-205,44d27940-0127-46e3-a474-3ea03cb19ea4,2025-06-23,2025-07-23,1217.78,73.08,1290.86,Issued,SampleGen
INV-7792597f-e432-473a-b9e2-897a1dfef611,ID203629,CID-205,7792597f-e432-473a-b9e2-897a1dfef611,2025-06-09,2025-07-09,3135.74,188.16,3323.9,Issued,SampleGen
INV-89799525-360b-43da-8595-a9fc25c3832b,ID203630,CID-205,89799525-360b-43da-8595-a9fc25c3832b,2025-06-24,2025-07-24,727.88,43.68,771.56,Issued,SampleGen
INV-6aed7218-4396-4f62-bdd6-ef1cc876f5d1,ID203631,CID-205,6aed7218-4396-4f62-bdd6-ef1cc876f5d1,2025-07-07,2025-08-06,819.86,49.2,869.06,Issued,SampleGen
INV-e30ac635-76a5-43b4-9c38-effbd14695d9,ID203632,CID-205,e30ac635-76a5-43b4-9c38-effbd14695d9,2025-07-05,2025-08-04,4379.78,262.8,4642.58,Issued,SampleGen
INV-40a03446-1b1d-44f7-9a04-3148f7d3b48e,ID203633,CID-205,40a03446-1b1d-44f7-9a04-3148f7d3b48e,2025-08-26,2025-09-25,1331.9,79.92,1411.82,Issued,SampleGen
INV-b04b96ed-52bb-42e5-9b08-1fc2bfafd82f,ID203634,CID-205,b04b96ed-52bb-42e5-9b08-1fc2bfafd82f,2025-08-23,2025-09-22,5047.78,302.88,5350.66,Issued,SampleGen
INV-e1b0f309-eecb-442f-b3ad-ad153a0a644c,ID203635,CID-205,e1b0f309-eecb-442f-b3ad-ad153a0a644c,2025-08-15,2025-09-14,899.92,54.0,953.92,Issued,SampleGen
INV-745dfd92-4187-4008-8478-6108b8700c73,ID203636,CID-205,745dfd92-4187-4008-8478-6108b8700c73,2025-09-10,2025-10-10,1123.84,67.44,1191.28,Issued,SampleGen
INV-581fc84f-ddb5-499f-9569-5b251c40d522,ID203637,CID-205,581fc84f-ddb5-499f-9569-5b251c40d522,2025-09-16,2025-10-16,1109.74,66.6,1176.34,Issued,SampleGen
INV-826fb0eb-c040-41c5-88a9-708b29da3f00,ID203638,CID-205,826fb0eb-c040-41c5-88a9-708b29da3f00,2025-09-22,2025-10-22,2515.78,150.96,2666.74,Issued,SampleGen
INV-4e1c00a7-80f1-409e-b34f-2201a68c253a,ID203639,CID-205,4e1c00a7-80f1-409e-b34f-2201a68c253a,2025-10-07,2025-11-06,2271.76,136.32,2408.08,Issued,SampleGen
INV-4a7c5168-d745-4936-8d62-2f14d649d02f,ID203640,CID-205,4a7c5168-d745-4936-8d62-2f14d649d02f,2025-10-13,2025-11-12,1513.84,90.84,1604.68,Issued,SampleGen
INV-e105662b-cd65-4f21-b213-45b54d00443e,ID203641,CID-205,e105662b-cd65-4f21-b213-45b54d00443e,2025-10-15,2025-11-14,507.86,30.48,538.34,Issued,SampleGen
INV-1f31ed84-49c8-486c-b542-9dc6543caf9f,ID203642,CID-205,1f31ed84-49c8-486c-b542-9dc6543caf9f,2025-11-27,2025-12-27,1045.74,62.76,1108.5,Issued,SampleGen
INV-74d5e223-167e-452e-9fa9-193da03df9ec,ID203643,CID-205,74d5e223-167e-452e-9fa9-193da03df9ec,2025-11-05,2025-12-05,1405.76,84.36,1490.12,Issued,SampleGen
INV-61f2249d-cd71-431e-8a86-1c6c459412e8,ID203644,CID-205,61f2249d-cd71-431e-8a86-1c6c459412e8,2025-11-05,2025-12-05,687.86,41.28,729.14,Issued,SampleGen
INV-946598b8-08ff-4efa-882d-7a541616b028,ID203645,CID-205,946598b8-08ff-4efa-882d-7a541616b028,2025-12-24,2026-01-23,1835.92,110.16,1946.08,Issued,SampleGen
INV-880608f0-4d26-49a3-8491-a850af7cdd79,ID203646,CID-205,880608f0-4d26-49a3-8491-a850af7cdd79,2025-12-15,2026-01-14,355.9,21.36,377.26,Issued,SampleGen
INV-dbeda057-f388-46c5-a1a6-6b259644607f,ID203647,CID-205,dbeda057-f388-46c5-a1a6-6b259644607f,2025-12-03,2026-01-02,299.92,18.0,317.92,Issued,SampleGen
INV-c8e8f0ae-1cb6-4271-b261-a382daff31e2,ID203648,CID-205,c8e8f0ae-1cb6-4271-b261-a382daff31e2,2026-01-07,2026-02-06,1059.72,63.6,1123.32,Issued,SampleGen
INV-153c5c08-2395-4503-be84-3766d41853d2,ID203649,CID-205,153c5c08-2395-4503-be84-3766d41853d2,2026-01-04,2026-02-03,3483.8,209.04,3692.84,Issued,SampleGen
INV-0a4d043b-be3e-412d-be0e-86a7bc5494c3,ID203650,CID-205,0a4d043b-be3e-412d-be0e-86a7bc5494c3,2026-01-31,2026-03-02,2431.84,145.92,2577.76,Issued,SampleGen
INV-ed26b0b1-7339-42ae-b291-54561b9f2db4,ID203651,CID-205,ed26b0b1-7339-42ae-b291-54561b9f2db4,2026-02-19,2026-03-21,2247.88,134.88,2382.76,Issued,SampleGen
INV-3175d87c-73e6-4f34-afdc-0cee6302af2a,ID203652,CID-205,3175d87c-73e6-4f34-afdc-0cee6302af2a,2026-02-23,2026-03-25,1619.78,97.2,1716.98,Issued,SampleGen
INV-c86534cb-5054-47e0-ba8c-ef3787a9b0fe,ID203653,CID-205,c86534cb-5054-47e0-ba8c-ef3787a9b0fe,2026-02-05,2026-03-07,1357.86,81.48,1439.34,Issued,SampleGen
INV-3c930bba-00b7-4853-b8cc-beeb7e39f130,ID203654,CID-205,3c930bba-00b7-4853-b8cc-beeb7e39f130,2026-03-10,2026-04-09,4155.76,249.36,4405.12,Issued,SampleGen
INV-e77bc36a-501d-4542-914a-4baf35cecede,ID203655,CID-205,e77bc36a-501d-4542-914a-4baf35cecede,2026-04-01,2026-05-01,4647.76,278.88,4926.64,Issued,SampleGen
INV-626b3125-178a-4549-a05d-96cacd2ab695,ID203656,CID-205,626b3125-178a-4549-a05d-96cacd2ab695,2026-03-11,2026-04-10,5519.76,331.2,5850.96,Issued,SampleGen
INV-ba747f4e-5d5b-4bef-8bd4-ce756737e257,ID203657,CID-205,ba747f4e-5d5b-4bef-8bd4-ce756737e257,2026-03-08,2026-04-07,723.84,43.44,767.28,Issued,SampleGen
INV-802f287f-3935-4f6a-9104-3531e52a3ced,ID203658,CID-205,802f287f-3935-4f6a-9104-3531e52a3ced,2026-04-22,2026-05-22,6191.76,371.52,6563.28,Issued,SampleGen
INV-fbc3d296-330b-463e-9f14-c6638b517fc7,ID203659,CID-205,fbc3d296-330b-463e-9f14-c6638b517fc7,2026-04-22,2026-05-22,4081.78,244.92,4326.7,Issued,SampleGen
INV-e7e6b0eb-d319-4840-b891-32a85a39edd6,ID203660,CID-205,e7e6b0eb-d319-4840-b891-32a85a39edd6,2026-04-23,2026-05-23,5367.72,322.08,5689.8,Issued,SampleGen
INV-4d661759-5798-4510-a938-0e0ceecbab02,ID203661,CID-205,4d661759-5798-4510-a938-0e0ceecbab02,2026-04-22,2026-05-22,2247.88,134.88,2382.76,Issued,SampleGen
INV-77ae7494-9d7f-4136-8de0-fe124225a917,ID203662,CID-206,77ae7494-9d7f-4136-8de0-fe124225a917,2025-02-12,2025-03-14,721.78,43.32,765.1,Issued,SampleGen
INV-f65d2fd6-6170-4971-8da0-b11daad330ef,ID203663,CID-206,f65d2fd6-6170-4971-8da0-b11daad330ef,2025-04-08,2025-05-08,2203.8,132.24,2336.04,Issued,SampleGen
INV-bd081095-8724-464d-a5da-809e7385d2d7,ID203664,CID-206,bd081095-8724-464d-a5da-809e7385d2d7,2025-05-07,2025-06-06,643.86,38.64,682.5,Issued,SampleGen
INV-21d5db28-c23b-43da-aca2-69c6c59a63fd,ID203665,CID-206,21d5db28-c23b-43da-aca2-69c6c59a63fd,2025-07-31,2025-08-30,955.82,57.36,1013.18,Issued,SampleGen
INV-495a1990-014e-442c-a9cc-5776466ed8c5,ID203666,CID-206,495a1990-014e-442c-a9cc-5776466ed8c5,2025-10-13,2025-11-12,3275.74,196.56,3472.3,Issued,SampleGen
INV-8fdc7edf-e3c3-44cf-9a01-7112207dfc95,ID203667,CID-206,8fdc7edf-e3c3-44cf-9a01-7112207dfc95,2025-12-04,2026-01-03,2111.9,126.72,2238.62,Issued,SampleGen
INV-9f97ed67-47d9-4ddd-9ee8-5be7a53f2e8e,ID203668,CID-206,9f97ed67-47d9-4ddd-9ee8-5be7a53f2e8e,2026-02-20,2026-03-22,5267.78,316.08,5583.86,Issued,SampleGen
INV-9ff43d60-bc44-42f8-ac8e-b9a40dddfcb6,ID203669,CID-206,9ff43d60-bc44-42f8-ac8e-b9a40dddfcb6,2026-03-04,2026-04-03,2519.72,151.2,2670.92,Issued,SampleGen
INV-490176a2-f44e-4763-98f9-dd48d4f16580,ID203670,CID-206,490176a2-f44e-4763-98f9-dd48d4f16580,2026-04-21,2026-05-21,499.8,30.0,529.8,Issued,SampleGen
INV-d11ee476-75d3-485c-8e66-bf9fa84f1d34,ID203671,CID-207,d11ee476-75d3-485c-8e66-bf9fa84f1d34,2025-01-07,2025-02-06,5923.7,355.44,6279.14,Issued,SampleGen
INV-22a0af8f-411f-4c86-a884-e6c180a49caa,ID203672,CID-207,22a0af8f-411f-4c86-a884-e6c180a49caa,2025-02-21,2025-03-23,1233.84,74.04,1307.88,Issued,SampleGen
INV-ae0bc242-ab82-45d9-8899-fa3759dac16b,ID203673,CID-207,ae0bc242-ab82-45d9-8899-fa3759dac16b,2025-04-28,2025-05-28,701.82,42.12,743.94,Issued,SampleGen
INV-c28e9b27-226e-4b3f-8921-a89517fb0dad,ID203674,CID-207,c28e9b27-226e-4b3f-8921-a89517fb0dad,2025-05-20,2025-06-19,435.9,26.16,462.06,Issued,SampleGen
INV-ffecdaa0-f242-4d7d-a7d6-3ae13b164e25,ID203675,CID-207,ffecdaa0-f242-4d7d-a7d6-3ae13b164e25,2025-06-15,2025-07-15,7013.78,420.84,7434.62,Issued,SampleGen
INV-016b3243-b8d2-4328-91d8-5392e7381045,ID203676,CID-207,016b3243-b8d2-4328-91d8-5392e7381045,2025-07-21,2025-08-20,3571.76,214.32,3786.08,Issued,SampleGen
INV-bddf038e-f1a7-416e-9c5a-84ceb8b2e9bf,ID203677,CID-207,bddf038e-f1a7-416e-9c5a-84ceb8b2e9bf,2025-08-16,2025-09-15,1113.84,66.84,1180.68,Issued,SampleGen
INV-d42c15a9-dfe7-408d-9066-684cb9460455,ID203678,CID-207,d42c15a9-dfe7-408d-9066-684cb9460455,2025-09-16,2025-10-16,435.88,26.16,462.04,Issued,SampleGen
INV-4ee48cd6-001b-48da-8e10-4b377e4320f1,ID203679,CID-207,4ee48cd6-001b-48da-8e10-4b377e4320f1,2025-10-15,2025-11-14,3119.84,187.2,3307.04,Issued,SampleGen
INV-b8a2f1a8-9d7f-4ae8-8223-bc22c1fa02d8,ID203680,CID-207,b8a2f1a8-9d7f-4ae8-8223-bc22c1fa02d8,2025-11-12,2025-12-12,3523.76,211.44,3735.2,Issued,SampleGen
INV-a92e7641-5ab9-4e45-85db-db282d29a18b,ID203681,CID-207,a92e7641-5ab9-4e45-85db-db282d29a18b,2025-12-11,2026-01-10,1079.88,64.8,1144.68,Issued,SampleGen
INV-e77c3125-3fbb-4f9e-b06a-8c16da42df2e,ID203682,CID-207,e77c3125-3fbb-4f9e-b06a-8c16da42df2e,2026-01-10,2026-02-09,4547.86,272.88,4820.74,Issued,SampleGen
INV-ebd3a98a-ebba-4915-b554-d384616b3ca6,ID203683,CID-207,ebd3a98a-ebba-4915-b554-d384616b3ca6,2026-02-14,2026-03-16,3997.7,239.88,4237.58,Issued,SampleGen
INV-845c0d35-18ee-4030-90d5-cb8ff81feb67,ID203684,CID-207,845c0d35-18ee-4030-90d5-cb8ff81feb67,2026-03-22,2026-04-21,2107.8,126.48,2234.28,Issued,SampleGen
INV-5117dd2a-ac1b-4ca1-93d5-431190fc4dbd,ID203685,CID-207,5117dd2a-ac1b-4ca1-93d5-431190fc4dbd,2026-03-26,2026-04-25,1899.8,114.0,2013.8,Issued,SampleGen
INV-b2e54169-5d3b-4a65-83a1-5cea87f82d86,ID203686,CID-207,b2e54169-5d3b-4a65-83a1-5cea87f82d86,2026-04-25,2026-05-25,591.88,35.52,627.4,Issued,SampleGen
INV-92b652ee-220c-4c20-bd92-efa342e26712,ID203687,CID-208,92b652ee-220c-4c20-bd92-efa342e26712,2025-02-22,2025-03-24,2739.82,164.4,2904.22,Issued,SampleGen
INV-78645eed-a6b5-4005-aa9b-157cf3dac205,ID203688,CID-208,78645eed-a6b5-4005-aa9b-157cf3dac205,2025-03-23,2025-04-22,1987.74,119.28,2107.02,Issued,SampleGen
INV-55475ab3-2cb6-4bb8-864e-65acdf18c25b,ID203689,CID-208,55475ab3-2cb6-4bb8-864e-65acdf18c25b,2025-04-05,2025-05-05,535.84,32.16,568.0,Issued,SampleGen
INV-d8970e39-8d75-450a-be42-37813242177c,ID203690,CID-208,d8970e39-8d75-450a-be42-37813242177c,2025-05-27,2025-06-26,303.9,18.24,322.14,Issued,SampleGen
INV-2a93ebe2-9071-43b7-9f32-7fe7be8e749c,ID203691,CID-208,2a93ebe2-9071-43b7-9f32-7fe7be8e749c,2025-06-25,2025-07-25,3567.74,214.08,3781.82,Issued,SampleGen
INV-db3e3d1b-cb3c-4e96-9428-83e02dfedc1a,ID203692,CID-208,db3e3d1b-cb3c-4e96-9428-83e02dfedc1a,2025-07-04,2025-08-03,3407.92,204.48,3612.4,Issued,SampleGen
INV-b91cf42d-7e24-4bfc-9d90-66d6741e120e,ID203693,CID-208,b91cf42d-7e24-4bfc-9d90-66d6741e120e,2025-08-23,2025-09-22,3853.78,231.24,4085.02,Issued,SampleGen
INV-c436e75b-ae6c-4849-b04c-4494a37fe695,ID203694,CID-208,c436e75b-ae6c-4849-b04c-4494a37fe695,2025-09-23,2025-10-23,1877.9,112.68,1990.58,Issued,SampleGen
INV-d6aac704-80b9-4720-b3bf-4f14696e4336,ID203695,CID-208,d6aac704-80b9-4720-b3bf-4f14696e4336,2025-10-25,2025-11-24,699.82,42.0,741.82,Issued,SampleGen
INV-5df01819-96f6-45b0-adcf-d3861552bd91,ID203696,CID-208,5df01819-96f6-45b0-adcf-d3861552bd91,2025-11-04,2025-12-04,429.86,25.8,455.66,Issued,SampleGen
INV-fb8380dc-b0e5-4388-9d2d-d90324ce99bf,ID203697,CID-208,fb8380dc-b0e5-4388-9d2d-d90324ce99bf,2025-11-28,2025-12-28,379.84,22.8,402.64,Issued,SampleGen
INV-ac032e48-6498-4071-be8d-86be94a4f260,ID203698,CID-208,ac032e48-6498-4071-be8d-86be94a4f260,2025-12-15,2026-01-14,2887.82,173.28,3061.1,Issued,SampleGen
INV-4903ac0f-514d-4b1a-bb7a-381ef439c537,ID203699,CID-208,4903ac0f-514d-4b1a-bb7a-381ef439c537,2025-12-04,2026-01-03,2727.82,163.68,2891.5,Issued,SampleGen
INV-bd5e1be1-d015-4fca-bc5c-5c1478a9942f,ID203700,CID-208,bd5e1be1-d015-4fca-bc5c-5c1478a9942f,2026-01-20,2026-02-19,451.88,27.12,479.0,Issued,SampleGen
INV-0927c014-e4e3-478b-a4e4-1f604911233b,ID203701,CID-208,0927c014-e4e3-478b-a4e4-1f604911233b,2026-01-28,2026-02-27,1479.88,88.8,1568.68,Issued,SampleGen
INV-bfd85387-964b-46c4-94ae-f0c468334aa5,ID203702,CID-208,bfd85387-964b-46c4-94ae-f0c468334aa5,2026-02-16,2026-03-18,2211.74,132.72,2344.46,Issued,SampleGen
INV-45820715-a5ab-4b0c-96d0-cb577260243b,ID203703,CID-208,45820715-a5ab-4b0c-96d0-cb577260243b,2026-02-23,2026-03-25,2075.84,124.56,2200.4,Issued,SampleGen
INV-5d0240d8-e6d0-4566-87e9-5ffeb738c023,ID203704,CID-208,5d0240d8-e6d0-4566-87e9-5ffeb738c023,2026-03-09,2026-04-08,423.84,25.44,449.28,Issued,SampleGen
INV-8c0c9d1a-2ae9-4382-824f-cc0f875f7ff4,ID203705,CID-208,8c0c9d1a-2ae9-4382-824f-cc0f875f7ff4,2026-03-31,2026-04-30,1355.82,81.36,1437.18,Issued,SampleGen
INV-9f9edcea-2c2e-4bc5-b577-ae743307bc5c,ID203706,CID-208,9f9edcea-2c2e-4bc5-b577-ae743307bc5c,2026-04-09,2026-05-09,587.84,35.28,623.12,Issued,SampleGen
INV-0a5ee29b-a76c-4113-b97d-f519e1ac50ed,ID203707,CID-208,0a5ee29b-a76c-4113-b97d-f519e1ac50ed,2026-04-28,2026-05-28,1185.78,71.16,1256.94,Issued,SampleGen
INV-8f13c3f5-0300-47ae-8921-4d7b1e317d2b,ID203708,CID-209,8f13c3f5-0300-47ae-8921-4d7b1e317d2b,2025-04-23,2025-05-23,783.76,47.04,830.8,Issued,SampleGen
INV-46758b99-f3d5-4017-b0db-4bd38e2e5bae,ID203709,CID-209,46758b99-f3d5-4017-b0db-4bd38e2e5bae,2025-10-02,2025-11-01,1023.88,61.44,1085.32,Issued,SampleGen
INV-65181db8-8b0c-49ba-9cd4-047fa8093d78,ID203710,CID-209,65181db8-8b0c-49ba-9cd4-047fa8093d78,2025-11-16,2025-12-16,1967.84,118.08,2085.92,Issued,SampleGen
INV-f8a3a7b9-0d16-48de-a742-14c98c036f5b,ID203711,CID-209,f8a3a7b9-0d16-48de-a742-14c98c036f5b,2025-12-10,2026-01-09,2061.78,123.72,2185.5,Issued,SampleGen
INV-0f4b70ff-a362-4eb3-800a-912db1cc2929,ID203712,CID-209,0f4b70ff-a362-4eb3-800a-912db1cc2929,2026-02-12,2026-03-14,3187.78,191.28,3379.06,Issued,SampleGen
INV-fcdc472d-c2b0-4fe7-92df-6639291fdbc6,ID203713,CID-209,fcdc472d-c2b0-4fe7-92df-6639291fdbc6,2026-04-07,2026-05-07,1101.76,66.12,1167.88,Issued,SampleGen
INV-f7e5817d-dbf7-4942-bbf4-63b34c1c59b5,ID203714,CID-210,f7e5817d-dbf7-4942-bbf4-63b34c1c59b5,2025-03-19,2025-04-18,679.9,40.8,720.7,Issued,SampleGen
INV-c3acbd61-15a2-4b2f-a811-e8c3141d73fe,ID203715,CID-210,c3acbd61-15a2-4b2f-a811-e8c3141d73fe,2025-06-26,2025-07-26,3267.82,196.08,3463.9,Issued,SampleGen
INV-69692a51-ebf7-4828-bf8f-05b4c3501cd8,ID203716,CID-210,69692a51-ebf7-4828-bf8f-05b4c3501cd8,2025-08-07,2025-09-06,877.8,52.68,930.48,Issued,SampleGen
INV-ff696a89-50a0-4106-9098-c8e7bad2e2f8,ID203717,CID-210,ff696a89-50a0-4106-9098-c8e7bad2e2f8,2025-10-23,2025-11-22,3291.74,197.52,3489.26,Issued,SampleGen
INV-ae022e52-18a0-4e91-bb06-5626573d6219,ID203718,CID-210,ae022e52-18a0-4e91-bb06-5626573d6219,2025-11-16,2025-12-16,1799.84,108.0,1907.84,Issued,SampleGen
INV-126a44d6-6897-4a54-822d-617e85dd274d,ID203719,CID-210,126a44d6-6897-4a54-822d-617e85dd274d,2026-01-10,2026-02-09,1671.78,100.32,1772.1,Issued,SampleGen
INV-6fe36e2f-c466-4159-97c0-67c6c873ac56,ID203720,CID-210,6fe36e2f-c466-4159-97c0-67c6c873ac56,2026-03-03,2026-04-02,471.86,28.32,500.18,Issued,SampleGen
INV-f47120a6-6e4a-4907-a868-ad00a2818f3f,ID203721,CID-210,f47120a6-6e4a-4907-a868-ad00a2818f3f,2026-04-26,2026-05-26,1359.86,81.6,1441.46,Issued,SampleGen
INV-82fad32c-da3d-4e83-89ff-17a700586fa4,ID203722,CID-211,82fad32c-da3d-4e83-89ff-17a700586fa4,2025-01-29,2025-02-28,1207.78,72.48,1280.26,Issued,SampleGen
INV-8c3aa1fe-ed2d-4cfc-a0bb-84a3804f589e,ID203723,CID-211,8c3aa1fe-ed2d-4cfc-a0bb-84a3804f589e,2025-05-24,2025-06-23,5171.74,310.32,5482.06,Issued,SampleGen
INV-e2273a5f-3fcd-47e2-85d5-b3481b5daeca,ID203724,CID-211,e2273a5f-3fcd-47e2-85d5-b3481b5daeca,2025-06-08,2025-07-08,509.9,30.6,540.5,Issued,SampleGen
INV-0c4707b7-4ca5-43b6-b895-09a3cfc80c74,ID203725,CID-211,0c4707b7-4ca5-43b6-b895-09a3cfc80c74,2025-07-12,2025-08-11,2027.74,121.68,2149.42,Issued,SampleGen
INV-923d249c-933e-417f-bca7-469d66a25bb6,ID203726,CID-211,923d249c-933e-417f-bca7-469d66a25bb6,2025-08-27,2025-09-26,951.84,57.12,1008.96,Issued,SampleGen
INV-5eaefbce-06fe-42e7-86c6-69f15ab38c77,ID203727,CID-211,5eaefbce-06fe-42e7-86c6-69f15ab38c77,2025-10-01,2025-10-31,5571.78,334.32,5906.1,Issued,SampleGen
INV-e4e7d8f6-3acc-4506-9d67-439b0063bdd1,ID203728,CID-211,e4e7d8f6-3acc-4506-9d67-439b0063bdd1,2025-10-04,2025-11-03,5155.72,309.36,5465.08,Issued,SampleGen
INV-ef13fad3-a24d-4e87-bc09-a821bf1a14ca,ID203729,CID-211,ef13fad3-a24d-4e87-bc09-a821bf1a14ca,2025-11-13,2025-12-13,1891.84,113.52,2005.36,Issued,SampleGen
INV-44c16ca8-78f6-4b10-946e-f1070fb16d6f,ID203730,CID-211,44c16ca8-78f6-4b10-946e-f1070fb16d6f,2025-12-19,2026-01-18,4511.7,270.72,4782.42,Issued,SampleGen
INV-ca96ac83-02ea-435c-bb0f-af7d6e763dd4,ID203731,CID-211,ca96ac83-02ea-435c-bb0f-af7d6e763dd4,2026-01-24,2026-02-23,883.8,53.04,936.84,Issued,SampleGen
INV-51290a37-f5ed-4614-afdf-03dadb689dae,ID203732,CID-211,51290a37-f5ed-4614-afdf-03dadb689dae,2026-03-01,2026-03-31,2531.78,151.92,2683.7,Issued,SampleGen
INV-cd6828e2-2e0e-4ea5-bc05-d7788ecbbfc7,ID203733,CID-211,cd6828e2-2e0e-4ea5-bc05-d7788ecbbfc7,2026-03-20,2026-04-19,1139.78,68.4,1208.18,Issued,SampleGen
INV-fdf70841-9d8b-491c-b20c-f85f9bf8ea24,ID203734,CID-211,fdf70841-9d8b-491c-b20c-f85f9bf8ea24,2026-04-23,2026-05-23,3547.88,212.88,3760.76,Issued,SampleGen
INV-cfb3f870-748e-439d-b324-cdebf84f388b,ID203735,CID-212,cfb3f870-748e-439d-b324-cdebf84f388b,2025-03-03,2025-04-02,4547.86,272.88,4820.74,Issued,SampleGen
INV-9288a135-670e-4a79-bd11-770e2865dd80,ID203736,CID-212,9288a135-670e-4a79-bd11-770e2865dd80,2025-04-13,2025-05-13,973.8,58.44,1032.24,Issued,SampleGen
INV-b97e3e1a-735d-4c7d-a6aa-118e76950fb8,ID203737,CID-212,b97e3e1a-735d-4c7d-a6aa-118e76950fb8,2025-05-05,2025-06-04,3199.8,192.0,3391.8,Issued,SampleGen
INV-40c61f8d-aee7-459d-8c95-a375e348c074,ID203738,CID-212,40c61f8d-aee7-459d-8c95-a375e348c074,2025-06-02,2025-07-02,1903.88,114.24,2018.12,Issued,SampleGen
INV-811f846b-19a4-4c09-85ee-bf71df898036,ID203739,CID-212,811f846b-19a4-4c09-85ee-bf71df898036,2025-06-11,2025-07-11,1787.7,107.28,1894.98,Issued,SampleGen
INV-d0419048-6e1b-4168-9803-f47d4d98c597,ID203740,CID-212,d0419048-6e1b-4168-9803-f47d4d98c597,2025-07-27,2025-08-26,791.84,47.52,839.36,Issued,SampleGen
INV-caf18397-cd95-4f32-93c3-5bcbcb3ef8bf,ID203741,CID-212,caf18397-cd95-4f32-93c3-5bcbcb3ef8bf,2025-08-26,2025-09-25,907.78,54.48,962.26,Issued,SampleGen
INV-8f4aa949-1e49-4ee6-b021-9f5dfb872439,ID203742,CID-212,8f4aa949-1e49-4ee6-b021-9f5dfb872439,2025-09-20,2025-10-20,2119.84,127.2,2247.04,Issued,SampleGen
INV-9a4cba16-bf93-441e-a4b3-2872346b9311,ID203743,CID-212,9a4cba16-bf93-441e-a4b3-2872346b9311,2025-10-30,2025-11-29,2023.68,121.44,2145.12,Issued,SampleGen
INV-4969dd08-b114-49ef-aef9-ea3cb1106ca3,ID203744,CID-212,4969dd08-b114-49ef-aef9-ea3cb1106ca3,2025-10-09,2025-11-08,2483.84,149.04,2632.88,Issued,SampleGen
INV-dd75b73c-3375-4898-91ca-cf0e1768926d,ID203745,CID-212,dd75b73c-3375-4898-91ca-cf0e1768926d,2025-11-18,2025-12-18,3799.8,228.0,4027.8,Issued,SampleGen
INV-f0f00449-3a56-4533-9f02-5a9a71bb0195,ID203746,CID-212,f0f00449-3a56-4533-9f02-5a9a71bb0195,2025-11-17,2025-12-17,4259.9,255.6,4515.5,Issued,SampleGen
INV-73f6e962-99fd-4922-8918-05f8de6adca7,ID203747,CID-212,73f6e962-99fd-4922-8918-05f8de6adca7,2025-12-09,2026-01-08,1077.82,64.68,1142.5,Issued,SampleGen
INV-31444bb7-8e2f-4d51-ad8c-1ec8a14f6471,ID203748,CID-212,31444bb7-8e2f-4d51-ad8c-1ec8a14f6471,2025-12-22,2026-01-21,2155.72,129.36,2285.08,Issued,SampleGen
INV-66435743-fdf8-4480-976d-e37746dbc0fe,ID203749,CID-212,66435743-fdf8-4480-976d-e37746dbc0fe,2026-01-23,2026-02-22,1599.88,96.0,1695.88,Issued,SampleGen
INV-b3cfa9bf-f5f3-4e1f-8722-f17259987898,ID203750,CID-212,b3cfa9bf-f5f3-4e1f-8722-f17259987898,2026-01-03,2026-02-02,1411.9,84.72,1496.62,Issued,SampleGen
INV-46c46df0-9a8e-4fd9-bed9-e003d3696041,ID203751,CID-212,46c46df0-9a8e-4fd9-bed9-e003d3696041,2026-02-10,2026-03-12,2715.9,162.96,2878.86,Issued,SampleGen
INV-002cb3dd-cca0-4c76-aa48-5c7357dd6ba3,ID203752,CID-212,002cb3dd-cca0-4c76-aa48-5c7357dd6ba3,2026-02-15,2026-03-17,2087.84,125.28,2213.12,Issued,SampleGen
INV-7ba41326-1ec4-4d8f-a748-3118256d1ac2,ID203753,CID-212,7ba41326-1ec4-4d8f-a748-3118256d1ac2,2026-03-25,2026-04-24,739.8,44.4,784.2,Issued,SampleGen
INV-c384b0f7-574f-496b-9e6a-3c3d82226ba0,ID203754,CID-212,c384b0f7-574f-496b-9e6a-3c3d82226ba0,2026-04-26,2026-05-26,639.78,38.4,678.18,Issued,SampleGen
INV-a165cd49-45d3-4931-b3f1-2d82f048ea2d,ID203755,CID-212,a165cd49-45d3-4931-b3f1-2d82f048ea2d,2026-04-14,2026-05-14,2423.88,145.44,2569.32,Issued,SampleGen
INV-f51bced5-1b23-4694-a6a7-7fd1c8c824bc,ID203756,CID-213,f51bced5-1b23-4694-a6a7-7fd1c8c824bc,2025-01-08,2025-02-07,551.88,33.12,585.0,Issued,SampleGen
INV-245a1145-c982-4958-ae75-09a1942b643f,ID203757,CID-213,245a1145-c982-4958-ae75-09a1942b643f,2025-02-23,2025-03-25,553.8,33.24,587.04,Issued,SampleGen
INV-2c6a9215-1dce-41f6-8a89-71489c71c404,ID203758,CID-213,2c6a9215-1dce-41f6-8a89-71489c71c404,2025-03-23,2025-04-22,1493.82,89.64,1583.46,Issued,SampleGen
INV-7ad25af0-4f44-470b-81d7-134034304b22,ID203759,CID-213,7ad25af0-4f44-470b-81d7-134034304b22,2025-04-26,2025-05-26,2899.78,174.0,3073.78,Issued,SampleGen
INV-9711f0bb-a7cb-43de-9347-c57398bb080a,ID203760,CID-213,9711f0bb-a7cb-43de-9347-c57398bb080a,2025-05-24,2025-06-23,1507.86,90.48,1598.34,Issued,SampleGen
INV-5f5fd1c3-07f8-48b2-b123-474723f39270,ID203761,CID-213,5f5fd1c3-07f8-48b2-b123-474723f39270,2025-06-07,2025-07-07,851.88,51.12,903.0,Issued,SampleGen
INV-728c0753-27f3-4dd2-83fe-78afecd522b0,ID203762,CID-213,728c0753-27f3-4dd2-83fe-78afecd522b0,2025-07-03,2025-08-02,539.86,32.4,572.26,Issued,SampleGen
INV-6ea6baab-b8f0-4096-a88f-dd888455b5be,ID203763,CID-213,6ea6baab-b8f0-4096-a88f-dd888455b5be,2025-08-14,2025-09-13,1595.72,95.76,1691.48,Issued,SampleGen
INV-d970c93b-6d42-4f2f-98d6-97c300ec0423,ID203764,CID-213,d970c93b-6d42-4f2f-98d6-97c300ec0423,2025-09-22,2025-10-22,3563.82,213.84,3777.66,Issued,SampleGen
INV-c40a8acd-754a-425a-9bf3-0007b0fe2213,ID203765,CID-213,c40a8acd-754a-425a-9bf3-0007b0fe2213,2025-10-07,2025-11-06,711.84,42.72,754.56,Issued,SampleGen
INV-7c16ee70-071b-4932-98e3-b3b73849cc15,ID203766,CID-213,7c16ee70-071b-4932-98e3-b3b73849cc15,2025-10-02,2025-11-01,1299.9,78.0,1377.9,Issued,SampleGen
INV-fbe279fb-c5ad-4668-83da-657df90b61d1,ID203767,CID-213,fbe279fb-c5ad-4668-83da-657df90b61d1,2025-11-25,2025-12-25,3819.84,229.2,4049.04,Issued,SampleGen
INV-d815f403-33d8-42b9-bdf4-f9c8fff1c0a1,ID203768,CID-213,d815f403-33d8-42b9-bdf4-f9c8fff1c0a1,2025-11-06,2025-12-06,1395.86,83.76,1479.62,Issued,SampleGen
INV-ff4bd29d-d620-454f-940d-5f994ce01401,ID203769,CID-213,ff4bd29d-d620-454f-940d-5f994ce01401,2025-12-07,2026-01-06,1183.8,71.04,1254.84,Issued,SampleGen
INV-2331a587-4860-4d9e-84ef-41a422d82ac9,ID203770,CID-213,2331a587-4860-4d9e-84ef-41a422d82ac9,2025-12-02,2026-01-01,931.76,55.92,987.68,Issued,SampleGen
INV-e813d34c-e3d9-46c7-bd10-fbb30dc50505,ID203771,CID-213,e813d34c-e3d9-46c7-bd10-fbb30dc50505,2026-01-12,2026-02-11,823.82,49.44,873.26,Issued,SampleGen
INV-31dc98c1-4c15-46e0-8d07-9b866fd689d3,ID203772,CID-213,31dc98c1-4c15-46e0-8d07-9b866fd689d3,2026-01-03,2026-02-02,2643.76,158.64,2802.4,Issued,SampleGen
INV-031bff14-197e-4f15-a2a6-b46b85942cda,ID203773,CID-213,031bff14-197e-4f15-a2a6-b46b85942cda,2026-02-22,2026-03-24,3219.8,193.2,3413.0,Issued,SampleGen
INV-4a66ae96-b336-427c-9f39-8efed703f9db,ID203774,CID-213,4a66ae96-b336-427c-9f39-8efed703f9db,2026-02-04,2026-03-06,4547.86,272.88,4820.74,Issued,SampleGen
INV-2e4f95c9-9238-48a1-b85b-d0d71753c182,ID203775,CID-213,2e4f95c9-9238-48a1-b85b-d0d71753c182,2026-03-16,2026-04-15,261.9,15.72,277.62,Issued,SampleGen
INV-722fcb80-d795-4e41-912d-1bbea68f2cfb,ID203776,CID-213,722fcb80-d795-4e41-912d-1bbea68f2cfb,2026-03-21,2026-04-20,1943.76,116.64,2060.4,Issued,SampleGen
INV-0a9721dd-d4e4-4e7b-b63b-4792b1a5d39c,ID203777,CID-213,0a9721dd-d4e4-4e7b-b63b-4792b1a5d39c,2026-04-03,2026-05-03,607.82,36.48,644.3,Issued,SampleGen
INV-0e6726a2-d6a5-47f8-aa94-1f9dcb56dda5,ID203778,CID-213,0e6726a2-d6a5-47f8-aa94-1f9dcb56dda5,2026-05-01,2026-05-31,1693.7,101.64,1795.34,Issued,SampleGen
INV-32f8c3ba-a077-49b5-976a-808c5d57c9b8,ID203779,CID-214,32f8c3ba-a077-49b5-976a-808c5d57c9b8,2026-03-09,2026-04-08,3619.78,217.2,3836.98,Issued,SampleGen
INV-f9caed79-12af-43e2-83a8-3a4a79d98fcf,ID203780,CID-214,f9caed79-12af-43e2-83a8-3a4a79d98fcf,2026-04-15,2026-05-15,463.88,27.84,491.72,Issued,SampleGen
INV-044f534e-9629-40c4-9016-4d94b90a6e12,ID203781,CID-215,044f534e-9629-40c4-9016-4d94b90a6e12,2025-01-18,2025-02-17,451.88,27.12,479.0,Issued,SampleGen
INV-a9382d8f-df06-48fa-8d31-4c066a948787,ID203782,CID-215,a9382d8f-df06-48fa-8d31-4c066a948787,2025-02-25,2025-03-27,1231.76,73.92,1305.68,Issued,SampleGen
INV-0ad27ec8-31c2-4d52-8796-5d1144084011,ID203783,CID-215,0ad27ec8-31c2-4d52-8796-5d1144084011,2025-03-27,2025-04-26,3199.8,192.0,3391.8,Issued,SampleGen
INV-cfd8a849-ec6e-444b-8752-c3a49eee363b,ID203784,CID-215,cfd8a849-ec6e-444b-8752-c3a49eee363b,2025-04-22,2025-05-22,637.78,38.28,676.06,Issued,SampleGen
INV-c6fa8e4d-641c-425e-b8f7-6bb91e5528fc,ID203785,CID-215,c6fa8e4d-641c-425e-b8f7-6bb91e5528fc,2025-04-05,2025-05-05,849.78,51.0,900.78,Issued,SampleGen
INV-3b1dbf2e-4a6b-4170-81f7-3f50a72d8941,ID203786,CID-215,3b1dbf2e-4a6b-4170-81f7-3f50a72d8941,2025-06-01,2025-07-01,771.88,46.32,818.2,Issued,SampleGen
INV-1e495e7f-d1ae-403c-87ca-c5defc67fe88,ID203787,CID-215,1e495e7f-d1ae-403c-87ca-c5defc67fe88,2025-05-07,2025-06-06,479.84,28.8,508.64,Issued,SampleGen
INV-f4754e19-a6d8-4366-9326-1f150e871dc3,ID203788,CID-215,f4754e19-a6d8-4366-9326-1f150e871dc3,2025-06-25,2025-07-25,2127.76,127.68,2255.44,Issued,SampleGen
INV-008d11aa-a0b8-47e8-a4b2-d6d21604d73b,ID203789,CID-215,008d11aa-a0b8-47e8-a4b2-d6d21604d73b,2025-06-16,2025-07-16,2919.78,175.2,3094.98,Issued,SampleGen
INV-92ed8d55-c9dd-4f87-86e1-8d570ed008db,ID203790,CID-215,92ed8d55-c9dd-4f87-86e1-8d570ed008db,2025-06-05,2025-07-05,329.9,19.8,349.7,Issued,SampleGen
INV-02c5e694-f19d-42ae-ad67-5efb71e6e152,ID203791,CID-215,02c5e694-f19d-42ae-ad67-5efb71e6e152,2025-07-14,2025-08-13,3975.76,238.56,4214.32,Issued,SampleGen
INV-160c174e-3732-4311-b6bd-6db9fca92b60,ID203792,CID-215,160c174e-3732-4311-b6bd-6db9fca92b60,2025-07-16,2025-08-15,1227.8,73.68,1301.48,Issued,SampleGen
INV-8242a01a-7ea5-4c80-9e52-7fe8b921d29a,ID203793,CID-215,8242a01a-7ea5-4c80-9e52-7fe8b921d29a,2025-08-19,2025-09-18,1149.8,69.0,1218.8,Issued,SampleGen
INV-36e8585a-418a-42be-8d7c-a7442847a12e,ID203794,CID-215,36e8585a-418a-42be-8d7c-a7442847a12e,2025-08-05,2025-09-04,1927.82,115.68,2043.5,Issued,SampleGen
INV-53693941-5772-4d04-855f-fb2fb8418c07,ID203795,CID-215,53693941-5772-4d04-855f-fb2fb8418c07,2025-09-14,2025-10-14,1899.9,114.0,2013.9,Issued,SampleGen
INV-d7cb83e6-3275-4bad-ad74-cdf3377a331b,ID203796,CID-215,d7cb83e6-3275-4bad-ad74-cdf3377a331b,2025-09-02,2025-10-02,1183.8,71.04,1254.84,Issued,SampleGen
INV-962779c1-0283-40d3-a848-c7a81fd40e2e,ID203797,CID-215,962779c1-0283-40d3-a848-c7a81fd40e2e,2025-09-25,2025-10-25,511.84,30.72,542.56,Issued,SampleGen
INV-ebf2db91-31a0-4e66-ad9d-c98a6b7d7bd3,ID203798,CID-215,ebf2db91-31a0-4e66-ad9d-c98a6b7d7bd3,2025-10-31,2025-11-30,2759.78,165.6,2925.38,Issued,SampleGen
INV-c7089e65-b1c7-47d6-9d91-2b13e9c393b6,ID203799,CID-215,c7089e65-b1c7-47d6-9d91-2b13e9c393b6,2025-10-23,2025-11-22,2383.76,143.04,2526.8,Issued,SampleGen
INV-a2f7a79f-b697-4322-8bdc-7219c4b3fc10,ID203800,CID-215,a2f7a79f-b697-4322-8bdc-7219c4b3fc10,2025-10-10,2025-11-09,5293.74,317.64,5611.38,Issued,SampleGen
INV-cb58fb3d-6630-4d61-ad6f-4ea23c4ac54f,ID203801,CID-215,cb58fb3d-6630-4d61-ad6f-4ea23c4ac54f,2025-11-04,2025-12-04,611.82,36.72,648.54,Issued,SampleGen
INV-5c3cd7a2-b7e1-434f-b44f-8afe60e79ff4,ID203802,CID-215,5c3cd7a2-b7e1-434f-b44f-8afe60e79ff4,2025-12-01,2025-12-31,1127.86,67.68,1195.54,Issued,SampleGen
INV-67a3f1f3-86c8-46cc-9c2d-063d52fa8226,ID203803,CID-215,67a3f1f3-86c8-46cc-9c2d-063d52fa8226,2025-11-20,2025-12-20,3107.74,186.48,3294.22,Issued,SampleGen
INV-93785cad-f9d8-40de-88cf-6ae485d476d5,ID203804,CID-215,93785cad-f9d8-40de-88cf-6ae485d476d5,2025-12-05,2026-01-04,3075.78,184.56,3260.34,Issued,SampleGen
INV-21734ee5-c4b2-4c2c-bf5b-da1ba6530d29,ID203805,CID-215,21734ee5-c4b2-4c2c-bf5b-da1ba6530d29,2025-12-31,2026-01-30,5339.76,320.4,5660.16,Issued,SampleGen
INV-52252592-129c-4fd6-b9ea-eea8d7178038,ID203806,CID-215,52252592-129c-4fd6-b9ea-eea8d7178038,2025-12-05,2026-01-04,2697.78,161.88,2859.66,Issued,SampleGen
INV-4bf7c2ac-4d80-4807-b96d-1574da57b72d,ID203807,CID-215,4bf7c2ac-4d80-4807-b96d-1574da57b72d,2026-01-15,2026-02-14,903.88,54.24,958.12,Issued,SampleGen
INV-e03e78cb-f688-47dc-86b0-36170be7f4f3,ID203808,CID-215,e03e78cb-f688-47dc-86b0-36170be7f4f3,2026-01-26,2026-02-25,643.84,38.64,682.48,Issued,SampleGen
INV-6ab3a637-792b-470d-bec4-d7345c0216ac,ID203809,CID-215,6ab3a637-792b-470d-bec4-d7345c0216ac,2026-01-18,2026-02-17,1113.82,66.84,1180.66,Issued,SampleGen
INV-eb82301d-24c6-41b4-b564-1b20161f9a44,ID203810,CID-215,eb82301d-24c6-41b4-b564-1b20161f9a44,2026-01-14,2026-02-13,2679.74,160.8,2840.54,Issued,SampleGen
INV-b5ffe2f0-bc3b-48eb-ac6b-1530e7a0f529,ID203811,CID-215,b5ffe2f0-bc3b-48eb-ac6b-1530e7a0f529,2026-02-06,2026-03-08,1323.9,79.44,1403.34,Issued,SampleGen
INV-c2ccb6fb-1c05-4bd8-a43d-aaa2a680d75a,ID203812,CID-215,c2ccb6fb-1c05-4bd8-a43d-aaa2a680d75a,2026-02-23,2026-03-25,1317.78,79.08,1396.86,Issued,SampleGen
INV-3ae513c6-849b-488f-9eca-b0a4b2ec314d,ID203813,CID-215,3ae513c6-849b-488f-9eca-b0a4b2ec314d,2026-02-08,2026-03-10,2467.8,148.08,2615.88,Issued,SampleGen
INV-6b5d77ed-16d4-4e56-b887-ade2044592dc,ID203814,CID-215,6b5d77ed-16d4-4e56-b887-ade2044592dc,2026-02-14,2026-03-16,2679.84,160.8,2840.64,Issued,SampleGen
INV-29ec61f4-9090-47d5-b230-7ce8543dea95,ID203815,CID-215,29ec61f4-9090-47d5-b230-7ce8543dea95,2026-03-04,2026-04-03,2699.84,162.0,2861.84,Issued,SampleGen
INV-8ae5e3fc-f43c-4d04-a769-4230f6487c76,ID203816,CID-215,8ae5e3fc-f43c-4d04-a769-4230f6487c76,2026-03-30,2026-04-29,2203.84,132.24,2336.08,Issued,SampleGen
INV-2f96c432-849a-488e-ae50-70fb93ab304b,ID203817,CID-215,2f96c432-849a-488e-ae50-70fb93ab304b,2026-03-08,2026-04-07,1359.86,81.6,1441.46,Issued,SampleGen
INV-b0fa0102-0fc7-4f42-ba5d-1480bf9f3bb7,ID203818,CID-215,b0fa0102-0fc7-4f42-ba5d-1480bf9f3bb7,2026-04-08,2026-05-08,1499.8,90.0,1589.8,Issued,SampleGen
INV-d50c49ce-22c4-4705-80c2-797af4ecca52,ID203819,CID-215,d50c49ce-22c4-4705-80c2-797af4ecca52,2026-04-08,2026-05-08,503.88,30.24,534.12,Issued,SampleGen
INV-3144addf-abb1-4eb9-977f-7a147669cc92,ID203820,CID-215,3144addf-abb1-4eb9-977f-7a147669cc92,2026-04-14,2026-05-14,3999.72,240.0,4239.72,Issued,SampleGen
INV-62931e90-1d48-4e47-9402-a837e92a4dcb,ID203821,CID-215,62931e90-1d48-4e47-9402-a837e92a4dcb,2026-05-01,2026-05-31,1703.88,102.24,1806.12,Issued,SampleGen
INV-b921578e-2950-46f8-a5b8-e3b5de945daf,ID203822,CID-216,b921578e-2950-46f8-a5b8-e3b5de945daf,2025-05-31,2025-06-30,4573.7,274.44,4848.14,Issued,SampleGen
INV-91e75bf4-ce18-44b6-9dc7-3c0ff1d291d0,ID203823,CID-216,91e75bf4-ce18-44b6-9dc7-3c0ff1d291d0,2025-09-30,2025-10-30,5359.68,321.6,5681.28,Issued,SampleGen
INV-d0cb4baf-7561-4c5f-a9f9-b2d1e76d13ae,ID203824,CID-216,d0cb4baf-7561-4c5f-a9f9-b2d1e76d13ae,2025-10-31,2025-11-30,4547.86,272.88,4820.74,Issued,SampleGen
INV-903a88cb-ca82-4b7e-a278-1a1e25101772,ID203825,CID-216,903a88cb-ca82-4b7e-a278-1a1e25101772,2025-12-04,2026-01-03,967.78,58.08,1025.86,Issued,SampleGen
INV-10ff7acb-e5af-4619-adf2-df8726947b1e,ID203826,CID-216,10ff7acb-e5af-4619-adf2-df8726947b1e,2026-01-04,2026-02-03,1215.76,72.96,1288.72,Issued,SampleGen
INV-6a9dd090-06e0-4753-9a90-5d8faa7c5a68,ID203827,CID-216,6a9dd090-06e0-4753-9a90-5d8faa7c5a68,2026-02-21,2026-03-23,3827.84,229.68,4057.52,Issued,SampleGen
INV-703704d1-32ff-41b9-8d7f-9382e03c029e,ID203828,CID-216,703704d1-32ff-41b9-8d7f-9382e03c029e,2026-03-20,2026-04-19,591.88,35.52,627.4,Issued,SampleGen
INV-99ec9b74-4499-42b3-a5a5-fc6443331911,ID203829,CID-216,99ec9b74-4499-42b3-a5a5-fc6443331911,2026-04-07,2026-05-07,3591.88,215.52,3807.4,Issued,SampleGen
INV-10b71e24-e076-4316-a120-5dd8e7585c63,ID203830,CID-217,10b71e24-e076-4316-a120-5dd8e7585c63,2025-01-28,2025-02-27,1405.76,84.36,1490.12,Issued,SampleGen
INV-4b0693fb-36f6-4424-b887-e08dd6911522,ID203831,CID-217,4b0693fb-36f6-4424-b887-e08dd6911522,2025-02-14,2025-03-16,737.82,44.28,782.1,Issued,SampleGen
INV-ddf705b6-524f-4628-817d-75651f0cf5a7,ID203832,CID-217,ddf705b6-524f-4628-817d-75651f0cf5a7,2025-09-20,2025-10-20,591.9,35.52,627.42,Issued,SampleGen
INV-1fdd0c0b-e67b-4b70-a5a2-d62ee828a5db,ID203833,CID-217,1fdd0c0b-e67b-4b70-a5a2-d62ee828a5db,2025-12-18,2026-01-17,1487.78,89.28,1577.06,Issued,SampleGen
INV-bc4a7410-6f5c-491b-b957-8e57ec97a136,ID203834,CID-217,bc4a7410-6f5c-491b-b957-8e57ec97a136,2026-03-06,2026-04-05,3275.86,196.56,3472.42,Issued,SampleGen
INV-d3e20a3d-d987-476c-8189-05737174e31c,ID203835,CID-218,d3e20a3d-d987-476c-8189-05737174e31c,2025-01-10,2025-02-09,283.88,17.04,300.92,Issued,SampleGen
INV-5c1de45d-8a19-4677-bcb6-89fb6a433b9f,ID203836,CID-218,5c1de45d-8a19-4677-bcb6-89fb6a433b9f,2025-02-20,2025-03-22,6067.78,364.08,6431.86,Issued,SampleGen
INV-9b42f400-b04b-4426-a5cb-195f9c3e6074,ID203837,CID-218,9b42f400-b04b-4426-a5cb-195f9c3e6074,2025-03-19,2025-04-18,565.78,33.96,599.74,Issued,SampleGen
INV-da6938b8-89d2-4ba0-80b6-c480437c9354,ID203838,CID-218,da6938b8-89d2-4ba0-80b6-c480437c9354,2025-04-06,2025-05-06,3635.82,218.16,3853.98,Issued,SampleGen
INV-0ae07274-192a-42e7-871b-f2ebcf1f3f7d,ID203839,CID-218,0ae07274-192a-42e7-871b-f2ebcf1f3f7d,2025-07-08,2025-08-07,447.84,26.88,474.72,Issued,SampleGen
INV-aa8a3ca0-6f26-4fa5-bb34-b8ab7007508b,ID203840,CID-218,aa8a3ca0-6f26-4fa5-bb34-b8ab7007508b,2025-08-06,2025-09-05,2111.9,126.72,2238.62,Issued,SampleGen
INV-3636a375-3b23-425f-b952-307602173cab,ID203841,CID-218,3636a375-3b23-425f-b952-307602173cab,2025-09-09,2025-10-09,2455.84,147.36,2603.2,Issued,SampleGen
INV-311f513e-a26b-419f-a527-d3d6984db2a0,ID203842,CID-218,311f513e-a26b-419f-a527-d3d6984db2a0,2025-10-05,2025-11-04,591.88,35.52,627.4,Issued,SampleGen
INV-03788cb9-5acc-417c-8ea2-b04c1e6ea5f2,ID203843,CID-218,03788cb9-5acc-417c-8ea2-b04c1e6ea5f2,2025-11-04,2025-12-04,675.78,40.56,716.34,Issued,SampleGen
INV-92e7efc3-b2ee-4bbd-a6de-f07c5ea81d09,ID203844,CID-218,92e7efc3-b2ee-4bbd-a6de-f07c5ea81d09,2025-12-27,2026-01-26,3699.7,222.0,3921.7,Issued,SampleGen
INV-6a195468-8918-41f5-9c97-d151487412f7,ID203845,CID-218,6a195468-8918-41f5-9c97-d151487412f7,2026-01-26,2026-02-25,2151.8,129.12,2280.92,Issued,SampleGen
INV-aaa0117f-929d-4ac0-b8ba-ea161510ab6f,ID203846,CID-218,aaa0117f-929d-4ac0-b8ba-ea161510ab6f,2026-02-27,2026-03-29,2843.9,170.64,3014.54,Issued,SampleGen
INV-74daff8c-9592-4dcf-98c6-2f465a35f909,ID203847,CID-218,74daff8c-9592-4dcf-98c6-2f465a35f909,2026-03-14,2026-04-13,6923.72,415.44,7339.16,Issued,SampleGen
INV-d4c3f38a-5939-4a6b-8e32-9453c4a262ec,ID203848,CID-218,d4c3f38a-5939-4a6b-8e32-9453c4a262ec,2026-03-31,2026-04-30,923.78,55.44,979.22,Issued,SampleGen
INV-e17de8fb-437d-4a5e-8eab-10ebfcab53d2,ID203849,CID-218,e17de8fb-437d-4a5e-8eab-10ebfcab53d2,2026-04-22,2026-05-22,1059.76,63.6,1123.36,Issued,SampleGen
INV-d333678c-f8ba-4eaa-8749-2ca0864270f2,ID203850,CID-219,d333678c-f8ba-4eaa-8749-2ca0864270f2,2025-03-20,2025-04-19,4419.78,265.2,4684.98,Issued,SampleGen
INV-b958d563-1a1c-426c-be69-6a49c89a3770,ID203851,CID-219,b958d563-1a1c-426c-be69-6a49c89a3770,2025-06-21,2025-07-21,1781.76,106.92,1888.68,Issued,SampleGen
INV-209e546a-3a59-4c5c-a735-0ed3cef6db3d,ID203852,CID-219,209e546a-3a59-4c5c-a735-0ed3cef6db3d,2025-08-21,2025-09-20,4647.74,278.88,4926.62,Issued,SampleGen
INV-e564d373-b2ba-4d21-af2c-2cc31239386a,ID203853,CID-219,e564d373-b2ba-4d21-af2c-2cc31239386a,2025-10-28,2025-11-27,453.86,27.24,481.1,Issued,SampleGen
INV-f41e2455-da28-4113-8228-ac01647dd0ce,ID203854,CID-219,f41e2455-da28-4113-8228-ac01647dd0ce,2025-11-18,2025-12-18,1415.88,84.96,1500.84,Issued,SampleGen
INV-3d674a54-a42b-4a16-a882-8ea96a393a09,ID203855,CID-219,3d674a54-a42b-4a16-a882-8ea96a393a09,2025-12-11,2026-01-10,1259.88,75.6,1335.48,Issued,SampleGen
INV-cfd6000b-8e71-444a-aa3b-72ef79fced80,ID203856,CID-219,cfd6000b-8e71-444a-aa3b-72ef79fced80,2026-01-26,2026-02-25,551.88,33.12,585.0,Issued,SampleGen
INV-e7e90313-0cea-482f-9322-adbd90458c1d,ID203857,CID-219,e7e90313-0cea-482f-9322-adbd90458c1d,2026-02-11,2026-03-13,357.9,21.48,379.38,Issued,SampleGen
INV-a0efd29b-a9da-4e47-b32f-dde98e03c259,ID203858,CID-219,a0efd29b-a9da-4e47-b32f-dde98e03c259,2026-03-04,2026-04-03,2889.8,173.4,3063.2,Issued,SampleGen
INV-9484ef4d-46c8-40a7-9c4a-e1e8c5710146,ID203859,CID-219,9484ef4d-46c8-40a7-9c4a-e1e8c5710146,2026-04-11,2026-05-11,6497.76,389.88,6887.64,Issued,SampleGen
INV-3d675859-991d-42f6-bd8c-7a0713a911cb,ID203860,CID-220,3d675859-991d-42f6-bd8c-7a0713a911cb,2025-01-09,2025-02-08,1783.76,107.04,1890.8,Issued,SampleGen
INV-062b650f-f70d-4668-85ae-5ee040931f19,ID203861,CID-220,062b650f-f70d-4668-85ae-5ee040931f19,2025-02-26,2025-03-28,393.9,23.64,417.54,Issued,SampleGen
INV-cb515056-b8b4-452d-b303-f85983e87ea4,ID203862,CID-220,cb515056-b8b4-452d-b303-f85983e87ea4,2025-03-26,2025-04-25,1711.72,102.72,1814.44,Issued,SampleGen
INV-da1804ad-0ef0-4e76-a0a7-4e0c9979d4d1,ID203863,CID-220,da1804ad-0ef0-4e76-a0a7-4e0c9979d4d1,2025-04-23,2025-05-23,2399.8,144.0,2543.8,Issued,SampleGen
INV-9797450a-bba2-4250-a801-86444689ad3d,ID203864,CID-220,9797450a-bba2-4250-a801-86444689ad3d,2025-05-22,2025-06-21,589.84,35.4,625.24,Issued,SampleGen
INV-a90ad216-04fe-4b6f-9d71-6feb25114e47,ID203865,CID-220,a90ad216-04fe-4b6f-9d71-6feb25114e47,2025-05-31,2025-06-30,3927.78,235.68,4163.46,Issued,SampleGen
INV-7222cee7-0916-41a2-a067-f0c21097cd9a,ID203866,CID-220,7222cee7-0916-41a2-a067-f0c21097cd9a,2025-06-19,2025-07-19,781.86,46.92,828.78,Issued,SampleGen
INV-2b2d4475-59cb-4f99-ae60-f79a8e84ac69,ID203867,CID-220,2b2d4475-59cb-4f99-ae60-f79a8e84ac69,2025-07-27,2025-08-26,2463.92,147.84,2611.76,Issued,SampleGen
INV-2afc4e82-3668-4955-9c2c-cfe49f1a16bd,ID203868,CID-220,2afc4e82-3668-4955-9c2c-cfe49f1a16bd,2025-07-10,2025-08-09,2087.82,125.28,2213.1,Issued,SampleGen
INV-a1d32da6-55a0-4d9c-9315-e6a5fb9e9678,ID203869,CID-220,a1d32da6-55a0-4d9c-9315-e6a5fb9e9678,2025-08-23,2025-09-22,1645.84,98.76,1744.6,Issued,SampleGen
INV-61c0ec12-51a6-4655-a913-fedeb7bc6ffa,ID203870,CID-220,61c0ec12-51a6-4655-a913-fedeb7bc6ffa,2025-08-21,2025-09-20,911.84,54.72,966.56,Issued,SampleGen
INV-2e081f55-6d95-476d-a499-7f12287c4e42,ID203871,CID-220,2e081f55-6d95-476d-a499-7f12287c4e42,2025-09-18,2025-10-18,1323.9,79.44,1403.34,Issued,SampleGen
INV-bdcf9211-671f-4c05-9f41-4a359f50ff86,ID203872,CID-220,bdcf9211-671f-4c05-9f41-4a359f50ff86,2025-09-16,2025-10-16,4727.8,283.68,5011.48,Issued,SampleGen
INV-980baa0f-5caf-41d8-aa36-a9cc8f752dd4,ID203873,CID-220,980baa0f-5caf-41d8-aa36-a9cc8f752dd4,2025-10-13,2025-11-12,131.92,7.92,139.84,Issued,SampleGen
INV-3390d0b6-b401-4a9f-b10e-7cf84a6e3740,ID203874,CID-220,3390d0b6-b401-4a9f-b10e-7cf84a6e3740,2025-10-07,2025-11-06,787.8,47.28,835.08,Issued,SampleGen
INV-733b16e3-e18a-41af-954a-78c2b2cae358,ID203875,CID-220,733b16e3-e18a-41af-954a-78c2b2cae358,2025-10-19,2025-11-18,869.86,52.2,922.06,Issued,SampleGen
INV-2014e1c1-f18f-470d-90ca-3ddf50b45be0,ID203876,CID-220,2014e1c1-f18f-470d-90ca-3ddf50b45be0,2025-11-27,2025-12-27,533.9,32.04,565.94,Issued,SampleGen
INV-388bacf8-9188-4fc5-8cc9-7cdeb68bdbca,ID203877,CID-220,388bacf8-9188-4fc5-8cc9-7cdeb68bdbca,2025-11-23,2025-12-23,8735.68,524.16,9259.84,Issued,SampleGen
INV-f22a81a4-3313-4f35-8656-fdcc02e36b2a,ID203878,CID-220,f22a81a4-3313-4f35-8656-fdcc02e36b2a,2025-11-13,2025-12-13,647.84,38.88,686.72,Issued,SampleGen
INV-cd21f3bc-08a9-4327-bf08-f12d3e2646d3,ID203879,CID-220,cd21f3bc-08a9-4327-bf08-f12d3e2646d3,2025-12-12,2026-01-11,1877.9,112.68,1990.58,Issued,SampleGen
INV-1f5c371a-0c62-4f15-af50-34f6c3b41706,ID203880,CID-220,1f5c371a-0c62-4f15-af50-34f6c3b41706,2025-12-04,2026-01-03,4351.8,261.12,4612.92,Issued,SampleGen
INV-205e91fc-ef0a-4688-974a-9da44d3202e7,ID203881,CID-220,205e91fc-ef0a-4688-974a-9da44d3202e7,2026-01-30,2026-03-01,4531.86,271.92,4803.78,Issued,SampleGen
INV-606d86f3-4a4e-48d0-a46e-e508a271eb2d,ID203882,CID-220,606d86f3-4a4e-48d0-a46e-e508a271eb2d,2026-01-20,2026-02-19,2123.78,127.44,2251.22,Issued,SampleGen
INV-c2015d80-054f-4f1b-8564-86c4af6887b8,ID203883,CID-220,c2015d80-054f-4f1b-8564-86c4af6887b8,2026-01-08,2026-02-07,603.82,36.24,640.06,Issued,SampleGen
INV-c44abe6b-6444-404d-88da-58d27f81e6c8,ID203884,CID-220,c44abe6b-6444-404d-88da-58d27f81e6c8,2026-02-15,2026-03-17,873.82,52.44,926.26,Issued,SampleGen
INV-0404dc0d-c23a-4822-8b33-65f992482592,ID203885,CID-220,0404dc0d-c23a-4822-8b33-65f992482592,2026-02-03,2026-03-05,4615.82,276.96,4892.78,Issued,SampleGen
INV-2e64675c-c71a-494c-8300-b2318bd4eaaf,ID203886,CID-220,2e64675c-c71a-494c-8300-b2318bd4eaaf,2026-02-15,2026-03-17,2143.84,128.64,2272.48,Issued,SampleGen
INV-8989075c-db9b-415e-94a1-7ac0810bb213,ID203887,CID-220,8989075c-db9b-415e-94a1-7ac0810bb213,2026-03-09,2026-04-08,995.86,59.76,1055.62,Issued,SampleGen
INV-11bbe668-7318-4849-937a-1449d1f54858,ID203888,CID-220,11bbe668-7318-4849-937a-1449d1f54858,2026-03-02,2026-04-01,3893.78,233.64,4127.42,Issued,SampleGen
INV-5ecd69b4-e828-4f9e-a9ec-3051f1db468e,ID203889,CID-220,5ecd69b4-e828-4f9e-a9ec-3051f1db468e,2026-03-08,2026-04-07,983.82,59.04,1042.86,Issued,SampleGen
INV-34507ee2-7c97-420e-9ff7-896d2efca646,ID203890,CID-220,34507ee2-7c97-420e-9ff7-896d2efca646,2026-04-27,2026-05-27,1259.88,75.6,1335.48,Issued,SampleGen
INV-8d9d5373-72a1-457f-9046-59be9292cead,ID203891,CID-220,8d9d5373-72a1-457f-9046-59be9292cead,2026-04-02,2026-05-02,2111.9,126.72,2238.62,Issued,SampleGen
INV-415e0150-c1f3-4b0a-985d-912e5288d9dc,ID203892,CID-220,415e0150-c1f3-4b0a-985d-912e5288d9dc,2026-04-20,2026-05-20,2063.92,123.84,2187.76,Issued,SampleGen
INV-7244c10b-7056-4906-bcbd-a86fc13c0eb8,ID203893,CID-221,7244c10b-7056-4906-bcbd-a86fc13c0eb8,2025-02-01,2025-03-03,2283.76,137.04,2420.8,Issued,SampleGen
INV-c944ef40-efbe-4c07-a00a-943fad4c32f1,ID203894,CID-221,c944ef40-efbe-4c07-a00a-943fad4c32f1,2025-02-19,2025-03-21,2063.92,123.84,2187.76,Issued,SampleGen
INV-16f584b6-3421-4ac9-b443-c410da9e27ef,ID203895,CID-221,16f584b6-3421-4ac9-b443-c410da9e27ef,2025-04-22,2025-05-22,1119.92,67.2,1187.12,Issued,SampleGen
INV-1f5113e4-df44-4cb5-9386-21f6cc07a657,ID203896,CID-221,1f5113e4-df44-4cb5-9386-21f6cc07a657,2025-05-07,2025-06-06,2239.84,134.4,2374.24,Issued,SampleGen
INV-08bcbc08-1e52-423f-9714-7784b220b914,ID203897,CID-221,08bcbc08-1e52-423f-9714-7784b220b914,2025-07-01,2025-07-31,1283.72,77.04,1360.76,Issued,SampleGen
INV-b10f4968-734d-413a-b6d0-993a03dfc169,ID203898,CID-221,b10f4968-734d-413a-b6d0-993a03dfc169,2025-07-29,2025-08-28,467.88,28.08,495.96,Issued,SampleGen
INV-4650871d-9c5f-4953-9b24-4ec0002a9b1f,ID203899,CID-221,4650871d-9c5f-4953-9b24-4ec0002a9b1f,2025-08-03,2025-09-02,2971.7,178.32,3150.02,Issued,SampleGen
INV-43d388b1-3425-404d-9601-926799a98a1a,ID203900,CID-221,43d388b1-3425-404d-9601-926799a98a1a,2025-09-14,2025-10-14,2959.68,177.6,3137.28,Issued,SampleGen
INV-d81de2c8-96cd-4be8-b28a-01a6528bf798,ID203901,CID-221,d81de2c8-96cd-4be8-b28a-01a6528bf798,2025-10-16,2025-11-15,1143.76,68.64,1212.4,Issued,SampleGen
INV-3f1a1e9e-a72b-4087-b078-ab7b2b5cf68c,ID203902,CID-221,3f1a1e9e-a72b-4087-b078-ab7b2b5cf68c,2025-11-05,2025-12-05,1349.78,81.0,1430.78,Issued,SampleGen
INV-651b4449-30cd-486a-a4c4-8b5030652bf2,ID203903,CID-221,651b4449-30cd-486a-a4c4-8b5030652bf2,2025-12-29,2026-01-28,7483.78,449.04,7932.82,Issued,SampleGen
INV-acc69962-a9a7-42a5-9b70-1835579addc2,ID203904,CID-221,acc69962-a9a7-42a5-9b70-1835579addc2,2026-01-30,2026-03-01,5485.74,329.16,5814.9,Issued,SampleGen
INV-4d2730f0-7880-4e9a-9151-03c116fa1b38,ID203905,CID-221,4d2730f0-7880-4e9a-9151-03c116fa1b38,2026-01-09,2026-02-08,1563.74,93.84,1657.58,Issued,SampleGen
INV-f8c2e118-6421-4fb1-a9b1-8e9562b37e39,ID203906,CID-221,f8c2e118-6421-4fb1-a9b1-8e9562b37e39,2026-02-17,2026-03-19,4123.78,247.44,4371.22,Issued,SampleGen
INV-fe687bd5-6bc4-4ae7-af87-d362f586acb7,ID203907,CID-221,fe687bd5-6bc4-4ae7-af87-d362f586acb7,2026-03-01,2026-03-31,2175.7,130.56,2306.26,Issued,SampleGen
INV-53f49958-5d4a-4626-8ad0-1002dfc6ef28,ID203908,CID-221,53f49958-5d4a-4626-8ad0-1002dfc6ef28,2026-03-07,2026-04-06,585.86,35.16,621.02,Issued,SampleGen
INV-fb22590f-26de-43c3-96cd-1142e44d1c56,ID203909,CID-221,fb22590f-26de-43c3-96cd-1142e44d1c56,2026-03-24,2026-04-23,3999.8,240.0,4239.8,Issued,SampleGen
INV-cd6a0716-ae89-4001-9363-ccd27f02954a,ID203910,CID-221,cd6a0716-ae89-4001-9363-ccd27f02954a,2026-04-30,2026-05-30,3723.76,223.44,3947.2,Issued,SampleGen
INV-d95f979c-0cd7-4728-9adf-abdef6a0b748,ID203911,CID-221,d95f979c-0cd7-4728-9adf-abdef6a0b748,2026-04-24,2026-05-24,1559.9,93.6,1653.5,Issued,SampleGen
INV-3847cb0e-5fd1-41b3-996f-afc716bc6d8d,ID203912,CID-222,3847cb0e-5fd1-41b3-996f-afc716bc6d8d,2025-07-13,2025-08-12,815.88,48.96,864.84,Issued,SampleGen
INV-e9e5520b-ab1b-4bb8-9c0e-1db73054666d,ID203913,CID-222,e9e5520b-ab1b-4bb8-9c0e-1db73054666d,2025-08-20,2025-09-19,3243.74,194.64,3438.38,Issued,SampleGen
INV-72a9e9a4-2eac-45c7-aea5-886466596490,ID203914,CID-222,72a9e9a4-2eac-45c7-aea5-886466596490,2025-10-06,2025-11-05,4403.72,264.24,4667.96,Issued,SampleGen
INV-15c92061-752c-44a3-a125-ee0a5fd7b50e,ID203915,CID-222,15c92061-752c-44a3-a125-ee0a5fd7b50e,2025-11-08,2025-12-08,5963.86,357.84,6321.7,Issued,SampleGen
INV-3b86afd9-3362-42e6-b913-f69ab7d2e17a,ID203916,CID-222,3b86afd9-3362-42e6-b913-f69ab7d2e17a,2025-12-25,2026-01-24,1321.72,79.32,1401.04,Issued,SampleGen
INV-44bbec17-c98a-4240-b1e4-e3e8cf005939,ID203917,CID-222,44bbec17-c98a-4240-b1e4-e3e8cf005939,2026-02-02,2026-03-04,2623.76,157.44,2781.2,Issued,SampleGen
INV-30d5f06c-cb54-4a9b-b6c7-6f7e27794327,ID203918,CID-222,30d5f06c-cb54-4a9b-b6c7-6f7e27794327,2026-03-30,2026-04-29,2519.82,151.2,2671.02,Issued,SampleGen
INV-c3dfe884-fce1-4f7e-8010-d80104a1c73f,ID203919,CID-222,c3dfe884-fce1-4f7e-8010-d80104a1c73f,2026-05-01,2026-05-31,869.86,52.2,922.06,Issued,SampleGen
INV-e1f855fb-eee1-416f-a487-85c90cfeaa15,ID203920,CID-223,e1f855fb-eee1-416f-a487-85c90cfeaa15,2025-01-14,2025-02-13,3547.88,212.88,3760.76,Issued,SampleGen
INV-b4defa97-149c-4b98-a0a5-afd016fc816c,ID203921,CID-223,b4defa97-149c-4b98-a0a5-afd016fc816c,2025-02-03,2025-03-05,2111.9,126.72,2238.62,Issued,SampleGen
INV-862ced70-8a4b-434c-b3af-10f1888ee732,ID203922,CID-223,862ced70-8a4b-434c-b3af-10f1888ee732,2025-03-22,2025-04-21,2259.72,135.6,2395.32,Issued,SampleGen
INV-bfe0378a-5fac-4b36-ac17-5261170d0907,ID203923,CID-223,bfe0378a-5fac-4b36-ac17-5261170d0907,2025-03-28,2025-04-27,4225.8,253.56,4479.36,Issued,SampleGen
INV-e3f4752f-7312-4764-b8cf-7a42a2f81de1,ID203924,CID-223,e3f4752f-7312-4764-b8cf-7a42a2f81de1,2025-04-02,2025-05-02,565.86,33.96,599.82,Issued,SampleGen
INV-a5a3525e-cb52-41ee-b569-b9ee33902264,ID203925,CID-223,a5a3525e-cb52-41ee-b569-b9ee33902264,2025-04-27,2025-05-27,771.86,46.32,818.18,Issued,SampleGen
INV-1b120d42-a916-49e5-9c6a-57f25452d265,ID203926,CID-223,1b120d42-a916-49e5-9c6a-57f25452d265,2025-05-16,2025-06-15,3683.86,221.04,3904.9,Issued,SampleGen
INV-81eb17a1-b201-4d66-9bd1-d54ef3c33619,ID203927,CID-223,81eb17a1-b201-4d66-9bd1-d54ef3c33619,2025-05-29,2025-06-28,1701.78,102.12,1803.9,Issued,SampleGen
INV-fe1b6e97-cc98-4323-b8fe-752f1b83dad9,ID203928,CID-223,fe1b6e97-cc98-4323-b8fe-752f1b83dad9,2025-06-08,2025-07-08,2083.84,125.04,2208.88,Issued,SampleGen
INV-c9dc928c-c421-4558-9672-62fe927df7df,ID203929,CID-223,c9dc928c-c421-4558-9672-62fe927df7df,2025-06-23,2025-07-23,2039.86,122.4,2162.26,Issued,SampleGen
INV-1b3c2449-2ab4-4e0d-8106-d56ba9e8106e,ID203930,CID-223,1b3c2449-2ab4-4e0d-8106-d56ba9e8106e,2025-07-07,2025-08-06,1395.8,83.76,1479.56,Issued,SampleGen
INV-5261cb04-3b12-4d1f-882f-95ec3d26b26b,ID203931,CID-223,5261cb04-3b12-4d1f-882f-95ec3d26b26b,2025-07-07,2025-08-06,825.78,49.56,875.34,Issued,SampleGen
INV-7003f263-6dc2-4806-a7ff-5de585f47cb0,ID203932,CID-223,7003f263-6dc2-4806-a7ff-5de585f47cb0,2025-07-25,2025-08-24,567.84,34.08,601.92,Issued,SampleGen
INV-f2c8c478-755a-4d7b-9351-75745381a029,ID203933,CID-223,f2c8c478-755a-4d7b-9351-75745381a029,2025-08-22,2025-09-21,1407.78,84.48,1492.26,Issued,SampleGen
INV-cf9c38ee-fd39-4b48-942d-c696378a1944,ID203934,CID-223,cf9c38ee-fd39-4b48-942d-c696378a1944,2025-08-02,2025-09-01,2115.78,126.96,2242.74,Issued,SampleGen
INV-ab17b060-57ed-4f9e-9e3b-8a60592d3b70,ID203935,CID-223,ab17b060-57ed-4f9e-9e3b-8a60592d3b70,2025-08-02,2025-09-01,1427.74,85.68,1513.42,Issued,SampleGen
INV-70842154-b9d9-4288-948b-e7b47859b5a3,ID203936,CID-223,70842154-b9d9-4288-948b-e7b47859b5a3,2025-09-18,2025-10-18,239.92,14.4,254.32,Issued,SampleGen
INV-8a67649f-4c33-492b-87f3-bf23ca4859b3,ID203937,CID-223,8a67649f-4c33-492b-87f3-bf23ca4859b3,2025-09-16,2025-10-16,3223.88,193.44,3417.32,Issued,SampleGen
INV-f45a92c6-8b22-4fe0-888f-e30039f00d5c,ID203938,CID-223,f45a92c6-8b22-4fe0-888f-e30039f00d5c,2025-09-25,2025-10-25,2071.8,124.32,2196.12,Issued,SampleGen
INV-c42e360c-50f7-4165-94f0-97d778aa61ce,ID203939,CID-223,c42e360c-50f7-4165-94f0-97d778aa61ce,2025-10-08,2025-11-07,5091.78,305.52,5397.3,Issued,SampleGen
INV-d56b9282-083c-4bec-b08f-23445d328a38,ID203940,CID-223,d56b9282-083c-4bec-b08f-23445d328a38,2025-10-10,2025-11-09,2729.88,163.8,2893.68,Issued,SampleGen
INV-1be3446c-eb9e-4d44-a3f3-23e8496adba8,ID203941,CID-223,1be3446c-eb9e-4d44-a3f3-23e8496adba8,2025-10-09,2025-11-08,2063.84,123.84,2187.68,Issued,SampleGen
INV-666a9d11-5d4c-480c-af59-ad5686d719a7,ID203942,CID-223,666a9d11-5d4c-480c-af59-ad5686d719a7,2025-11-08,2025-12-08,1163.76,69.84,1233.6,Issued,SampleGen
INV-a108a8ad-7788-49d4-aa9a-af31793c660a,ID203943,CID-223,a108a8ad-7788-49d4-aa9a-af31793c660a,2025-11-03,2025-12-03,1431.76,85.92,1517.68,Issued,SampleGen
INV-de95b846-8453-4f5e-9a02-e1dda071e220,ID203944,CID-223,de95b846-8453-4f5e-9a02-e1dda071e220,2025-11-24,2025-12-24,4259.9,255.6,4515.5,Issued,SampleGen
INV-a09a7b28-d78c-44c6-8a8a-c40481cf5ced,ID203945,CID-223,a09a7b28-d78c-44c6-8a8a-c40481cf5ced,2025-12-28,2026-01-27,6815.84,408.96,7224.8,Issued,SampleGen
INV-9f57f27c-9f3f-4f2f-891e-0a9d2b3a7b7b,ID203946,CID-223,9f57f27c-9f3f-4f2f-891e-0a9d2b3a7b7b,2025-12-22,2026-01-21,2371.8,142.32,2514.12,Issued,SampleGen
INV-7a8b6fe6-8fea-4fe7-b3e9-2a2699537d8f,ID203947,CID-223,7a8b6fe6-8fea-4fe7-b3e9-2a2699537d8f,2025-12-03,2026-01-02,1807.8,108.48,1916.28,Issued,SampleGen
INV-f55c24c6-49f3-46a0-b3de-b6d2f040b9f0,ID203948,CID-223,f55c24c6-49f3-46a0-b3de-b6d2f040b9f0,2025-12-04,2026-01-03,813.82,48.84,862.66,Issued,SampleGen
INV-c3d4299b-750c-408b-a89c-6872b05542fe,ID203949,CID-223,c3d4299b-750c-408b-a89c-6872b05542fe,2026-01-02,2026-02-01,1003.82,60.24,1064.06,Issued,SampleGen
INV-a8214a0c-14a3-48dd-8c98-0658d027d0b5,ID203950,CID-223,a8214a0c-14a3-48dd-8c98-0658d027d0b5,2026-01-08,2026-02-07,4315.8,258.96,4574.76,Issued,SampleGen
INV-70fd4d16-5c24-465f-8072-e8befbc5cd0c,ID203951,CID-223,70fd4d16-5c24-465f-8072-e8befbc5cd0c,2026-01-21,2026-02-20,3387.74,203.28,3591.02,Issued,SampleGen
INV-3f5c6f44-a34e-401d-accb-54cfa0ae789c,ID203952,CID-223,3f5c6f44-a34e-401d-accb-54cfa0ae789c,2026-01-16,2026-02-15,963.82,57.84,1021.66,Issued,SampleGen
INV-0b63bedc-e162-4590-b54b-5827a9d99510,ID203953,CID-223,0b63bedc-e162-4590-b54b-5827a9d99510,2026-02-23,2026-03-25,355.9,21.36,377.26,Issued,SampleGen
INV-2a80f399-456d-40d1-a801-3da7c645bbb6,ID203954,CID-223,2a80f399-456d-40d1-a801-3da7c645bbb6,2026-02-27,2026-03-29,1843.82,110.64,1954.46,Issued,SampleGen
INV-d4499a35-8548-4423-8fda-5e332c7f1f59,ID203955,CID-223,d4499a35-8548-4423-8fda-5e332c7f1f59,2026-02-08,2026-03-10,2037.78,122.28,2160.06,Issued,SampleGen
INV-8fedd301-aadd-46d0-af75-9da1257245ac,ID203956,CID-223,8fedd301-aadd-46d0-af75-9da1257245ac,2026-02-25,2026-03-27,1259.86,75.6,1335.46,Issued,SampleGen
INV-824de818-25f3-4e0f-9149-d75222b7c064,ID203957,CID-223,824de818-25f3-4e0f-9149-d75222b7c064,2026-03-25,2026-04-24,1039.82,62.4,1102.22,Issued,SampleGen
INV-f39d1b30-d689-4180-a3b8-b267f3d83c89,ID203958,CID-223,f39d1b30-d689-4180-a3b8-b267f3d83c89,2026-03-26,2026-04-25,4599.76,276.0,4875.76,Issued,SampleGen
INV-b5c0eda4-514b-44cb-82a1-0b5e235f2018,ID203959,CID-223,b5c0eda4-514b-44cb-82a1-0b5e235f2018,2026-03-28,2026-04-27,1479.86,88.8,1568.66,Issued,SampleGen
INV-c8c73045-c6cf-4a3d-85ac-a2cb475c1c4b,ID203960,CID-223,c8c73045-c6cf-4a3d-85ac-a2cb475c1c4b,2026-03-27,2026-04-26,1133.78,68.04,1201.82,Issued,SampleGen
INV-3196d26b-979d-45ae-b869-db68ce2f8bba,ID203961,CID-223,3196d26b-979d-45ae-b869-db68ce2f8bba,2026-04-19,2026-05-19,869.78,52.2,921.98,Issued,SampleGen
INV-a19ae604-a7df-4b70-b36a-84592a84bbcc,ID203962,CID-223,a19ae604-a7df-4b70-b36a-84592a84bbcc,2026-04-30,2026-05-30,2413.78,144.84,2558.62,Issued,SampleGen
INV-70830869-aab9-44f2-a216-6524cdeed2e8,ID203963,CID-223,70830869-aab9-44f2-a216-6524cdeed2e8,2026-04-20,2026-05-20,419.88,25.2,445.08,Issued,SampleGen
INV-039a21eb-414f-4f92-9296-fc0bd6df8f5f,ID203964,CID-223,039a21eb-414f-4f92-9296-fc0bd6df8f5f,2026-04-02,2026-05-02,679.8,40.8,720.6,Issued,SampleGen
INV-297ac23f-78b7-44bc-b7bd-56b2cdf053bc,ID203965,CID-223,297ac23f-78b7-44bc-b7bd-56b2cdf053bc,2026-04-30,2026-05-30,639.88,38.4,678.28,Issued,SampleGen
INV-8c141684-3f13-48c2-bcf7-6cd66b76b4d5,ID203966,CID-224,8c141684-3f13-48c2-bcf7-6cd66b76b4d5,2025-03-25,2025-04-24,1487.78,89.28,1577.06,Issued,SampleGen
INV-f32d26cf-6ef9-41cc-a592-403010625c59,ID203967,CID-224,f32d26cf-6ef9-41cc-a592-403010625c59,2025-04-17,2025-05-17,2321.84,139.32,2461.16,Issued,SampleGen
INV-35b34b07-1da9-464a-897e-26b647b62098,ID203968,CID-224,35b34b07-1da9-464a-897e-26b647b62098,2025-05-18,2025-06-17,541.86,32.52,574.38,Issued,SampleGen
INV-6c706996-b52e-47f0-9ae9-bac333c9f387,ID203969,CID-224,6c706996-b52e-47f0-9ae9-bac333c9f387,2025-07-10,2025-08-09,1133.76,68.04,1201.8,Issued,SampleGen
INV-3a483983-20ca-4092-bb15-f61a44f1112e,ID203970,CID-224,3a483983-20ca-4092-bb15-f61a44f1112e,2025-08-18,2025-09-17,447.88,26.88,474.76,Issued,SampleGen
INV-77f44d40-4bb4-4b29-adb7-562d1973433d,ID203971,CID-224,77f44d40-4bb4-4b29-adb7-562d1973433d,2025-10-01,2025-10-31,951.84,57.12,1008.96,Issued,SampleGen
INV-1a8043b2-5219-43af-835d-0361eedaf3fa,ID203972,CID-224,1a8043b2-5219-43af-835d-0361eedaf3fa,2025-10-10,2025-11-09,3639.84,218.4,3858.24,Issued,SampleGen
INV-806eba4f-9c0b-460a-bab6-70dae0477c24,ID203973,CID-224,806eba4f-9c0b-460a-bab6-70dae0477c24,2025-11-09,2025-12-09,1679.88,100.8,1780.68,Issued,SampleGen
INV-f7f96900-0889-4fa8-b906-ec77c4675269,ID203974,CID-224,f7f96900-0889-4fa8-b906-ec77c4675269,2025-12-28,2026-01-27,3591.88,215.52,3807.4,Issued,SampleGen
INV-cf98f815-97e0-4977-a6de-669161b247e6,ID203975,CID-224,cf98f815-97e0-4977-a6de-669161b247e6,2026-01-03,2026-02-02,473.88,28.44,502.32,Issued,SampleGen
INV-dcce4c99-d556-4e51-9bdb-65fb868b0067,ID203976,CID-224,dcce4c99-d556-4e51-9bdb-65fb868b0067,2026-02-21,2026-03-23,1063.86,63.84,1127.7,Issued,SampleGen
INV-bce1e590-cdb5-4b22-b57a-0717ead06349,ID203977,CID-224,bce1e590-cdb5-4b22-b57a-0717ead06349,2026-03-08,2026-04-07,693.78,41.64,735.42,Issued,SampleGen
INV-284f5db2-b329-4c94-a010-df00638e147b,ID203978,CID-224,284f5db2-b329-4c94-a010-df00638e147b,2026-04-06,2026-05-06,1819.92,109.2,1929.12,Issued,SampleGen
INV-dc50db0a-d933-4ac1-ae81-3545ef465917,ID203979,CID-225,dc50db0a-d933-4ac1-ae81-3545ef465917,2025-02-16,2025-03-18,4179.78,250.8,4430.58,Issued,SampleGen
INV-72f5fc28-36d9-482a-aaba-d39ddd20eec7,ID203980,CID-225,72f5fc28-36d9-482a-aaba-d39ddd20eec7,2025-04-13,2025-05-13,3107.78,186.48,3294.26,Issued,SampleGen
INV-1f2bb9c1-6187-4972-a1c9-b8f60114b2ea,ID203981,CID-225,1f2bb9c1-6187-4972-a1c9-b8f60114b2ea,2025-06-16,2025-07-16,1269.86,76.2,1346.06,Issued,SampleGen
INV-64f063b3-6c5c-463d-a486-dea1e2f663b8,ID203982,CID-225,64f063b3-6c5c-463d-a486-dea1e2f663b8,2025-07-10,2025-08-09,447.84,26.88,474.72,Issued,SampleGen
INV-24f109a8-e57c-43cd-9b07-10de721e24cb,ID203983,CID-225,24f109a8-e57c-43cd-9b07-10de721e24cb,2025-09-16,2025-10-16,1835.92,110.16,1946.08,Issued,SampleGen
INV-832b56f3-aca4-448b-a341-1b3aa1c222d5,ID203984,CID-225,832b56f3-aca4-448b-a341-1b3aa1c222d5,2025-10-27,2025-11-26,1703.88,102.24,1806.12,Issued,SampleGen
INV-885b3424-e9bb-4790-b333-c24af3430f4b,ID203985,CID-225,885b3424-e9bb-4790-b333-c24af3430f4b,2025-11-25,2025-12-25,1195.86,71.76,1267.62,Issued,SampleGen
INV-911cc431-3126-402c-bc4a-8d9a29b5baa5,ID203986,CID-225,911cc431-3126-402c-bc4a-8d9a29b5baa5,2025-12-12,2026-01-11,1701.74,102.12,1803.86,Issued,SampleGen
INV-fe68a47d-ad55-4814-bcc0-4cb49e90aaba,ID203987,CID-225,fe68a47d-ad55-4814-bcc0-4cb49e90aaba,2026-01-27,2026-02-26,2819.86,169.2,2989.06,Issued,SampleGen
INV-28ba254c-8a55-4c90-bb29-7715d8eeb95e,ID203988,CID-225,28ba254c-8a55-4c90-bb29-7715d8eeb95e,2026-02-17,2026-03-19,2695.84,161.76,2857.6,Issued,SampleGen
INV-50134cfb-6ad3-415e-9fb5-377a6d523f23,ID203989,CID-225,50134cfb-6ad3-415e-9fb5-377a6d523f23,2026-03-28,2026-04-27,803.86,48.24,852.1,Issued,SampleGen
INV-2eabefa0-78dd-4b1f-be00-a0ee3fd5a281,ID203990,CID-225,2eabefa0-78dd-4b1f-be00-a0ee3fd5a281,2026-04-11,2026-05-11,275.92,16.56,292.48,Issued,SampleGen
INV-89fdf5c9-c235-4d60-b2cd-ecefaf3ec386,ID203991,CID-226,89fdf5c9-c235-4d60-b2cd-ecefaf3ec386,2025-01-22,2025-02-21,4055.84,243.36,4299.2,Issued,SampleGen
INV-7a962ed6-ddd2-4e1b-b854-a8fe56917c1b,ID203992,CID-226,7a962ed6-ddd2-4e1b-b854-a8fe56917c1b,2025-02-24,2025-03-26,5321.82,319.32,5641.14,Issued,SampleGen
INV-d5c9d6dc-1000-4dac-9fa4-5c414c7c8413,ID203993,CID-226,d5c9d6dc-1000-4dac-9fa4-5c414c7c8413,2025-03-18,2025-04-17,1127.88,67.68,1195.56,Issued,SampleGen
INV-95d10405-4f87-480d-8b55-e48c085fd89d,ID203994,CID-226,95d10405-4f87-480d-8b55-e48c085fd89d,2025-05-21,2025-06-20,761.82,45.72,807.54,Issued,SampleGen
INV-767afec0-d8d0-4663-9e9e-f28dbf1221b1,ID203995,CID-226,767afec0-d8d0-4663-9e9e-f28dbf1221b1,2025-06-23,2025-07-23,1743.86,104.64,1848.5,Issued,SampleGen
INV-e46fe807-5c01-44c3-9f72-1ce72ec2573b,ID203996,CID-226,e46fe807-5c01-44c3-9f72-1ce72ec2573b,2025-07-21,2025-08-20,4079.74,244.8,4324.54,Issued,SampleGen
INV-68703cdb-ee1f-42f6-b240-bebd7d0845d8,ID203997,CID-226,68703cdb-ee1f-42f6-b240-bebd7d0845d8,2025-08-26,2025-09-25,1795.86,107.76,1903.62,Issued,SampleGen
INV-71492131-d47e-41a9-8044-dbdb0b3b97e4,ID203998,CID-226,71492131-d47e-41a9-8044-dbdb0b3b97e4,2025-09-05,2025-10-05,671.84,40.32,712.16,Issued,SampleGen
INV-b44db50b-93b0-4d6c-89d1-12e2f4dc214f,ID203999,CID-226,b44db50b-93b0-4d6c-89d1-12e2f4dc214f,2025-10-15,2025-11-14,691.82,41.52,733.34,Issued,SampleGen
INV-61b65a26-a2ba-49bc-9a25-33fe707cab81,ID204000,CID-226,61b65a26-a2ba-49bc-9a25-33fe707cab81,2025-11-24,2025-12-24,991.88,59.52,1051.4,Issued,SampleGen
INV-6ccf55e5-2b98-42a6-a2b2-b96e34c6a816,ID204001,CID-226,6ccf55e5-2b98-42a6-a2b2-b96e34c6a816,2025-12-14,2026-01-13,3019.82,181.2,3201.02,Issued,SampleGen
INV-376373a1-38a7-4968-8370-3475d878ee12,ID204002,CID-226,376373a1-38a7-4968-8370-3475d878ee12,2026-01-19,2026-02-18,2259.8,135.6,2395.4,Issued,SampleGen
INV-2743f262-079d-4862-aa5c-e632a0bcf728,ID204003,CID-226,2743f262-079d-4862-aa5c-e632a0bcf728,2026-02-24,2026-03-26,1103.74,66.24,1169.98,Issued,SampleGen
INV-fbb399d0-13af-48b6-b1c2-1c56c1c534f7,ID204004,CID-226,fbb399d0-13af-48b6-b1c2-1c56c1c534f7,2026-03-20,2026-04-19,5431.76,325.92,5757.68,Issued,SampleGen
INV-0ea4639a-6934-4c30-a653-dd131793a291,ID204005,CID-226,0ea4639a-6934-4c30-a653-dd131793a291,2026-04-26,2026-05-26,2563.72,153.84,2717.56,Issued,SampleGen
INV-8a2d4640-f6d8-4313-bfd5-f926df9b5d67,ID204006,CID-227,8a2d4640-f6d8-4313-bfd5-f926df9b5d67,2025-04-19,2025-05-19,1287.82,77.28,1365.1,Issued,SampleGen
INV-7820d569-211e-4a5c-8da5-be430af75807,ID204007,CID-227,7820d569-211e-4a5c-8da5-be430af75807,2025-05-11,2025-06-10,3927.84,235.68,4163.52,Issued,SampleGen
INV-6d2ac9d7-974b-4099-b43a-1260b9f724b6,ID204008,CID-227,6d2ac9d7-974b-4099-b43a-1260b9f724b6,2025-08-20,2025-09-19,4263.76,255.84,4519.6,Issued,SampleGen
INV-e9ecf44b-3b02-46b5-995f-3ec07bc0be03,ID204009,CID-227,e9ecf44b-3b02-46b5-995f-3ec07bc0be03,2025-09-29,2025-10-29,735.84,44.16,780.0,Issued,SampleGen
INV-accbc4eb-34f6-4fe9-9d09-e77e2a53ecdf,ID204010,CID-227,accbc4eb-34f6-4fe9-9d09-e77e2a53ecdf,2025-11-21,2025-12-21,4183.78,251.04,4434.82,Issued,SampleGen
INV-86424da1-737c-49a5-a26d-db9fab7483ad,ID204011,CID-227,86424da1-737c-49a5-a26d-db9fab7483ad,2025-12-19,2026-01-18,5007.8,300.48,5308.28,Issued,SampleGen
INV-56664974-b398-4bcd-aecc-f668ac213e4b,ID204012,CID-227,56664974-b398-4bcd-aecc-f668ac213e4b,2026-01-06,2026-02-05,2575.76,154.56,2730.32,Issued,SampleGen
INV-3b2328c8-753b-414e-8451-80230e395557,ID204013,CID-227,3b2328c8-753b-414e-8451-80230e395557,2026-04-20,2026-05-20,1303.88,78.24,1382.12,Issued,SampleGen
INV-911eebc6-ec05-47f8-a6b3-ebb35f7b87b5,ID204014,CID-228,911eebc6-ec05-47f8-a6b3-ebb35f7b87b5,2025-01-20,2025-02-19,1831.86,109.92,1941.78,Issued,SampleGen
INV-f394d821-2f60-4447-8faf-36c8311eddb4,ID204015,CID-228,f394d821-2f60-4447-8faf-36c8311eddb4,2025-02-26,2025-03-28,5333.7,320.04,5653.74,Issued,SampleGen
INV-ac644ded-e19b-4419-a6d7-8cb16aade5e5,ID204016,CID-228,ac644ded-e19b-4419-a6d7-8cb16aade5e5,2025-03-13,2025-04-12,763.8,45.84,809.64,Issued,SampleGen
INV-c867d90b-ac75-4554-be9b-934d590a70b2,ID204017,CID-228,c867d90b-ac75-4554-be9b-934d590a70b2,2025-05-01,2025-05-31,769.8,46.2,816.0,Issued,SampleGen
INV-7e5fd980-b0f4-43dc-89c0-23d387f32b2e,ID204018,CID-228,7e5fd980-b0f4-43dc-89c0-23d387f32b2e,2025-05-08,2025-06-07,1891.78,113.52,2005.3,Issued,SampleGen
INV-ebbc5e41-a1fd-4ceb-887b-a2589c8c0920,ID204019,CID-228,ebbc5e41-a1fd-4ceb-887b-a2589c8c0920,2025-07-01,2025-07-31,839.86,50.4,890.26,Issued,SampleGen
INV-2b61cbce-c272-4af8-a4a0-2aa8a6a0f461,ID204020,CID-228,2b61cbce-c272-4af8-a4a0-2aa8a6a0f461,2025-07-03,2025-08-02,515.88,30.96,546.84,Issued,SampleGen
INV-088d5e23-6c03-4fe3-bef9-c52c1d5ef91e,ID204021,CID-228,088d5e23-6c03-4fe3-bef9-c52c1d5ef91e,2025-08-05,2025-09-04,1299.86,78.0,1377.86,Issued,SampleGen
INV-44a07664-9638-40ff-8f76-b9986b0bc3f1,ID204022,CID-228,44a07664-9638-40ff-8f76-b9986b0bc3f1,2025-09-07,2025-10-07,951.76,57.12,1008.88,Issued,SampleGen
INV-2c3934b5-c731-4549-9426-c4370be70459,ID204023,CID-228,2c3934b5-c731-4549-9426-c4370be70459,2025-10-28,2025-11-27,581.88,34.92,616.8,Issued,SampleGen
INV-b2866806-32b7-4814-8534-8e1da0863ebc,ID204024,CID-228,b2866806-32b7-4814-8534-8e1da0863ebc,2025-10-21,2025-11-20,473.88,28.44,502.32,Issued,SampleGen
INV-0a139c94-af02-4242-a304-d3556ea05d85,ID204025,CID-228,0a139c94-af02-4242-a304-d3556ea05d85,2025-11-11,2025-12-11,3223.88,193.44,3417.32,Issued,SampleGen
INV-2f52001d-3284-4f0a-94f9-3992d882c2aa,ID204026,CID-228,2f52001d-3284-4f0a-94f9-3992d882c2aa,2025-12-09,2026-01-08,411.92,24.72,436.64,Issued,SampleGen
INV-c9a4183b-b19b-4e78-9e9a-8712761a2f96,ID204027,CID-228,c9a4183b-b19b-4e78-9e9a-8712761a2f96,2025-12-25,2026-01-24,3779.74,226.8,4006.54,Issued,SampleGen
INV-70b7bcba-2398-49a5-a8a5-741e42f2f91c,ID204028,CID-228,70b7bcba-2398-49a5-a8a5-741e42f2f91c,2026-01-31,2026-03-02,1759.86,105.6,1865.46,Issued,SampleGen
INV-348a435b-5c7d-40c5-88f0-2539a16d3e43,ID204029,CID-228,348a435b-5c7d-40c5-88f0-2539a16d3e43,2026-01-24,2026-02-23,2811.8,168.72,2980.52,Issued,SampleGen
INV-2d32ef03-c496-4112-afa6-f07a788c0435,ID204030,CID-228,2d32ef03-c496-4112-afa6-f07a788c0435,2026-02-05,2026-03-07,2423.88,145.44,2569.32,Issued,SampleGen
INV-215a3666-871d-4478-9c6c-f0d7565ecf61,ID204031,CID-228,215a3666-871d-4478-9c6c-f0d7565ecf61,2026-02-17,2026-03-19,1159.76,69.6,1229.36,Issued,SampleGen
INV-e0387d45-d040-44b7-8c9c-413a17fa6735,ID204032,CID-228,e0387d45-d040-44b7-8c9c-413a17fa6735,2026-03-15,2026-04-14,3355.9,201.36,3557.26,Issued,SampleGen
INV-ee34130f-ca1c-4b23-81b1-2fca3dafc49b,ID204033,CID-228,ee34130f-ca1c-4b23-81b1-2fca3dafc49b,2026-03-31,2026-04-30,1023.88,61.44,1085.32,Issued,SampleGen
INV-3c059d8b-3d10-4339-b178-94abc7b74944,ID204034,CID-228,3c059d8b-3d10-4339-b178-94abc7b74944,2026-04-08,2026-05-08,1307.86,78.48,1386.34,Issued,SampleGen
INV-400a2abf-9ecb-4486-ba04-040faa921252,ID204035,CID-228,400a2abf-9ecb-4486-ba04-040faa921252,2026-04-18,2026-05-18,811.9,48.72,860.62,Issued,SampleGen
INV-f5b15e5f-a520-42f3-8236-ccde747bcda4,ID204036,CID-229,f5b15e5f-a520-42f3-8236-ccde747bcda4,2025-02-24,2025-03-26,459.9,27.6,487.5,Issued,SampleGen
INV-ddb5018a-a473-4b30-a492-dd38f87ad993,ID204037,CID-229,ddb5018a-a473-4b30-a492-dd38f87ad993,2025-04-06,2025-05-06,1845.72,110.76,1956.48,Issued,SampleGen
INV-e0fb0301-6288-475f-903b-34d66b5d711a,ID204038,CID-229,e0fb0301-6288-475f-903b-34d66b5d711a,2025-05-06,2025-06-05,2039.8,122.4,2162.2,Issued,SampleGen
INV-bd635f4e-adea-4118-939a-d654ecd2de3f,ID204039,CID-229,bd635f4e-adea-4118-939a-d654ecd2de3f,2025-06-05,2025-07-05,5797.7,347.88,6145.58,Issued,SampleGen
INV-683aa29d-5ad4-41e0-95ac-556f559e0614,ID204040,CID-229,683aa29d-5ad4-41e0-95ac-556f559e0614,2025-07-24,2025-08-23,3703.74,222.24,3925.98,Issued,SampleGen
INV-e7390ba0-ba14-47b7-82bb-e2d868f0fd9b,ID204041,CID-229,e7390ba0-ba14-47b7-82bb-e2d868f0fd9b,2025-08-11,2025-09-10,4835.82,290.16,5125.98,Issued,SampleGen
INV-f3a50ed5-40d1-48d3-83f0-d5bc415a1eca,ID204042,CID-229,f3a50ed5-40d1-48d3-83f0-d5bc415a1eca,2025-09-15,2025-10-15,911.74,54.72,966.46,Issued,SampleGen
INV-3a8a78b3-df33-4551-8bad-100ad7e5584a,ID204043,CID-229,3a8a78b3-df33-4551-8bad-100ad7e5584a,2025-11-01,2025-12-01,2059.86,123.6,2183.46,Issued,SampleGen
INV-4b633af0-8a0e-4474-8806-f71d38aaf9bd,ID204044,CID-229,4b633af0-8a0e-4474-8806-f71d38aaf9bd,2025-11-12,2025-12-12,771.86,46.32,818.18,Issued,SampleGen
INV-3d2220ab-7dc9-4347-84f8-5380e609e2af,ID204045,CID-229,3d2220ab-7dc9-4347-84f8-5380e609e2af,2025-12-13,2026-01-12,5111.88,306.72,5418.6,Issued,SampleGen
INV-dfe52627-ed86-48b2-8a68-5f04e5b080b4,ID204046,CID-229,dfe52627-ed86-48b2-8a68-5f04e5b080b4,2026-01-20,2026-02-19,1839.84,110.4,1950.24,Issued,SampleGen
INV-64e54bca-6ca4-49bb-a5f0-86585f1c327a,ID204047,CID-229,64e54bca-6ca4-49bb-a5f0-86585f1c327a,2026-01-28,2026-02-27,3679.78,220.8,3900.58,Issued,SampleGen
INV-b1146b14-4214-44c8-beb3-51ef4a80c811,ID204048,CID-229,b1146b14-4214-44c8-beb3-51ef4a80c811,2026-02-11,2026-03-13,2411.72,144.72,2556.44,Issued,SampleGen
INV-bd929521-af61-4999-b306-8b9e1eea6b07,ID204049,CID-229,bd929521-af61-4999-b306-8b9e1eea6b07,2026-03-25,2026-04-24,933.9,56.04,989.94,Issued,SampleGen
INV-9beb877d-8e5a-4fdf-8651-bd52174bc1ca,ID204050,CID-229,9beb877d-8e5a-4fdf-8651-bd52174bc1ca,2026-04-07,2026-05-07,2019.78,121.2,2140.98,Issued,SampleGen
INV-6bebc713-6a9e-4c69-b1f3-6f08675bbfc4,ID204051,CID-230,6bebc713-6a9e-4c69-b1f3-6f08675bbfc4,2025-01-07,2025-02-06,2073.8,124.44,2198.24,Issued,SampleGen
INV-256aa556-ecac-486a-9b04-ec82f5659fbd,ID204052,CID-230,256aa556-ecac-486a-9b04-ec82f5659fbd,2025-02-26,2025-03-28,375.9,22.56,398.46,Issued,SampleGen
INV-ac58b639-ce57-40c6-bc08-7b063b53b67b,ID204053,CID-230,ac58b639-ce57-40c6-bc08-7b063b53b67b,2025-04-21,2025-05-21,411.92,24.72,436.64,Issued,SampleGen
INV-2887d2e3-7d28-4094-83ed-8b803058fc5d,ID204054,CID-230,2887d2e3-7d28-4094-83ed-8b803058fc5d,2025-06-08,2025-07-08,3683.86,221.04,3904.9,Issued,SampleGen
INV-9c811846-f08a-40d3-8e92-aa9dbd029baa,ID204055,CID-230,9c811846-f08a-40d3-8e92-aa9dbd029baa,2025-07-05,2025-08-04,655.8,39.36,695.16,Issued,SampleGen
INV-fdc02ffd-6a65-4eca-abbc-37e7a084dc11,ID204056,CID-230,fdc02ffd-6a65-4eca-abbc-37e7a084dc11,2025-08-18,2025-09-17,947.88,56.88,1004.76,Issued,SampleGen
INV-bf646aff-68bd-419a-aa16-714e0a5466ab,ID204057,CID-230,bf646aff-68bd-419a-aa16-714e0a5466ab,2025-09-29,2025-10-29,2959.76,177.6,3137.36,Issued,SampleGen
INV-491bb0dc-5644-43c1-bb26-924bbd3c758c,ID204058,CID-230,491bb0dc-5644-43c1-bb26-924bbd3c758c,2025-10-10,2025-11-09,575.86,34.56,610.42,Issued,SampleGen
INV-1f607f8d-371e-47a7-b9f4-bb818c41fb01,ID204059,CID-230,1f607f8d-371e-47a7-b9f4-bb818c41fb01,2025-11-10,2025-12-10,1435.78,86.16,1521.94,Issued,SampleGen
INV-a5553387-2391-48cd-8571-f137b822e520,ID204060,CID-230,a5553387-2391-48cd-8571-f137b822e520,2025-12-15,2026-01-14,1199.84,72.0,1271.84,Issued,SampleGen
INV-3849a57f-7145-402f-94e9-3e13039e8b2b,ID204061,CID-230,3849a57f-7145-402f-94e9-3e13039e8b2b,2026-01-13,2026-02-12,305.9,18.36,324.26,Issued,SampleGen
INV-91fef8e4-52c1-4dd8-b8fb-4c9ca96efe41,ID204062,CID-230,91fef8e4-52c1-4dd8-b8fb-4c9ca96efe41,2026-02-18,2026-03-20,1115.8,66.96,1182.76,Issued,SampleGen
INV-e83d0404-a005-4107-bac4-f98fc01ed69d,ID204063,CID-230,e83d0404-a005-4107-bac4-f98fc01ed69d,2026-03-14,2026-04-13,5373.7,322.44,5696.14,Issued,SampleGen
INV-74b288d3-3b5e-4917-a451-0217da5f74b8,ID204064,CID-230,74b288d3-3b5e-4917-a451-0217da5f74b8,2026-04-05,2026-05-05,527.84,31.68,559.52,Issued,SampleGen
INV-e500a6b0-df35-4ecc-8fea-1c190f1bf5ac,ID204065,CID-230,e500a6b0-df35-4ecc-8fea-1c190f1bf5ac,2026-04-18,2026-05-18,4287.82,257.28,4545.1,Issued,SampleGen
INV-a0402190-f431-42d9-95de-46af9a5564d0,ID204066,CID-231,a0402190-f431-42d9-95de-46af9a5564d0,2025-01-09,2025-02-08,3173.82,190.44,3364.26,Issued,SampleGen
INV-ac5a07d0-6423-46d0-9405-f53fdf7ffc54,ID204067,CID-231,ac5a07d0-6423-46d0-9405-f53fdf7ffc54,2025-02-13,2025-03-15,1855.74,111.36,1967.1,Issued,SampleGen
INV-909ea1b2-65ee-446a-aea5-48da1e54260f,ID204068,CID-231,909ea1b2-65ee-446a-aea5-48da1e54260f,2025-03-11,2025-04-10,1037.76,62.28,1100.04,Issued,SampleGen
INV-d3e498e9-15f8-41bc-95b9-5e71c690f1b1,ID204069,CID-231,d3e498e9-15f8-41bc-95b9-5e71c690f1b1,2025-04-28,2025-05-28,1107.78,66.48,1174.26,Issued,SampleGen
INV-694faf77-2933-470c-bd15-a485834bb48e,ID204070,CID-231,694faf77-2933-470c-bd15-a485834bb48e,2025-05-17,2025-06-16,2039.84,122.4,2162.24,Issued,SampleGen
INV-ab83623f-0c49-4a5f-91d9-0dc1dd1e783b,ID204071,CID-231,ab83623f-0c49-4a5f-91d9-0dc1dd1e783b,2025-06-24,2025-07-24,1919.76,115.2,2034.96,Issued,SampleGen
INV-2c3fa651-0f26-45ea-901e-2d6248318bb9,ID204072,CID-231,2c3fa651-0f26-45ea-901e-2d6248318bb9,2025-07-05,2025-08-04,1353.78,81.24,1435.02,Issued,SampleGen
INV-5f6fb24f-48fd-4101-857c-a472ca81b488,ID204073,CID-231,5f6fb24f-48fd-4101-857c-a472ca81b488,2025-07-08,2025-08-07,2517.78,151.08,2668.86,Issued,SampleGen
INV-6c82fab6-88a2-45d5-96fc-fb80fd665d7d,ID204074,CID-231,6c82fab6-88a2-45d5-96fc-fb80fd665d7d,2025-08-21,2025-09-20,523.84,31.44,555.28,Issued,SampleGen
INV-f0bbbcd3-0da9-4d0d-a6db-6937c1d73d5a,ID204075,CID-231,f0bbbcd3-0da9-4d0d-a6db-6937c1d73d5a,2025-09-29,2025-10-29,2197.76,131.88,2329.64,Issued,SampleGen
INV-e5d47614-10e8-4f08-b95c-42fd88760db7,ID204076,CID-231,e5d47614-10e8-4f08-b95c-42fd88760db7,2025-10-26,2025-11-25,1707.8,102.48,1810.28,Issued,SampleGen
INV-a1d35cd6-dcfd-4c59-90c4-d1dc290488d7,ID204077,CID-231,a1d35cd6-dcfd-4c59-90c4-d1dc290488d7,2025-11-08,2025-12-08,4119.68,247.2,4366.88,Issued,SampleGen
INV-f0314735-14cf-4efd-a742-0e6d7bd2d50e,ID204078,CID-231,f0314735-14cf-4efd-a742-0e6d7bd2d50e,2025-12-12,2026-01-11,503.84,30.24,534.08,Issued,SampleGen
INV-63061779-66e2-45d5-a125-8f4313cc7882,ID204079,CID-231,63061779-66e2-45d5-a125-8f4313cc7882,2025-12-02,2026-01-01,3539.88,212.4,3752.28,Issued,SampleGen
INV-55fb67a5-b879-42dc-8760-1874e6d7edbe,ID204080,CID-231,55fb67a5-b879-42dc-8760-1874e6d7edbe,2026-01-26,2026-02-25,4689.76,281.4,4971.16,Issued,SampleGen
INV-dbdc1c8a-0abc-43d0-bbe1-33d83e138042,ID204081,CID-231,dbdc1c8a-0abc-43d0-bbe1-33d83e138042,2026-02-06,2026-03-08,619.84,37.2,657.04,Issued,SampleGen
INV-34d4afa2-4a87-4234-8bcf-6a79dda06cbf,ID204082,CID-231,34d4afa2-4a87-4234-8bcf-6a79dda06cbf,2026-02-07,2026-03-09,371.88,22.32,394.2,Issued,SampleGen
INV-acfb8014-eac8-4a3a-a7a9-2b462933c01a,ID204083,CID-231,acfb8014-eac8-4a3a-a7a9-2b462933c01a,2026-03-08,2026-04-07,1209.78,72.6,1282.38,Issued,SampleGen
INV-dcc4479a-fe78-4d51-9f48-774fd66cbd1b,ID204084,CID-231,dcc4479a-fe78-4d51-9f48-774fd66cbd1b,2026-03-18,2026-04-17,1645.74,98.76,1744.5,Issued,SampleGen
INV-b1ff854a-e02d-47de-8494-5ce909ffbaad,ID204085,CID-231,b1ff854a-e02d-47de-8494-5ce909ffbaad,2026-04-06,2026-05-06,1907.84,114.48,2022.32,Issued,SampleGen
INV-dd86db16-6a15-4415-ab2c-5b458c65e5ed,ID204086,CID-231,dd86db16-6a15-4415-ab2c-5b458c65e5ed,2026-04-03,2026-05-03,3861.78,231.72,4093.5,Issued,SampleGen
INV-713c7433-accf-40e6-aecc-eee148ad4bca,ID204087,CID-232,713c7433-accf-40e6-aecc-eee148ad4bca,2025-01-10,2025-02-09,6831.72,409.92,7241.64,Issued,SampleGen
INV-d6b7a5ef-8c94-4e6c-8f93-d03b1b4512ab,ID204088,CID-232,d6b7a5ef-8c94-4e6c-8f93-d03b1b4512ab,2025-02-18,2025-03-20,2943.72,176.64,3120.36,Issued,SampleGen
INV-e548bef6-b300-4f14-b8d2-d6a0a49f943e,ID204089,CID-232,e548bef6-b300-4f14-b8d2-d6a0a49f943e,2025-05-05,2025-06-04,1293.74,77.64,1371.38,Issued,SampleGen
INV-daca4b18-d51d-466b-a304-6ada9a246178,ID204090,CID-232,daca4b18-d51d-466b-a304-6ada9a246178,2025-07-28,2025-08-27,2819.86,169.2,2989.06,Issued,SampleGen
INV-ad3336e6-dae6-488a-b9af-364a8c58f2eb,ID204091,CID-232,ad3336e6-dae6-488a-b9af-364a8c58f2eb,2025-08-11,2025-09-10,1903.74,114.24,2017.98,Issued,SampleGen
INV-2536e021-fbb2-40a8-89a7-a59a48836d6e,ID204092,CID-232,2536e021-fbb2-40a8-89a7-a59a48836d6e,2025-10-05,2025-11-04,2387.74,143.28,2531.02,Issued,SampleGen
INV-eedc437d-9885-48bc-b555-3ecad8b61c9c,ID204093,CID-232,eedc437d-9885-48bc-b555-3ecad8b61c9c,2025-11-26,2025-12-26,4375.74,262.56,4638.3,Issued,SampleGen
INV-6eb27926-c58d-4d83-b349-eab5db38fb9d,ID204094,CID-232,6eb27926-c58d-4d83-b349-eab5db38fb9d,2025-12-22,2026-01-21,655.9,39.36,695.26,Issued,SampleGen
INV-c4da1609-9177-4237-ad4a-ed61cefd54de,ID204095,CID-232,c4da1609-9177-4237-ad4a-ed61cefd54de,2026-02-09,2026-03-11,3239.82,194.4,3434.22,Issued,SampleGen
INV-5a097de6-6758-4ee3-af44-3ce4511773af,ID204096,CID-232,5a097de6-6758-4ee3-af44-3ce4511773af,2026-03-12,2026-04-11,3923.8,235.44,4159.24,Issued,SampleGen
INV-2803bb2e-612c-444d-923a-6142371c2153,ID204097,CID-232,2803bb2e-612c-444d-923a-6142371c2153,2026-04-28,2026-05-28,1979.9,118.8,2098.7,Issued,SampleGen
INV-634341ee-47b5-4ffd-bbcd-8834c99d4dd1,ID204098,CID-233,634341ee-47b5-4ffd-bbcd-8834c99d4dd1,2025-01-12,2025-02-11,1703.88,102.24,1806.12,Issued,SampleGen
INV-a1cc3b01-f31b-45ea-833b-90f587fa0ae9,ID204099,CID-233,a1cc3b01-f31b-45ea-833b-90f587fa0ae9,2025-02-02,2025-03-04,2589.74,155.4,2745.14,Issued,SampleGen
INV-63993e50-5698-47f4-b19a-10112c020a09,ID204100,CID-233,63993e50-5698-47f4-b19a-10112c020a09,2025-03-13,2025-04-12,1415.88,84.96,1500.84,Issued,SampleGen
INV-47748309-cd02-4753-805b-dae94e1c69f4,ID204101,CID-233,47748309-cd02-4753-805b-dae94e1c69f4,2025-04-22,2025-05-22,485.88,29.16,515.04,Issued,SampleGen
INV-a9cad563-c853-42a9-a7b6-fd8f072828b8,ID204102,CID-233,a9cad563-c853-42a9-a7b6-fd8f072828b8,2025-05-31,2025-06-30,687.84,41.28,729.12,Issued,SampleGen
INV-686d4ada-8893-4a83-8f67-df333e600e4b,ID204103,CID-233,686d4ada-8893-4a83-8f67-df333e600e4b,2025-06-29,2025-07-29,3915.82,234.96,4150.78,Issued,SampleGen
INV-2708a1cc-71e8-47cb-9081-8e03808cfa72,ID204104,CID-233,2708a1cc-71e8-47cb-9081-8e03808cfa72,2025-07-24,2025-08-23,1171.74,70.32,1242.06,Issued,SampleGen
INV-8f58eb2c-f20d-4608-8d8e-2e83fdffd929,ID204105,CID-233,8f58eb2c-f20d-4608-8d8e-2e83fdffd929,2025-07-16,2025-08-15,299.92,18.0,317.92,Issued,SampleGen
INV-9fd0210d-75ba-4055-abec-ae8afcaed27c,ID204106,CID-233,9fd0210d-75ba-4055-abec-ae8afcaed27c,2025-08-08,2025-09-07,4783.72,287.04,5070.76,Issued,SampleGen
INV-e2b45cbf-1245-4776-a386-66f711d7883e,ID204107,CID-233,e2b45cbf-1245-4776-a386-66f711d7883e,2025-08-16,2025-09-15,383.88,23.04,406.92,Issued,SampleGen
INV-002d6866-9475-4820-b6f9-865c46033228,ID204108,CID-233,002d6866-9475-4820-b6f9-865c46033228,2025-09-25,2025-10-25,357.9,21.48,379.38,Issued,SampleGen
INV-3a27b15e-39c9-468d-921e-c33848571636,ID204109,CID-233,3a27b15e-39c9-468d-921e-c33848571636,2025-09-30,2025-10-30,4841.74,290.52,5132.26,Issued,SampleGen
INV-c5fc6702-cec6-48c1-83de-331d59e8580b,ID204110,CID-233,c5fc6702-cec6-48c1-83de-331d59e8580b,2025-10-02,2025-11-01,4547.7,272.88,4820.58,Issued,SampleGen
INV-8a9cb20d-b181-433e-b691-c614d5f298be,ID204111,CID-233,8a9cb20d-b181-433e-b691-c614d5f298be,2025-10-17,2025-11-16,1935.88,116.16,2052.04,Issued,SampleGen
INV-f9742a29-4223-4363-a80e-aa9f38f52227,ID204112,CID-233,f9742a29-4223-4363-a80e-aa9f38f52227,2025-11-24,2025-12-24,2527.8,151.68,2679.48,Issued,SampleGen
INV-692b566d-1713-4cfb-9001-a4c2b1b693ea,ID204113,CID-233,692b566d-1713-4cfb-9001-a4c2b1b693ea,2025-11-25,2025-12-25,479.88,28.8,508.68,Issued,SampleGen
INV-862114e0-d156-423e-bee9-46bae38b1e94,ID204114,CID-233,862114e0-d156-423e-bee9-46bae38b1e94,2025-12-21,2026-01-20,235.88,14.16,250.04,Issued,SampleGen
INV-64c36f6b-9ff1-451c-9dd8-2df1be48b6d9,ID204115,CID-233,64c36f6b-9ff1-451c-9dd8-2df1be48b6d9,2025-12-04,2026-01-03,2431.84,145.92,2577.76,Issued,SampleGen
INV-b7e7393f-70a4-48a4-86e7-2fa870c3d0ee,ID204116,CID-233,b7e7393f-70a4-48a4-86e7-2fa870c3d0ee,2026-01-25,2026-02-24,3199.8,192.0,3391.8,Issued,SampleGen
INV-47851784-9142-4f1d-8714-27ba499b3324,ID204117,CID-233,47851784-9142-4f1d-8714-27ba499b3324,2026-01-25,2026-02-24,1807.88,108.48,1916.36,Issued,SampleGen
INV-cb3a7994-bc8c-43b3-a577-fc03ae235e01,ID204118,CID-233,cb3a7994-bc8c-43b3-a577-fc03ae235e01,2026-01-08,2026-02-07,621.86,37.32,659.18,Issued,SampleGen
INV-a5aa0273-afbe-4a45-a70f-e72c4d1b9720,ID204119,CID-233,a5aa0273-afbe-4a45-a70f-e72c4d1b9720,2026-02-03,2026-03-05,1015.78,60.96,1076.74,Issued,SampleGen
INV-ae6931e1-883c-4c6e-b13e-b9ac0a50de7f,ID204120,CID-233,ae6931e1-883c-4c6e-b13e-b9ac0a50de7f,2026-02-22,2026-03-24,293.88,17.64,311.52,Issued,SampleGen
INV-64343e0c-8690-4690-9456-a5a812efef6d,ID204121,CID-233,64343e0c-8690-4690-9456-a5a812efef6d,2026-02-22,2026-03-24,1195.74,71.76,1267.5,Issued,SampleGen
INV-c549cfbd-7fe1-488d-94de-6dcfc326ec26,ID204122,CID-233,c549cfbd-7fe1-488d-94de-6dcfc326ec26,2026-03-19,2026-04-18,3633.82,218.04,3851.86,Issued,SampleGen
INV-d7e0bcd9-faff-4e64-b808-c8d10c5f0281,ID204123,CID-233,d7e0bcd9-faff-4e64-b808-c8d10c5f0281,2026-03-30,2026-04-29,3977.82,238.68,4216.5,Issued,SampleGen
INV-fb7b074a-86be-43e3-a681-9f58706750a2,ID204124,CID-233,fb7b074a-86be-43e3-a681-9f58706750a2,2026-05-01,2026-05-31,903.88,54.24,958.12,Issued,SampleGen
INV-cdb05a50-906b-4281-9a9e-d7b0f2987202,ID204125,CID-233,cdb05a50-906b-4281-9a9e-d7b0f2987202,2026-04-11,2026-05-11,1759.86,105.6,1865.46,Issued,SampleGen
INV-041e6539-069d-453d-a2cb-06e6d72a9dfd,ID204126,CID-234,041e6539-069d-453d-a2cb-06e6d72a9dfd,2025-06-30,2025-07-30,7223.78,433.44,7657.22,Issued,SampleGen
INV-d1270ba7-12d0-4b23-b195-c3421c40fd17,ID204127,CID-234,d1270ba7-12d0-4b23-b195-c3421c40fd17,2025-09-02,2025-10-02,279.92,16.8,296.72,Issued,SampleGen
INV-da367d1b-ffa1-4378-9bd5-57d967c281bc,ID204128,CID-234,da367d1b-ffa1-4378-9bd5-57d967c281bc,2025-12-16,2026-01-15,1779.8,106.8,1886.6,Issued,SampleGen
INV-cf53c245-fee5-4624-a3d1-e05840bd428b,ID204129,CID-234,cf53c245-fee5-4624-a3d1-e05840bd428b,2026-01-19,2026-02-18,3551.76,213.12,3764.88,Issued,SampleGen
INV-944b7383-acdb-4050-b739-1160d02cce53,ID204130,CID-234,944b7383-acdb-4050-b739-1160d02cce53,2026-02-03,2026-03-05,1651.78,99.12,1750.9,Issued,SampleGen
INV-a4e78acd-fd63-4b1c-b66c-f9f2e2e7bec2,ID204131,CID-234,a4e78acd-fd63-4b1c-b66c-f9f2e2e7bec2,2026-03-10,2026-04-09,3343.74,200.64,3544.38,Issued,SampleGen
INV-3c39c9db-9111-4d2c-b4f6-14875b14947d,ID204132,CID-235,3c39c9db-9111-4d2c-b4f6-14875b14947d,2025-02-25,2025-03-27,1877.9,112.68,1990.58,Issued,SampleGen
INV-9d6c3bc5-8620-4afd-946b-e6620cc3cfd3,ID204133,CID-235,9d6c3bc5-8620-4afd-946b-e6620cc3cfd3,2025-03-13,2025-04-12,1315.9,78.96,1394.86,Issued,SampleGen
INV-db58096e-52bd-426e-846d-81409153b85c,ID204134,CID-235,db58096e-52bd-426e-846d-81409153b85c,2025-05-19,2025-06-18,1941.74,116.52,2058.26,Issued,SampleGen
INV-c357efd0-2895-4c0c-8b78-8bc1f530e766,ID204135,CID-235,c357efd0-2895-4c0c-8b78-8bc1f530e766,2025-06-20,2025-07-20,2479.8,148.8,2628.6,Issued,SampleGen
INV-76c74408-44aa-444f-b4ca-646c1014d8ac,ID204136,CID-235,76c74408-44aa-444f-b4ca-646c1014d8ac,2025-07-21,2025-08-20,1003.82,60.24,1064.06,Issued,SampleGen
INV-c91e84d1-211b-48e0-9b01-0a03502f3fc5,ID204137,CID-235,c91e84d1-211b-48e0-9b01-0a03502f3fc5,2025-08-25,2025-09-24,2363.76,141.84,2505.6,Issued,SampleGen
INV-e4ae4767-cf4c-4885-847d-4ee8b1ae2e81,ID204138,CID-235,e4ae4767-cf4c-4885-847d-4ee8b1ae2e81,2025-09-29,2025-10-29,895.76,53.76,949.52,Issued,SampleGen
INV-aea7fd5e-5453-4fad-8ca4-6d832408b2c1,ID204139,CID-235,aea7fd5e-5453-4fad-8ca4-6d832408b2c1,2025-10-29,2025-11-28,4539.74,272.4,4812.14,Issued,SampleGen
INV-c8876813-fa6f-4fa5-8d61-0e831c3df6f0,ID204140,CID-235,c8876813-fa6f-4fa5-8d61-0e831c3df6f0,2025-11-23,2025-12-23,2947.78,176.88,3124.66,Issued,SampleGen
INV-ca384fd4-38b1-4a19-b690-cf77dd19ed88,ID204141,CID-235,ca384fd4-38b1-4a19-b690-cf77dd19ed88,2025-12-13,2026-01-12,1179.84,70.8,1250.64,Issued,SampleGen
INV-f549fee1-408c-42d2-9ec2-6fc9b9097b76,ID204142,CID-235,f549fee1-408c-42d2-9ec2-6fc9b9097b76,2026-01-31,2026-03-02,1407.76,84.48,1492.24,Issued,SampleGen
INV-6962018e-9149-462f-a99c-7e186e9b1920,ID204143,CID-235,6962018e-9149-462f-a99c-7e186e9b1920,2026-02-09,2026-03-11,2141.86,128.52,2270.38,Issued,SampleGen
INV-fb5f98de-1e86-44a4-852f-3af618d58c02,ID204144,CID-235,fb5f98de-1e86-44a4-852f-3af618d58c02,2026-03-08,2026-04-07,2175.76,130.56,2306.32,Issued,SampleGen
INV-ba3eaf57-09fc-4963-925f-4abd2a5cd8d3,ID204145,CID-235,ba3eaf57-09fc-4963-925f-4abd2a5cd8d3,2026-03-18,2026-04-17,2235.84,134.16,2370.0,Issued,SampleGen
INV-2753da50-019e-4b38-9cd2-9bf0cf554255,ID204146,CID-235,2753da50-019e-4b38-9cd2-9bf0cf554255,2026-04-20,2026-05-20,4119.72,247.2,4366.92,Issued,SampleGen
INV-a6ce2af5-3b74-432d-913d-35e36ee85048,ID204147,CID-235,a6ce2af5-3b74-432d-913d-35e36ee85048,2026-04-06,2026-05-06,2475.78,148.56,2624.34,Issued,SampleGen
INV-134c512f-e8cb-4393-a9ca-d09ba438850f,ID204148,CID-236,134c512f-e8cb-4393-a9ca-d09ba438850f,2025-01-07,2025-02-06,2739.9,164.4,2904.3,Issued,SampleGen
INV-1ee96ade-9fc0-4c00-bf13-d756851de51d,ID204149,CID-236,1ee96ade-9fc0-4c00-bf13-d756851de51d,2025-02-18,2025-03-20,5287.8,317.28,5605.08,Issued,SampleGen
INV-40dc4f43-ab76-4310-b689-d011a5f50045,ID204150,CID-236,40dc4f43-ab76-4310-b689-d011a5f50045,2025-03-08,2025-04-07,3223.88,193.44,3417.32,Issued,SampleGen
INV-db908316-3d65-4e99-ada0-768555c62886,ID204151,CID-236,db908316-3d65-4e99-ada0-768555c62886,2025-03-17,2025-04-16,2687.9,161.28,2849.18,Issued,SampleGen
INV-6cca6c3b-32cf-4134-a4ae-27308f68381d,ID204152,CID-236,6cca6c3b-32cf-4134-a4ae-27308f68381d,2025-04-14,2025-05-14,3107.76,186.48,3294.24,Issued,SampleGen
INV-96ad3233-e241-4c27-9eff-22551c6bc312,ID204153,CID-236,96ad3233-e241-4c27-9eff-22551c6bc312,2025-04-17,2025-05-17,2837.84,170.28,3008.12,Issued,SampleGen
INV-9a71bcab-61b8-48ef-91bc-507eac126a03,ID204154,CID-236,9a71bcab-61b8-48ef-91bc-507eac126a03,2025-05-30,2025-06-29,599.84,36.0,635.84,Issued,SampleGen
INV-e43031ee-42c9-4061-828e-d24b6a416c8d,ID204155,CID-236,e43031ee-42c9-4061-828e-d24b6a416c8d,2025-05-29,2025-06-28,1951.84,117.12,2068.96,Issued,SampleGen
INV-777ac0af-e774-4866-8712-86fc815b5a9c,ID204156,CID-236,777ac0af-e774-4866-8712-86fc815b5a9c,2025-06-28,2025-07-28,2959.86,177.6,3137.46,Issued,SampleGen
INV-c8f0b412-a0c4-4f36-a0aa-04e7a3504990,ID204157,CID-236,c8f0b412-a0c4-4f36-a0aa-04e7a3504990,2025-06-04,2025-07-04,723.82,43.44,767.26,Issued,SampleGen
INV-103a686b-8af0-443b-b8f1-c1ac70eb8b4d,ID204158,CID-236,103a686b-8af0-443b-b8f1-c1ac70eb8b4d,2025-07-23,2025-08-22,953.8,57.24,1011.04,Issued,SampleGen
INV-29a2432e-0797-413c-a2ec-3e780dca751e,ID204159,CID-236,29a2432e-0797-413c-a2ec-3e780dca751e,2025-08-01,2025-08-31,4207.82,252.48,4460.3,Issued,SampleGen
INV-507c81f2-f064-45fe-b881-78403349d108,ID204160,CID-236,507c81f2-f064-45fe-b881-78403349d108,2025-08-29,2025-09-28,1349.88,81.0,1430.88,Issued,SampleGen
INV-694dad6f-e57c-4092-b5a3-ca23e70f0a21,ID204161,CID-236,694dad6f-e57c-4092-b5a3-ca23e70f0a21,2025-08-26,2025-09-25,1013.82,60.84,1074.66,Issued,SampleGen
INV-0d4b5884-c99f-4244-8bfd-a355d168ed1b,ID204162,CID-236,0d4b5884-c99f-4244-8bfd-a355d168ed1b,2025-08-12,2025-09-11,343.92,20.64,364.56,Issued,SampleGen
INV-70069ea8-473a-43e6-86e3-f8d8063ecefb,ID204163,CID-236,70069ea8-473a-43e6-86e3-f8d8063ecefb,2025-09-11,2025-10-11,1015.76,60.96,1076.72,Issued,SampleGen
INV-fb54d948-7e7f-4d8d-bdff-e316aa9c60da,ID204164,CID-236,fb54d948-7e7f-4d8d-bdff-e316aa9c60da,2025-09-21,2025-10-21,1839.82,110.4,1950.22,Issued,SampleGen
INV-6cfe6afa-643b-4ec1-8d25-a5e37dec165b,ID204165,CID-236,6cfe6afa-643b-4ec1-8d25-a5e37dec165b,2025-10-13,2025-11-12,4199.76,252.0,4451.76,Issued,SampleGen
INV-426ddf4e-753f-4f9f-af2b-bb03745cf199,ID204166,CID-236,426ddf4e-753f-4f9f-af2b-bb03745cf199,2025-10-19,2025-11-18,2507.82,150.48,2658.3,Issued,SampleGen
INV-c9b2d381-4291-49d8-811e-aabc4761b8e0,ID204167,CID-236,c9b2d381-4291-49d8-811e-aabc4761b8e0,2025-10-24,2025-11-23,1839.84,110.4,1950.24,Issued,SampleGen
INV-17e99428-4563-430f-8c83-c73c07b72cc0,ID204168,CID-236,17e99428-4563-430f-8c83-c73c07b72cc0,2025-11-28,2025-12-28,1891.82,113.52,2005.34,Issued,SampleGen
INV-fb2ae2cd-d9ee-402d-a2cf-5ecc3e47e3ad,ID204169,CID-236,fb2ae2cd-d9ee-402d-a2cf-5ecc3e47e3ad,2025-11-23,2025-12-23,773.78,46.44,820.22,Issued,SampleGen
INV-be0fad86-a26b-41f9-a414-c6800cbeb089,ID204170,CID-236,be0fad86-a26b-41f9-a414-c6800cbeb089,2025-12-01,2025-12-31,1823.9,109.44,1933.34,Issued,SampleGen
INV-ecc5feb4-8271-4c07-940d-dcb663d105d6,ID204171,CID-236,ecc5feb4-8271-4c07-940d-dcb663d105d6,2025-12-25,2026-01-24,1857.8,111.48,1969.28,Issued,SampleGen
INV-a0f6c8f7-5228-43a2-bac5-8ad61acd8e43,ID204172,CID-236,a0f6c8f7-5228-43a2-bac5-8ad61acd8e43,2025-12-23,2026-01-22,2771.82,166.32,2938.14,Issued,SampleGen
INV-43868ae6-f194-4294-88ae-1347f8f4e1e4,ID204173,CID-236,43868ae6-f194-4294-88ae-1347f8f4e1e4,2025-12-22,2026-01-21,3187.72,191.28,3379.0,Issued,SampleGen
INV-d7b1da5f-c4e1-4760-9ea5-09d1c8d373c4,ID204174,CID-236,d7b1da5f-c4e1-4760-9ea5-09d1c8d373c4,2026-01-05,2026-02-04,801.8,48.12,849.92,Issued,SampleGen
INV-385924a1-c004-46a3-867e-70a0aa906c88,ID204175,CID-236,385924a1-c004-46a3-867e-70a0aa906c88,2026-01-26,2026-02-25,2063.84,123.84,2187.68,Issued,SampleGen
INV-977d27d0-b345-4103-9558-0d6f859449b8,ID204176,CID-236,977d27d0-b345-4103-9558-0d6f859449b8,2026-01-03,2026-02-02,3947.86,236.88,4184.74,Issued,SampleGen
INV-b0de8d55-ee59-4846-85f7-a136b57fefd5,ID204177,CID-236,b0de8d55-ee59-4846-85f7-a136b57fefd5,2026-01-09,2026-02-08,3539.88,212.4,3752.28,Issued,SampleGen
INV-351fcdff-6361-4bc1-baa5-73bb58c59d99,ID204178,CID-236,351fcdff-6361-4bc1-baa5-73bb58c59d99,2026-02-15,2026-03-17,957.9,57.48,1015.38,Issued,SampleGen
INV-6f0fcaf9-2f0a-4255-be00-10fedad4612f,ID204179,CID-236,6f0fcaf9-2f0a-4255-be00-10fedad4612f,2026-02-09,2026-03-11,7145.74,428.76,7574.5,Issued,SampleGen
INV-b65a91a0-f641-44e1-b7a0-d933ea402ca2,ID204180,CID-236,b65a91a0-f641-44e1-b7a0-d933ea402ca2,2026-02-12,2026-03-14,3635.8,218.16,3853.96,Issued,SampleGen
INV-c8943d32-1dc0-45c2-9192-5f00354baa57,ID204181,CID-236,c8943d32-1dc0-45c2-9192-5f00354baa57,2026-02-15,2026-03-17,1979.9,118.8,2098.7,Issued,SampleGen
INV-b1a4e81d-be1f-4add-89c7-e401ed6b0543,ID204182,CID-236,b1a4e81d-be1f-4add-89c7-e401ed6b0543,2026-03-23,2026-04-22,1337.88,80.28,1418.16,Issued,SampleGen
INV-98489410-16cd-4dd0-879f-49df399c3b74,ID204183,CID-236,98489410-16cd-4dd0-879f-49df399c3b74,2026-03-05,2026-04-04,643.84,38.64,682.48,Issued,SampleGen
INV-2ec3f4d2-0e36-4b61-9a48-d710bc5ea63b,ID204184,CID-236,2ec3f4d2-0e36-4b61-9a48-d710bc5ea63b,2026-03-22,2026-04-21,459.88,27.6,487.48,Issued,SampleGen
INV-bb3e7a93-3bbd-4568-93d1-41131e7dcc78,ID204185,CID-236,bb3e7a93-3bbd-4568-93d1-41131e7dcc78,2026-03-22,2026-04-21,1181.76,70.92,1252.68,Issued,SampleGen
INV-d0a35477-3c75-4df3-abf8-84fd83a12a89,ID204186,CID-236,d0a35477-3c75-4df3-abf8-84fd83a12a89,2026-04-06,2026-05-06,709.82,42.6,752.42,Issued,SampleGen
INV-d58fc2b1-5a9c-4481-b647-5fafc58f2bdd,ID204187,CID-236,d58fc2b1-5a9c-4481-b647-5fafc58f2bdd,2026-04-03,2026-05-03,4075.86,244.56,4320.42,Issued,SampleGen
INV-3cb7090e-f023-4a34-add3-92088a778edb,ID204188,CID-236,3cb7090e-f023-4a34-add3-92088a778edb,2026-04-13,2026-05-13,539.82,32.4,572.22,Issued,SampleGen
INV-8e3c6e59-29a7-4f90-890b-fef75ef18d23,ID204189,CID-236,8e3c6e59-29a7-4f90-890b-fef75ef18d23,2026-04-17,2026-05-17,1915.88,114.96,2030.84,Issued,SampleGen
INV-a2df38ea-3aeb-4932-8486-b1ab942be311,ID204190,CID-237,a2df38ea-3aeb-4932-8486-b1ab942be311,2025-01-28,2025-02-27,2139.84,128.4,2268.24,Issued,SampleGen
INV-8ce1efb1-5e1f-493a-b7dc-6b998c4076f6,ID204191,CID-237,8ce1efb1-5e1f-493a-b7dc-6b998c4076f6,2025-02-19,2025-03-21,1955.74,117.36,2073.1,Issued,SampleGen
INV-fbf1a45a-b074-43cb-a426-01b24adb4de8,ID204192,CID-237,fbf1a45a-b074-43cb-a426-01b24adb4de8,2025-03-29,2025-04-28,2427.78,145.68,2573.46,Issued,SampleGen
INV-5c409a63-2682-45ee-bb99-a4f90bd1908c,ID204193,CID-237,5c409a63-2682-45ee-bb99-a4f90bd1908c,2025-04-12,2025-05-12,2383.76,143.04,2526.8,Issued,SampleGen
INV-fa873a22-17ae-4c17-9408-f38af06bcea9,ID204194,CID-237,fa873a22-17ae-4c17-9408-f38af06bcea9,2025-05-30,2025-06-29,731.86,43.92,775.78,Issued,SampleGen
INV-0754585a-0d5e-40e6-9d68-71aed0ce7f18,ID204195,CID-237,0754585a-0d5e-40e6-9d68-71aed0ce7f18,2025-06-20,2025-07-20,557.9,33.48,591.38,Issued,SampleGen
INV-8d3857a9-fc49-42c8-a410-28ca6c66e2a5,ID204196,CID-237,8d3857a9-fc49-42c8-a410-28ca6c66e2a5,2025-07-24,2025-08-23,1513.82,90.84,1604.66,Issued,SampleGen
INV-8ec7086a-844d-4ea6-8373-7e89d1ab313f,ID204197,CID-237,8ec7086a-844d-4ea6-8373-7e89d1ab313f,2025-08-30,2025-09-29,591.9,35.52,627.42,Issued,SampleGen
INV-a7ccbd3f-58f2-4233-9ca4-eeb32a8a5783,ID204198,CID-237,a7ccbd3f-58f2-4233-9ca4-eeb32a8a5783,2025-08-02,2025-09-01,703.8,42.24,746.04,Issued,SampleGen
INV-cedaacd4-eadd-4ce9-8993-5970a9e3f6f9,ID204199,CID-237,cedaacd4-eadd-4ce9-8993-5970a9e3f6f9,2025-09-10,2025-10-10,4483.82,269.04,4752.86,Issued,SampleGen
INV-04d82a6a-ed5a-4984-97c9-00bf9e3fb378,ID204200,CID-237,04d82a6a-ed5a-4984-97c9-00bf9e3fb378,2025-09-04,2025-10-04,3515.8,210.96,3726.76,Issued,SampleGen
INV-38dd798a-ae46-47fa-8434-b99c926adee1,ID204201,CID-237,38dd798a-ae46-47fa-8434-b99c926adee1,2025-10-02,2025-11-01,1835.84,110.16,1946.0,Issued,SampleGen
INV-52ebd0f1-885a-4972-a7a8-da165974df10,ID204202,CID-237,52ebd0f1-885a-4972-a7a8-da165974df10,2025-10-19,2025-11-18,2463.74,147.84,2611.58,Issued,SampleGen
INV-daff7b76-94f8-47db-950c-60311a3067ac,ID204203,CID-237,daff7b76-94f8-47db-950c-60311a3067ac,2025-11-22,2025-12-22,943.92,56.64,1000.56,Issued,SampleGen
INV-54323eaa-7bb0-4ea6-9a30-74a30b2643a2,ID204204,CID-237,54323eaa-7bb0-4ea6-9a30-74a30b2643a2,2025-11-28,2025-12-28,315.88,18.96,334.84,Issued,SampleGen
INV-a29fa6c0-d7f2-4ee4-987c-546c14bee94a,ID204205,CID-237,a29fa6c0-d7f2-4ee4-987c-546c14bee94a,2026-01-01,2026-01-31,943.86,56.64,1000.5,Issued,SampleGen
INV-cee13b5f-9521-4926-8d9b-307ae88bdfa6,ID204206,CID-237,cee13b5f-9521-4926-8d9b-307ae88bdfa6,2026-01-16,2026-02-15,6159.78,369.6,6529.38,Issued,SampleGen
INV-c6a9a441-be24-48de-8a20-0f7b887023ec,ID204207,CID-237,c6a9a441-be24-48de-8a20-0f7b887023ec,2026-01-14,2026-02-13,863.84,51.84,915.68,Issued,SampleGen
INV-e80178af-5b67-4ea1-8734-6928c11a7a44,ID204208,CID-237,e80178af-5b67-4ea1-8734-6928c11a7a44,2026-02-11,2026-03-13,2107.76,126.48,2234.24,Issued,SampleGen
INV-b17a8b06-822b-4a6c-9932-9e18734e9537,ID204209,CID-237,b17a8b06-822b-4a6c-9932-9e18734e9537,2026-02-04,2026-03-06,3687.78,221.28,3909.06,Issued,SampleGen
INV-c95cd100-85bc-4b16-b057-d959ebe7b845,ID204210,CID-237,c95cd100-85bc-4b16-b057-d959ebe7b845,2026-03-16,2026-04-15,4183.78,251.04,4434.82,Issued,SampleGen
INV-6dbcfe43-8e36-4cbe-ab0a-985b98a0bd25,ID204211,CID-237,6dbcfe43-8e36-4cbe-ab0a-985b98a0bd25,2026-03-17,2026-04-16,3605.86,216.36,3822.22,Issued,SampleGen
INV-fe195ade-35e8-4b85-b5d9-4cb8c5eb4ac8,ID204212,CID-237,fe195ade-35e8-4b85-b5d9-4cb8c5eb4ac8,2026-04-17,2026-05-17,3523.78,211.44,3735.22,Issued,SampleGen
INV-c0138332-3837-4702-ac8d-86e64cd6fe54,ID204213,CID-237,c0138332-3837-4702-ac8d-86e64cd6fe54,2026-04-13,2026-05-13,449.88,27.0,476.88,Issued,SampleGen
INV-b7998437-6835-446c-8674-0de8af1e5ca0,ID204214,CID-238,b7998437-6835-446c-8674-0de8af1e5ca0,2025-02-26,2025-03-28,331.88,19.92,351.8,Issued,SampleGen
INV-252d7b64-7660-40ba-ac70-57c93e7ed976,ID204215,CID-238,252d7b64-7660-40ba-ac70-57c93e7ed976,2025-03-31,2025-04-30,911.76,54.72,966.48,Issued,SampleGen
INV-34d30706-fb66-4a47-a33d-0861a9e4ab6e,ID204216,CID-238,34d30706-fb66-4a47-a33d-0861a9e4ab6e,2025-08-07,2025-09-06,1679.88,100.8,1780.68,Issued,SampleGen
INV-15a462a3-2686-41d1-902c-57551e588784,ID204217,CID-238,15a462a3-2686-41d1-902c-57551e588784,2025-11-03,2025-12-03,507.84,30.48,538.32,Issued,SampleGen
INV-bf87c01b-1d7d-4754-b1aa-bea859cae917,ID204218,CID-238,bf87c01b-1d7d-4754-b1aa-bea859cae917,2025-12-02,2026-01-01,1037.82,62.28,1100.1,Issued,SampleGen
INV-2b8e09ce-824a-4525-9635-7f9b791c0c86,ID204219,CID-238,2b8e09ce-824a-4525-9635-7f9b791c0c86,2026-01-02,2026-02-01,1815.72,108.96,1924.68,Issued,SampleGen
INV-711db958-2881-480c-8648-4b74117052b5,ID204220,CID-238,711db958-2881-480c-8648-4b74117052b5,2026-02-23,2026-03-25,1411.9,84.72,1496.62,Issued,SampleGen
INV-8f00c474-9257-4857-9802-fdd85bd7ad21,ID204221,CID-238,8f00c474-9257-4857-9802-fdd85bd7ad21,2026-03-08,2026-04-07,387.92,23.28,411.2,Issued,SampleGen
INV-5bcdd12a-f49b-482e-9cd8-700393ca2e57,ID204222,CID-238,5bcdd12a-f49b-482e-9cd8-700393ca2e57,2026-04-20,2026-05-20,357.86,21.48,379.34,Issued,SampleGen
INV-bf0555fe-1469-4552-af26-b8d2315fadf8,ID204223,CID-239,bf0555fe-1469-4552-af26-b8d2315fadf8,2025-01-12,2025-02-11,1357.72,81.48,1439.2,Issued,SampleGen
INV-bd264b12-ad18-4d53-b649-2e8912d153e5,ID204224,CID-239,bd264b12-ad18-4d53-b649-2e8912d153e5,2025-02-18,2025-03-20,1083.78,65.04,1148.82,Issued,SampleGen
INV-205b2455-bac5-4fe8-bc5d-ea91f9213ed3,ID204225,CID-239,205b2455-bac5-4fe8-bc5d-ea91f9213ed3,2025-03-12,2025-04-11,2033.86,122.04,2155.9,Issued,SampleGen
INV-1feb66f2-6888-423f-a1fb-2e147add5573,ID204226,CID-239,1feb66f2-6888-423f-a1fb-2e147add5573,2025-03-22,2025-04-21,1907.7,114.48,2022.18,Issued,SampleGen
INV-d3aaff75-7cff-48ff-9245-3a762eb38cbf,ID204227,CID-239,d3aaff75-7cff-48ff-9245-3a762eb38cbf,2025-04-02,2025-05-02,2213.74,132.84,2346.58,Issued,SampleGen
INV-6cbb1c85-ee53-4657-9560-b7601f36b4b2,ID204228,CID-239,6cbb1c85-ee53-4657-9560-b7601f36b4b2,2025-04-25,2025-05-25,4547.86,272.88,4820.74,Issued,SampleGen
INV-f12ffc94-f501-442d-967c-4055a3321515,ID204229,CID-239,f12ffc94-f501-442d-967c-4055a3321515,2025-05-12,2025-06-11,4947.76,296.88,5244.64,Issued,SampleGen
INV-5f5db237-ed82-4fa7-ab72-fddb2f6e6dad,ID204230,CID-239,5f5db237-ed82-4fa7-ab72-fddb2f6e6dad,2025-05-12,2025-06-11,665.86,39.96,705.82,Issued,SampleGen
INV-1cef6ad2-d538-4269-bfbe-1b0d0c1bb751,ID204231,CID-239,1cef6ad2-d538-4269-bfbe-1b0d0c1bb751,2025-06-20,2025-07-20,1327.8,79.68,1407.48,Issued,SampleGen
INV-9df802d5-d4f9-4ae7-9cd4-3fb5e33387bb,ID204232,CID-239,9df802d5-d4f9-4ae7-9cd4-3fb5e33387bb,2025-06-30,2025-07-30,1389.84,83.4,1473.24,Issued,SampleGen
INV-e7e56d2b-ba38-4e94-9304-6cab26f618ce,ID204233,CID-239,e7e56d2b-ba38-4e94-9304-6cab26f618ce,2025-07-10,2025-08-09,4153.76,249.24,4403.0,Issued,SampleGen
INV-83cdd0e5-39df-4d1b-8eb0-859896199863,ID204234,CID-239,83cdd0e5-39df-4d1b-8eb0-859896199863,2025-07-05,2025-08-04,3887.76,233.28,4121.04,Issued,SampleGen
INV-69779d39-8bec-4935-9721-4cd610012ec7,ID204235,CID-239,69779d39-8bec-4935-9721-4cd610012ec7,2025-08-22,2025-09-21,579.84,34.8,614.64,Issued,SampleGen
INV-16971b90-5b06-475c-b3dc-b728ace457db,ID204236,CID-239,16971b90-5b06-475c-b3dc-b728ace457db,2025-08-27,2025-09-26,6909.74,414.6,7324.34,Issued,SampleGen
INV-e226163d-7577-4c3a-bf87-4c86b8221924,ID204237,CID-239,e226163d-7577-4c3a-bf87-4c86b8221924,2025-09-13,2025-10-13,4703.76,282.24,4986.0,Issued,SampleGen
INV-cc533af1-10e8-445e-834f-e708d944e03b,ID204238,CID-239,cc533af1-10e8-445e-834f-e708d944e03b,2025-09-23,2025-10-23,2351.76,141.12,2492.88,Issued,SampleGen
INV-18e8257c-3436-4640-a872-7881ee4e4523,ID204239,CID-239,18e8257c-3436-4640-a872-7881ee4e4523,2025-10-11,2025-11-10,3695.88,221.76,3917.64,Issued,SampleGen
INV-a9111414-4d68-4906-95e8-21306cf0925f,ID204240,CID-239,a9111414-4d68-4906-95e8-21306cf0925f,2025-10-06,2025-11-05,2339.88,140.4,2480.28,Issued,SampleGen
INV-57abc3a9-9229-4906-8724-1f7250f31944,ID204241,CID-239,57abc3a9-9229-4906-8724-1f7250f31944,2025-10-20,2025-11-19,2007.74,120.48,2128.22,Issued,SampleGen
INV-9fc49e6e-c313-45ad-a1a7-553d0d1f63cd,ID204242,CID-239,9fc49e6e-c313-45ad-a1a7-553d0d1f63cd,2025-11-03,2025-12-03,1679.88,100.8,1780.68,Issued,SampleGen
INV-ec1eed63-e320-461a-b61e-8cd1b15f9d89,ID204243,CID-239,ec1eed63-e320-461a-b61e-8cd1b15f9d89,2025-11-14,2025-12-14,3137.78,188.28,3326.06,Issued,SampleGen
INV-151edf18-989d-4da3-a0c7-641c4e9a83d3,ID204244,CID-239,151edf18-989d-4da3-a0c7-641c4e9a83d3,2025-11-22,2025-12-22,1139.78,68.4,1208.18,Issued,SampleGen
INV-1eb8d824-1d7d-403c-819a-8307dcb6ff21,ID204245,CID-239,1eb8d824-1d7d-403c-819a-8307dcb6ff21,2025-12-18,2026-01-17,1865.76,111.96,1977.72,Issued,SampleGen
INV-acbbc147-5444-4b50-ab35-e6dc248fe583,ID204246,CID-239,acbbc147-5444-4b50-ab35-e6dc248fe583,2025-12-16,2026-01-15,1781.9,106.92,1888.82,Issued,SampleGen
INV-2834b19e-6dbf-4531-b054-814df7b18d92,ID204247,CID-239,2834b19e-6dbf-4531-b054-814df7b18d92,2025-12-26,2026-01-25,2903.9,174.24,3078.14,Issued,SampleGen
INV-fcf05ef0-d8ef-4cc4-ab34-bd56232bfe82,ID204248,CID-239,fcf05ef0-d8ef-4cc4-ab34-bd56232bfe82,2026-01-24,2026-02-23,745.84,44.76,790.6,Issued,SampleGen
INV-e97706e9-2aae-49ad-adc1-d14f9ff901c0,ID204249,CID-239,e97706e9-2aae-49ad-adc1-d14f9ff901c0,2026-01-15,2026-02-14,2159.78,129.6,2289.38,Issued,SampleGen
INV-0d954dbf-6e75-4399-b4d3-da25aa29b75b,ID204250,CID-239,0d954dbf-6e75-4399-b4d3-da25aa29b75b,2026-01-13,2026-02-12,1279.9,76.8,1356.7,Issued,SampleGen
INV-13df53ed-e46b-4208-8353-1a7b26ba9be0,ID204251,CID-239,13df53ed-e46b-4208-8353-1a7b26ba9be0,2026-02-09,2026-03-11,1437.78,86.28,1524.06,Issued,SampleGen
INV-52c5ec87-0bb5-4b02-b295-3451681eae70,ID204252,CID-239,52c5ec87-0bb5-4b02-b295-3451681eae70,2026-02-27,2026-03-29,2079.72,124.8,2204.52,Issued,SampleGen
INV-11b1c1d7-50f7-4f39-9334-1f6e84e107a3,ID204253,CID-239,11b1c1d7-50f7-4f39-9334-1f6e84e107a3,2026-02-26,2026-03-28,4167.88,250.08,4417.96,Issued,SampleGen
INV-ecba0a85-0d07-40fe-abae-e8ca81e8782b,ID204254,CID-239,ecba0a85-0d07-40fe-abae-e8ca81e8782b,2026-02-24,2026-03-26,1891.82,113.52,2005.34,Issued,SampleGen
INV-e3a39516-cbe0-4290-8a73-550c4dc21933,ID204255,CID-239,e3a39516-cbe0-4290-8a73-550c4dc21933,2026-03-27,2026-04-26,1035.88,62.16,1098.04,Issued,SampleGen
INV-76f023f3-dee7-4ac5-a4a8-d8c348e3329d,ID204256,CID-239,76f023f3-dee7-4ac5-a4a8-d8c348e3329d,2026-03-20,2026-04-19,2699.82,162.0,2861.82,Issued,SampleGen
INV-7235905c-a93f-4c7a-a3a7-37fe79f5ff08,ID204257,CID-239,7235905c-a93f-4c7a-a3a7-37fe79f5ff08,2026-03-16,2026-04-15,2059.8,123.6,2183.4,Issued,SampleGen
INV-7a8fa9de-7c35-42fc-a2b5-a82727b11fc2,ID204258,CID-239,7a8fa9de-7c35-42fc-a2b5-a82727b11fc2,2026-03-09,2026-04-08,6137.8,368.28,6506.08,Issued,SampleGen
INV-bfd256e3-3f38-4070-8211-3e7d1711d950,ID204259,CID-239,bfd256e3-3f38-4070-8211-3e7d1711d950,2026-04-16,2026-05-16,1757.82,105.48,1863.3,Issued,SampleGen
INV-ec30a3df-9a4e-409d-89bc-3b458ae7149d,ID204260,CID-239,ec30a3df-9a4e-409d-89bc-3b458ae7149d,2026-04-14,2026-05-14,2023.8,121.44,2145.24,Issued,SampleGen
INV-5c76cb82-d30d-45e9-8c63-fa2d3f662cb4,ID204261,CID-239,5c76cb82-d30d-45e9-8c63-fa2d3f662cb4,2026-04-27,2026-05-27,3855.84,231.36,4087.2,Issued,SampleGen
INV-0c8f73d9-c1e7-4de3-88ba-108292937b53,ID204262,CID-239,0c8f73d9-c1e7-4de3-88ba-108292937b53,2026-04-10,2026-05-10,473.86,28.44,502.3,Issued,SampleGen
INV-e5eaf1ba-6f91-415f-bda3-9bc38f793ca5,ID204263,CID-240,e5eaf1ba-6f91-415f-bda3-9bc38f793ca5,2025-01-04,2025-02-03,2131.82,127.92,2259.74,Issued,SampleGen
INV-fdfa46e0-0b1c-4e31-b7f8-428cccea4c6e,ID204264,CID-240,fdfa46e0-0b1c-4e31-b7f8-428cccea4c6e,2025-02-17,2025-03-19,4559.7,273.6,4833.3,Issued,SampleGen
INV-2c83b747-fc7f-4af7-bd3e-ceef4a74f186,ID204265,CID-240,2c83b747-fc7f-4af7-bd3e-ceef4a74f186,2025-04-13,2025-05-13,2335.74,140.16,2475.9,Issued,SampleGen
INV-cd3424eb-07d3-46a0-a689-364dfd3d8cea,ID204266,CID-240,cd3424eb-07d3-46a0-a689-364dfd3d8cea,2025-05-13,2025-06-12,679.86,40.8,720.66,Issued,SampleGen
INV-32a2772a-d3f0-4832-8694-29831c5ab58e,ID204267,CID-240,32a2772a-d3f0-4832-8694-29831c5ab58e,2025-07-11,2025-08-10,2055.8,123.36,2179.16,Issued,SampleGen
INV-ffb60ad8-2ae7-4099-aab1-0d4567944767,ID204268,CID-240,ffb60ad8-2ae7-4099-aab1-0d4567944767,2025-08-20,2025-09-19,743.84,44.64,788.48,Issued,SampleGen
INV-91c3f965-4edf-46a4-bc88-8b3d9ef99ed5,ID204269,CID-240,91c3f965-4edf-46a4-bc88-8b3d9ef99ed5,2025-09-19,2025-10-19,863.88,51.84,915.72,Issued,SampleGen
INV-5cf33b6a-e440-4f6b-8691-795a4864bb54,ID204270,CID-240,5cf33b6a-e440-4f6b-8691-795a4864bb54,2025-10-25,2025-11-24,1631.76,97.92,1729.68,Issued,SampleGen
INV-34eee182-fd2e-4188-b330-43f91dc1ac20,ID204271,CID-240,34eee182-fd2e-4188-b330-43f91dc1ac20,2025-11-24,2025-12-24,745.84,44.76,790.6,Issued,SampleGen
INV-e978fe8e-a8e0-4ef0-b5b9-c6c014df61c8,ID204272,CID-240,e978fe8e-a8e0-4ef0-b5b9-c6c014df61c8,2025-12-28,2026-01-27,3239.76,194.4,3434.16,Issued,SampleGen
INV-5c9fe5dd-0957-4bc4-b20c-8c79f5cf1a9c,ID204273,CID-240,5c9fe5dd-0957-4bc4-b20c-8c79f5cf1a9c,2026-01-31,2026-03-02,685.8,41.16,726.96,Issued,SampleGen
INV-76f79aa9-7ffd-476c-b28c-eee4e0102f96,ID204274,CID-240,76f79aa9-7ffd-476c-b28c-eee4e0102f96,2026-03-01,2026-03-31,1255.9,75.36,1331.26,Issued,SampleGen
INV-e6a897c7-f5fb-4785-9d99-b536a633d070,ID204275,CID-240,e6a897c7-f5fb-4785-9d99-b536a633d070,2026-03-22,2026-04-21,3099.74,186.0,3285.74,Issued,SampleGen
INV-e45976d4-2c95-49d4-87de-60a694b1dd71,ID204276,CID-240,e45976d4-2c95-49d4-87de-60a694b1dd71,2026-04-26,2026-05-26,695.8,41.76,737.56,Issued,SampleGen
INV-6a659f4e-c51c-4e92-a008-0947139aeb64,ID204277,CID-241,6a659f4e-c51c-4e92-a008-0947139aeb64,2025-04-19,2025-05-19,1295.78,77.76,1373.54,Issued,SampleGen
INV-cbe84b88-1fa3-402f-8ab6-9de0b8e30058,ID204278,CID-241,cbe84b88-1fa3-402f-8ab6-9de0b8e30058,2025-06-04,2025-07-04,1205.7,72.36,1278.06,Issued,SampleGen
INV-6ddd7e14-6f3f-4040-81f9-783c71c61c66,ID204279,CID-242,6ddd7e14-6f3f-4040-81f9-783c71c61c66,2025-04-24,2025-05-24,3367.72,202.08,3569.8,Issued,SampleGen
INV-c4ad805d-ac40-4afe-b5d4-b91a45f8c8e3,ID204280,CID-242,c4ad805d-ac40-4afe-b5d4-b91a45f8c8e3,2025-06-07,2025-07-07,543.84,32.64,576.48,Issued,SampleGen
INV-b01663a1-b306-4259-8759-b7b5e7d3ec88,ID204281,CID-242,b01663a1-b306-4259-8759-b7b5e7d3ec88,2025-10-15,2025-11-14,519.92,31.2,551.12,Issued,SampleGen
INV-85ddb702-d51a-4c13-b136-0b39bb9ff71d,ID204282,CID-242,85ddb702-d51a-4c13-b136-0b39bb9ff71d,2026-04-09,2026-05-09,687.84,41.28,729.12,Issued,SampleGen
INV-1ad1928a-29de-4ed6-bd19-b983422c3219,ID204283,CID-243,1ad1928a-29de-4ed6-bd19-b983422c3219,2025-01-27,2025-02-26,2659.76,159.6,2819.36,Issued,SampleGen
INV-851f9b34-a2bd-4869-afc1-3b36d05f0c83,ID204284,CID-243,851f9b34-a2bd-4869-afc1-3b36d05f0c83,2025-02-13,2025-03-15,1035.84,62.16,1098.0,Issued,SampleGen
INV-e2b4003f-052f-428e-87af-0e89e07bf4c3,ID204285,CID-243,e2b4003f-052f-428e-87af-0e89e07bf4c3,2025-03-30,2025-04-29,1119.92,67.2,1187.12,Issued,SampleGen
INV-cd0497bc-587b-44d3-867a-1373ead94529,ID204286,CID-243,cd0497bc-587b-44d3-867a-1373ead94529,2025-05-21,2025-06-20,819.86,49.2,869.06,Issued,SampleGen
INV-a1662ac6-4a62-44a7-ac10-c967d774c517,ID204287,CID-243,a1662ac6-4a62-44a7-ac10-c967d774c517,2025-07-25,2025-08-24,635.84,38.16,674.0,Issued,SampleGen
INV-762b61c2-0fe6-4608-a29c-50bef9b9b1d8,ID204288,CID-243,762b61c2-0fe6-4608-a29c-50bef9b9b1d8,2025-08-26,2025-09-25,851.88,51.12,903.0,Issued,SampleGen
INV-792d7f3c-773a-4cee-ab8a-eb2e830f611d,ID204289,CID-243,792d7f3c-773a-4cee-ab8a-eb2e830f611d,2025-09-27,2025-10-27,4627.82,277.68,4905.5,Issued,SampleGen
INV-c41a4da5-3fd9-46fa-b947-8fdf308c6f52,ID204290,CID-243,c41a4da5-3fd9-46fa-b947-8fdf308c6f52,2025-10-26,2025-11-25,4075.82,244.56,4320.38,Issued,SampleGen
INV-620cf019-e843-4af1-9ad5-d9102b426ae0,ID204291,CID-243,620cf019-e843-4af1-9ad5-d9102b426ae0,2025-12-12,2026-01-11,2641.76,158.52,2800.28,Issued,SampleGen
INV-7f3bfacf-02d1-4b17-a312-b4501f40054b,ID204292,CID-243,7f3bfacf-02d1-4b17-a312-b4501f40054b,2026-01-09,2026-02-08,1791.88,107.52,1899.4,Issued,SampleGen
INV-6033fa9f-cc8b-4022-9177-c1c984f1badd,ID204293,CID-243,6033fa9f-cc8b-4022-9177-c1c984f1badd,2026-02-05,2026-03-07,2233.8,134.04,2367.84,Issued,SampleGen
INV-57ba1f77-b879-4608-b1c3-38aa08e6e263,ID204294,CID-243,57ba1f77-b879-4608-b1c3-38aa08e6e263,2026-03-02,2026-04-01,4521.76,271.32,4793.08,Issued,SampleGen
INV-abe98e3c-2da1-40ce-8eed-06a0ddec0e15,ID204295,CID-243,abe98e3c-2da1-40ce-8eed-06a0ddec0e15,2026-04-24,2026-05-24,2051.76,123.12,2174.88,Issued,SampleGen
INV-5bddb3b2-663b-4176-b8a1-1dc95983f1cd,ID204296,CID-244,5bddb3b2-663b-4176-b8a1-1dc95983f1cd,2025-01-29,2025-02-28,1313.88,78.84,1392.72,Issued,SampleGen
INV-d4972e28-1dc2-4364-b27d-a864ad0d7666,ID204297,CID-244,d4972e28-1dc2-4364-b27d-a864ad0d7666,2025-02-12,2025-03-14,4219.74,253.2,4472.94,Issued,SampleGen
INV-162bc1c6-b920-48ce-a44a-9ae959a66bae,ID204298,CID-244,162bc1c6-b920-48ce-a44a-9ae959a66bae,2025-04-02,2025-05-02,3151.76,189.12,3340.88,Issued,SampleGen
INV-2a793ea5-523a-4239-9589-286b6186e734,ID204299,CID-244,2a793ea5-523a-4239-9589-286b6186e734,2025-05-05,2025-06-04,4371.74,262.32,4634.06,Issued,SampleGen
INV-45a3ef9b-9d0a-49bb-8b47-e59c085bc789,ID204300,CID-244,45a3ef9b-9d0a-49bb-8b47-e59c085bc789,2025-07-01,2025-07-31,963.8,57.84,1021.64,Issued,SampleGen
INV-30a60b78-0abd-40fa-9460-06902573c1ed,ID204301,CID-244,30a60b78-0abd-40fa-9460-06902573c1ed,2025-07-24,2025-08-23,915.78,54.96,970.74,Issued,SampleGen
INV-1bfee5c1-8aec-48f4-828a-a24c9edb2514,ID204302,CID-244,1bfee5c1-8aec-48f4-828a-a24c9edb2514,2025-08-12,2025-09-11,3223.88,193.44,3417.32,Issued,SampleGen
INV-f64546bc-dd12-405d-91f1-e90edbd4ff88,ID204303,CID-244,f64546bc-dd12-405d-91f1-e90edbd4ff88,2025-09-02,2025-10-02,1827.76,109.68,1937.44,Issued,SampleGen
INV-7a5ccfee-8c30-4b18-bcde-9ddfdc4133f9,ID204304,CID-244,7a5ccfee-8c30-4b18-bcde-9ddfdc4133f9,2025-10-14,2025-11-13,1067.74,64.08,1131.82,Issued,SampleGen
INV-51daf36e-a8e9-47ae-8d1d-c8b8c9f86377,ID204305,CID-244,51daf36e-a8e9-47ae-8d1d-c8b8c9f86377,2025-11-02,2025-12-02,991.88,59.52,1051.4,Issued,SampleGen
INV-4e580646-8cb9-4ed4-80c6-effc133f16da,ID204306,CID-244,4e580646-8cb9-4ed4-80c6-effc133f16da,2025-11-12,2025-12-12,2063.92,123.84,2187.76,Issued,SampleGen
INV-02f65361-2f39-4d7e-b17f-d33cf1dc7cb2,ID204307,CID-244,02f65361-2f39-4d7e-b17f-d33cf1dc7cb2,2025-12-29,2026-01-28,2113.74,126.84,2240.58,Issued,SampleGen
INV-f30d4e44-f152-447c-849f-ac95b0742cc7,ID204308,CID-244,f30d4e44-f152-447c-849f-ac95b0742cc7,2026-01-11,2026-02-10,1087.84,65.28,1153.12,Issued,SampleGen
INV-52075b89-d8c9-4b11-8e98-534dbfb23a55,ID204309,CID-244,52075b89-d8c9-4b11-8e98-534dbfb23a55,2026-01-03,2026-02-02,1539.78,92.4,1632.18,Issued,SampleGen
INV-2f67e654-30ec-4798-87e5-4400d98ad950,ID204310,CID-244,2f67e654-30ec-4798-87e5-4400d98ad950,2026-02-15,2026-03-17,8679.76,520.8,9200.56,Issued,SampleGen
INV-4c79ae2a-2cec-41d6-b657-0ae6a8178766,ID204311,CID-244,4c79ae2a-2cec-41d6-b657-0ae6a8178766,2026-03-23,2026-04-22,5835.78,350.16,6185.94,Issued,SampleGen
INV-be37ea0a-04d7-41a2-8f7e-9b2e4501ed84,ID204312,CID-244,be37ea0a-04d7-41a2-8f7e-9b2e4501ed84,2026-03-19,2026-04-18,1103.78,66.24,1170.02,Issued,SampleGen
INV-53b5b478-61d5-4565-be18-f909995e7089,ID204313,CID-244,53b5b478-61d5-4565-be18-f909995e7089,2026-04-25,2026-05-25,343.92,20.64,364.56,Issued,SampleGen
INV-497f7142-cf41-4ddb-bfff-9da3fc20a608,ID204314,CID-244,497f7142-cf41-4ddb-bfff-9da3fc20a608,2026-04-09,2026-05-09,2099.72,126.0,2225.72,Issued,SampleGen
INV-c321e133-f2e4-4458-bda8-1c8fc5e4e1b6,ID204315,CID-245,c321e133-f2e4-4458-bda8-1c8fc5e4e1b6,2025-02-11,2025-03-13,671.86,40.32,712.18,Issued,SampleGen
INV-da64b159-6790-4f8a-bf0d-8a2242c90384,ID204316,CID-245,da64b159-6790-4f8a-bf0d-8a2242c90384,2025-03-27,2025-04-26,3539.88,212.4,3752.28,Issued,SampleGen
INV-761b2cce-9700-4dc9-9027-47bff25a56b6,ID204317,CID-245,761b2cce-9700-4dc9-9027-47bff25a56b6,2025-04-22,2025-05-22,2903.76,174.24,3078.0,Issued,SampleGen
INV-2f5440b7-87f0-4384-8285-dc9ddeaf9e3c,ID204318,CID-245,2f5440b7-87f0-4384-8285-dc9ddeaf9e3c,2025-05-28,2025-06-27,1719.74,103.2,1822.94,Issued,SampleGen
INV-4a8194e4-f730-40d8-b8a8-3e64830ffb3c,ID204319,CID-245,4a8194e4-f730-40d8-b8a8-3e64830ffb3c,2025-06-24,2025-07-24,2175.74,130.56,2306.3,Issued,SampleGen
INV-b0360059-e530-41e7-94dc-74033d997da4,ID204320,CID-245,b0360059-e530-41e7-94dc-74033d997da4,2025-07-22,2025-08-21,701.82,42.12,743.94,Issued,SampleGen
INV-804cbdd5-9d06-4954-9169-c6c9cf860b7a,ID204321,CID-245,804cbdd5-9d06-4954-9169-c6c9cf860b7a,2025-07-20,2025-08-19,473.86,28.44,502.3,Issued,SampleGen
INV-ec5d95af-3b18-4472-83b6-091b5c17f070,ID204322,CID-245,ec5d95af-3b18-4472-83b6-091b5c17f070,2025-08-28,2025-09-27,889.8,53.4,943.2,Issued,SampleGen
INV-e478a7fa-90de-42e4-82f8-c12bc505e0fd,ID204323,CID-245,e478a7fa-90de-42e4-82f8-c12bc505e0fd,2025-09-04,2025-10-04,3063.76,183.84,3247.6,Issued,SampleGen
INV-a1123116-67ce-4160-a8cb-0afe191ddf9f,ID204324,CID-245,a1123116-67ce-4160-a8cb-0afe191ddf9f,2025-09-05,2025-10-05,5519.82,331.2,5851.02,Issued,SampleGen
INV-73504f67-4e91-4b85-910c-9e6edf720968,ID204325,CID-245,73504f67-4e91-4b85-910c-9e6edf720968,2025-10-13,2025-11-12,1793.74,107.64,1901.38,Issued,SampleGen
INV-ed1031ec-3ff8-4355-8f90-03abdb4573a5,ID204326,CID-245,ed1031ec-3ff8-4355-8f90-03abdb4573a5,2025-10-13,2025-11-12,3379.72,202.8,3582.52,Issued,SampleGen
INV-b26455fe-139e-4005-9c72-e39af9b6cc1f,ID204327,CID-245,b26455fe-139e-4005-9c72-e39af9b6cc1f,2025-11-22,2025-12-22,3251.78,195.12,3446.9,Issued,SampleGen
INV-27fd7a60-fe2e-4e85-87d5-89586ce45ae2,ID204328,CID-245,27fd7a60-fe2e-4e85-87d5-89586ce45ae2,2025-12-15,2026-01-14,5319.74,319.2,5638.94,Issued,SampleGen
INV-af6aa8ec-3f8b-43f2-992a-d567734a7c30,ID204329,CID-245,af6aa8ec-3f8b-43f2-992a-d567734a7c30,2025-12-13,2026-01-12,4525.74,271.56,4797.3,Issued,SampleGen
INV-e3804175-84e4-41c0-82f3-b24d0b912fda,ID204330,CID-245,e3804175-84e4-41c0-82f3-b24d0b912fda,2026-01-19,2026-02-18,1975.92,118.56,2094.48,Issued,SampleGen
INV-9e55e52a-e68d-4a30-8636-c10fd766caaa,ID204331,CID-245,9e55e52a-e68d-4a30-8636-c10fd766caaa,2026-01-04,2026-02-03,447.88,26.88,474.76,Issued,SampleGen
INV-fbcdb96e-2cbf-4ac6-bd90-0db0fd9655a5,ID204332,CID-245,fbcdb96e-2cbf-4ac6-bd90-0db0fd9655a5,2026-02-19,2026-03-21,1299.9,78.0,1377.9,Issued,SampleGen
INV-1204411e-d21a-4be5-8f54-3abde50d2117,ID204333,CID-245,1204411e-d21a-4be5-8f54-3abde50d2117,2026-02-21,2026-03-23,679.9,40.8,720.7,Issued,SampleGen
INV-ef6308a4-b26d-4d7c-a42f-b760dee7b5c7,ID204334,CID-245,ef6308a4-b26d-4d7c-a42f-b760dee7b5c7,2026-03-10,2026-04-09,2087.78,125.28,2213.06,Issued,SampleGen
INV-270a0ea3-61a4-4ef0-92d7-ea70e0968474,ID204335,CID-245,270a0ea3-61a4-4ef0-92d7-ea70e0968474,2026-03-25,2026-04-24,209.9,12.6,222.5,Issued,SampleGen
INV-cf374926-b465-40ba-831d-d39ec56496d8,ID204336,CID-245,cf374926-b465-40ba-831d-d39ec56496d8,2026-04-17,2026-05-17,4547.86,272.88,4820.74,Issued,SampleGen
INV-ee4265ac-441f-490c-94bb-f76d537dc8ef,ID204337,CID-245,ee4265ac-441f-490c-94bb-f76d537dc8ef,2026-04-22,2026-05-22,2443.7,146.64,2590.34,Issued,SampleGen
INV-42eb8f2e-16d6-4c39-89c1-078cde693607,ID204338,CID-246,42eb8f2e-16d6-4c39-89c1-078cde693607,2025-04-28,2025-05-28,3523.78,211.44,3735.22,Issued,SampleGen
INV-3bd01229-cab2-411f-b7a4-c1f1f03461f1,ID204339,CID-246,3bd01229-cab2-411f-b7a4-c1f1f03461f1,2025-06-24,2025-07-24,983.84,59.04,1042.88,Issued,SampleGen
INV-a9eef629-10f4-44ac-8cd8-a4b1f3b8f33c,ID204340,CID-246,a9eef629-10f4-44ac-8cd8-a4b1f3b8f33c,2025-07-26,2025-08-25,279.88,16.8,296.68,Issued,SampleGen
INV-3c148889-ee07-4f50-bad9-cfb9f3c89f8c,ID204341,CID-246,3c148889-ee07-4f50-bad9-cfb9f3c89f8c,2025-08-14,2025-09-13,1575.84,94.56,1670.4,Issued,SampleGen
INV-34f07867-374a-4141-8f0e-df8f8784bdea,ID204342,CID-246,34f07867-374a-4141-8f0e-df8f8784bdea,2025-12-25,2026-01-24,2179.88,130.8,2310.68,Issued,SampleGen
INV-ebbe1ea3-f9ad-4984-bb4b-f8c8d4cfa2a4,ID204343,CID-246,ebbe1ea3-f9ad-4984-bb4b-f8c8d4cfa2a4,2026-01-28,2026-02-27,1351.86,81.12,1432.98,Issued,SampleGen
INV-cb9d3e02-bd5e-415a-b7af-8a2ad96ccddc,ID204344,CID-246,cb9d3e02-bd5e-415a-b7af-8a2ad96ccddc,2026-02-17,2026-03-19,1399.86,84.0,1483.86,Issued,SampleGen
INV-0a65d36b-3cec-469b-9bf4-4ca147e1a683,ID204345,CID-246,0a65d36b-3cec-469b-9bf4-4ca147e1a683,2026-03-28,2026-04-27,671.9,40.32,712.22,Issued,SampleGen
INV-23bb287c-bf70-4cff-9635-93c8d99ef691,ID204346,CID-247,23bb287c-bf70-4cff-9635-93c8d99ef691,2025-01-05,2025-02-04,5351.72,321.12,5672.84,Issued,SampleGen
INV-64859088-7f31-4f13-9bf4-e8cfe241ed2e,ID204347,CID-247,64859088-7f31-4f13-9bf4-e8cfe241ed2e,2025-02-11,2025-03-13,2991.84,179.52,3171.36,Issued,SampleGen
INV-7edd2f64-e6d7-4291-bba3-c5b609d0d0ef,ID204348,CID-247,7edd2f64-e6d7-4291-bba3-c5b609d0d0ef,2025-03-30,2025-04-29,283.92,17.04,300.96,Issued,SampleGen
INV-58d3faba-68a6-47bf-be23-8ce2394d981f,ID204349,CID-247,58d3faba-68a6-47bf-be23-8ce2394d981f,2025-04-13,2025-05-13,4235.7,254.16,4489.86,Issued,SampleGen
INV-408038e4-bd28-4ae7-bc9a-059ac68ec773,ID204350,CID-247,408038e4-bd28-4ae7-bc9a-059ac68ec773,2025-05-23,2025-06-22,4975.76,298.56,5274.32,Issued,SampleGen
INV-98bb5e85-1952-4d53-afd1-2a959d3603ac,ID204351,CID-247,98bb5e85-1952-4d53-afd1-2a959d3603ac,2025-07-01,2025-07-31,1703.82,102.24,1806.06,Issued,SampleGen
INV-b0fac9ed-a13b-4851-9db1-29f389346f4a,ID204352,CID-247,b0fac9ed-a13b-4851-9db1-29f389346f4a,2025-07-28,2025-08-27,2091.8,125.52,2217.32,Issued,SampleGen
INV-f6a60431-d890-4be3-ab4f-52d197673e29,ID204353,CID-247,f6a60431-d890-4be3-ab4f-52d197673e29,2025-08-18,2025-09-17,565.86,33.96,599.82,Issued,SampleGen
INV-41d76923-f868-4486-868a-ec4c7a6cac6d,ID204354,CID-247,41d76923-f868-4486-868a-ec4c7a6cac6d,2025-10-01,2025-10-31,1599.88,96.0,1695.88,Issued,SampleGen
INV-b6b12372-0f84-4c2d-acbb-1fd1d8ea7694,ID204355,CID-247,b6b12372-0f84-4c2d-acbb-1fd1d8ea7694,2025-10-23,2025-11-22,1619.82,97.2,1717.02,Issued,SampleGen
INV-a26ffd74-1a15-4c2a-88cc-9c5d584100ac,ID204356,CID-247,a26ffd74-1a15-4c2a-88cc-9c5d584100ac,2025-10-27,2025-11-26,1959.8,117.6,2077.4,Issued,SampleGen
INV-b7becfde-e829-4b20-ad5e-8279fc7e6c86,ID204357,CID-247,b7becfde-e829-4b20-ad5e-8279fc7e6c86,2025-11-13,2025-12-13,1923.84,115.44,2039.28,Issued,SampleGen
INV-a0a3a91e-d1bb-40c0-ae77-0be686b0a7e5,ID204358,CID-247,a0a3a91e-d1bb-40c0-ae77-0be686b0a7e5,2025-12-29,2026-01-28,3315.9,198.96,3514.86,Issued,SampleGen
INV-e3145bd9-8647-48c7-85b4-de4aa3c7516e,ID204359,CID-247,e3145bd9-8647-48c7-85b4-de4aa3c7516e,2026-01-18,2026-02-17,1899.9,114.0,2013.9,Issued,SampleGen
INV-5ead8f25-d169-4b6b-96d1-8b01d45b66a3,ID204360,CID-247,5ead8f25-d169-4b6b-96d1-8b01d45b66a3,2026-02-22,2026-03-24,3305.72,198.36,3504.08,Issued,SampleGen
INV-a4df8e90-add0-49d4-bf8c-112239e22f90,ID204361,CID-247,a4df8e90-add0-49d4-bf8c-112239e22f90,2026-03-01,2026-03-31,2231.7,133.92,2365.62,Issued,SampleGen
INV-f75ce643-a624-4190-a995-949f7eaf9b8f,ID204362,CID-247,f75ce643-a624-4190-a995-949f7eaf9b8f,2026-03-25,2026-04-24,4975.78,298.56,5274.34,Issued,SampleGen
INV-a61e4613-a719-4eb5-9971-474279e455c3,ID204363,CID-247,a61e4613-a719-4eb5-9971-474279e455c3,2026-04-26,2026-05-26,6303.78,378.24,6682.02,Issued,SampleGen
INV-20b0f2c5-0d66-4d79-b461-eb46250dd58d,ID204364,CID-248,20b0f2c5-0d66-4d79-b461-eb46250dd58d,2025-07-20,2025-08-19,1141.74,68.52,1210.26,Issued,SampleGen
INV-e433d23a-ce8a-46a1-8dcd-fd5bccaed773,ID204365,CID-248,e433d23a-ce8a-46a1-8dcd-fd5bccaed773,2025-08-05,2025-09-04,1967.88,118.08,2085.96,Issued,SampleGen
INV-dd24b855-7b2e-4ea7-a401-611bacc5e63d,ID204366,CID-248,dd24b855-7b2e-4ea7-a401-611bacc5e63d,2025-10-20,2025-11-19,333.9,20.04,353.94,Issued,SampleGen
INV-14e0589e-4a3b-4a2d-aa14-799266e29490,ID204367,CID-248,14e0589e-4a3b-4a2d-aa14-799266e29490,2025-11-19,2025-12-19,1263.84,75.84,1339.68,Issued,SampleGen
INV-1d6ebb83-b104-47d9-9166-d82ff4db8f96,ID204368,CID-248,1d6ebb83-b104-47d9-9166-d82ff4db8f96,2026-02-03,2026-03-05,6677.74,400.68,7078.42,Issued,SampleGen
INV-7d923e03-e317-40ed-981c-6f9473227bb8,ID204369,CID-249,7d923e03-e317-40ed-981c-6f9473227bb8,2025-02-10,2025-03-12,7563.78,453.84,8017.62,Issued,SampleGen
INV-4184cc39-fa29-4f67-ae94-11bb4f8ba2c5,ID204370,CID-249,4184cc39-fa29-4f67-ae94-11bb4f8ba2c5,2025-06-23,2025-07-23,863.88,51.84,915.72,Issued,SampleGen
INV-0d14185f-54f7-46ba-bcb7-bc0289064238,ID204371,CID-249,0d14185f-54f7-46ba-bcb7-bc0289064238,2025-08-06,2025-09-05,679.9,40.8,720.7,Issued,SampleGen
INV-59139887-b897-4a3d-9be2-db901c681636,ID204372,CID-249,59139887-b897-4a3d-9be2-db901c681636,2025-09-20,2025-10-20,3383.76,203.04,3586.8,Issued,SampleGen
INV-cced45f6-af34-4c4c-be09-11fafc1d1b4d,ID204373,CID-249,cced45f6-af34-4c4c-be09-11fafc1d1b4d,2026-01-24,2026-02-23,1787.78,107.28,1895.06,Issued,SampleGen
INV-d6b41e65-f2a4-42d4-9567-75e134bb606b,ID204374,CID-249,d6b41e65-f2a4-42d4-9567-75e134bb606b,2026-03-04,2026-04-03,4547.86,272.88,4820.74,Issued,SampleGen
INV-4fab05a2-4959-4cbc-80cb-4db4729d07af,ID204375,CID-250,4fab05a2-4959-4cbc-80cb-4db4729d07af,2025-01-27,2025-02-26,3595.76,215.76,3811.52,Issued,SampleGen
INV-c009a667-625d-49fe-92bf-2d659a936755,ID204376,CID-250,c009a667-625d-49fe-92bf-2d659a936755,2025-02-17,2025-03-19,929.86,55.8,985.66,Issued,SampleGen
INV-14e7ff09-7534-459e-aa1c-77a536086321,ID204377,CID-250,14e7ff09-7534-459e-aa1c-77a536086321,2025-03-02,2025-04-01,3511.72,210.72,3722.44,Issued,SampleGen
INV-e652cf7b-2a25-48bf-9117-5664c92189c9,ID204378,CID-250,e652cf7b-2a25-48bf-9117-5664c92189c9,2025-04-18,2025-05-18,1221.8,73.32,1295.12,Issued,SampleGen
INV-16dbcbc8-16a3-46cd-9a6d-a412ced03a7b,ID204379,CID-250,16dbcbc8-16a3-46cd-9a6d-a412ced03a7b,2025-05-30,2025-06-29,547.84,32.88,580.72,Issued,SampleGen
INV-5d4a25ba-b8e2-45e9-997c-d0c99d0673b4,ID204380,CID-250,5d4a25ba-b8e2-45e9-997c-d0c99d0673b4,2025-06-15,2025-07-15,1311.8,78.72,1390.52,Issued,SampleGen
INV-a8013b73-574e-4487-b5b4-22516abdda5c,ID204381,CID-250,a8013b73-574e-4487-b5b4-22516abdda5c,2025-06-04,2025-07-04,4675.74,280.56,4956.3,Issued,SampleGen
INV-6797b17d-a148-4fa6-87c2-901e2645cc8a,ID204382,CID-250,6797b17d-a148-4fa6-87c2-901e2645cc8a,2025-07-25,2025-08-24,1597.8,95.88,1693.68,Issued,SampleGen
INV-04157111-f94a-446f-9e84-c13ca310d02c,ID204383,CID-250,04157111-f94a-446f-9e84-c13ca310d02c,2025-08-13,2025-09-12,1429.84,85.8,1515.64,Issued,SampleGen
INV-7a372a80-3f04-47bd-9ec3-2f2b8abd2e1a,ID204384,CID-250,7a372a80-3f04-47bd-9ec3-2f2b8abd2e1a,2025-08-26,2025-09-25,2659.78,159.6,2819.38,Issued,SampleGen
INV-bbbe97f5-0a97-4282-9f24-7b032eca0ff3,ID204385,CID-250,bbbe97f5-0a97-4282-9f24-7b032eca0ff3,2025-09-14,2025-10-14,951.84,57.12,1008.96,Issued,SampleGen
INV-e1180039-1113-4156-b501-3bc7d8632bd9,ID204386,CID-250,e1180039-1113-4156-b501-3bc7d8632bd9,2025-09-06,2025-10-06,1759.76,105.6,1865.36,Issued,SampleGen
INV-4a463aa4-a399-4223-968f-d4ce65523d72,ID204387,CID-250,4a463aa4-a399-4223-968f-d4ce65523d72,2025-10-05,2025-11-04,3697.82,221.88,3919.7,Issued,SampleGen
INV-a835a293-1c0f-479f-a4da-757b3e51ff82,ID204388,CID-250,a835a293-1c0f-479f-a4da-757b3e51ff82,2025-10-26,2025-11-25,945.78,56.76,1002.54,Issued,SampleGen
INV-f97f46a2-536f-4705-98bb-9063754076a5,ID204389,CID-250,f97f46a2-536f-4705-98bb-9063754076a5,2025-11-18,2025-12-18,2445.82,146.76,2592.58,Issued,SampleGen
INV-645397d3-f3e9-4a97-aaa0-e3f4dcfb2272,ID204390,CID-250,645397d3-f3e9-4a97-aaa0-e3f4dcfb2272,2025-11-27,2025-12-27,203.88,12.24,216.12,Issued,SampleGen
INV-1a6f3504-53a3-4c05-a2cb-90607039db95,ID204391,CID-250,1a6f3504-53a3-4c05-a2cb-90607039db95,2025-11-05,2025-12-05,487.86,29.28,517.14,Issued,SampleGen
INV-30f6572f-fc66-4843-b86a-1c3c79cf3a39,ID204392,CID-250,30f6572f-fc66-4843-b86a-1c3c79cf3a39,2025-12-31,2026-01-30,2399.8,144.0,2543.8,Issued,SampleGen
INV-6fa10f7c-8dfa-4d76-ad1c-ae17498d5806,ID204393,CID-250,6fa10f7c-8dfa-4d76-ad1c-ae17498d5806,2025-12-14,2026-01-13,5295.7,317.76,5613.46,Issued,SampleGen
INV-c7e72968-36f7-4046-af01-730024578f41,ID204394,CID-250,c7e72968-36f7-4046-af01-730024578f41,2025-12-26,2026-01-25,1311.84,78.72,1390.56,Issued,SampleGen
INV-a0721e52-360e-4c54-845a-d0dae8204b26,ID204395,CID-250,a0721e52-360e-4c54-845a-d0dae8204b26,2026-01-24,2026-02-23,1617.8,97.08,1714.88,Issued,SampleGen
INV-e0b293e0-3fd1-4f58-a8c2-5134b811ba0c,ID204396,CID-250,e0b293e0-3fd1-4f58-a8c2-5134b811ba0c,2026-01-04,2026-02-03,1127.88,67.68,1195.56,Issued,SampleGen
INV-2d2f4002-a40f-49ff-8775-a1c76832d9ee,ID204397,CID-250,2d2f4002-a40f-49ff-8775-a1c76832d9ee,2026-02-14,2026-03-16,4363.74,261.84,4625.58,Issued,SampleGen
INV-cbb541d7-af1d-493c-8f1b-3f8f17492308,ID204398,CID-250,cbb541d7-af1d-493c-8f1b-3f8f17492308,2026-02-21,2026-03-23,1155.84,69.36,1225.2,Issued,SampleGen
INV-94966bcf-3508-4771-968f-4a8f84f40c4e,ID204399,CID-250,94966bcf-3508-4771-968f-4a8f84f40c4e,2026-03-27,2026-04-26,6841.74,410.52,7252.26,Issued,SampleGen
INV-cd53f926-c487-445e-8d4d-b142cfd2bff7,ID204400,CID-250,cd53f926-c487-445e-8d4d-b142cfd2bff7,2026-03-08,2026-04-07,1455.82,87.36,1543.18,Issued,SampleGen
INV-0b427fde-6da3-44a2-87c0-36bc7e0a6986,ID204401,CID-250,0b427fde-6da3-44a2-87c0-36bc7e0a6986,2026-04-16,2026-05-16,1821.78,109.32,1931.1,Issued,SampleGen
INV-25cfd9fa-f615-4c04-8560-e281604e0e35,ID204402,CID-250,25cfd9fa-f615-4c04-8560-e281604e0e35,2026-04-26,2026-05-26,211.88,12.72,224.6,Issued,SampleGen
INV-a78137c6-9b76-4fd2-ab4e-875727c7daf4,ID204403,CID-251,a78137c6-9b76-4fd2-ab4e-875727c7daf4,2025-03-15,2025-04-14,1709.76,102.6,1812.36,Issued,SampleGen
INV-0c82ea73-e208-4269-b88c-38280063d512,ID204404,CID-251,0c82ea73-e208-4269-b88c-38280063d512,2025-05-04,2025-06-03,689.88,41.4,731.28,Issued,SampleGen
INV-57e186fd-536b-40be-a6b9-eedf9ee4becc,ID204405,CID-251,57e186fd-536b-40be-a6b9-eedf9ee4becc,2025-06-19,2025-07-19,881.82,52.92,934.74,Issued,SampleGen
INV-33129f20-5f0c-4404-b06a-9d34878ce42c,ID204406,CID-251,33129f20-5f0c-4404-b06a-9d34878ce42c,2025-07-26,2025-08-25,1899.9,114.0,2013.9,Issued,SampleGen
INV-01f7b0f6-f3fa-4958-83e6-f10c5424a2a5,ID204407,CID-251,01f7b0f6-f3fa-4958-83e6-f10c5424a2a5,2025-08-22,2025-09-21,689.8,41.4,731.2,Issued,SampleGen
INV-94f0f145-da87-41f2-a555-f034177fbdc5,ID204408,CID-251,94f0f145-da87-41f2-a555-f034177fbdc5,2025-09-24,2025-10-24,1155.84,69.36,1225.2,Issued,SampleGen
INV-3eedb260-edbe-42bd-93ab-61eac4c65fac,ID204409,CID-251,3eedb260-edbe-42bd-93ab-61eac4c65fac,2025-10-10,2025-11-09,3279.7,196.8,3476.5,Issued,SampleGen
INV-42925845-8883-4945-8667-e4ad730b4932,ID204410,CID-251,42925845-8883-4945-8667-e4ad730b4932,2025-10-19,2025-11-18,3805.74,228.36,4034.1,Issued,SampleGen
INV-1fa89363-68ba-499b-8c47-7a5bfe04b7d4,ID204411,CID-251,1fa89363-68ba-499b-8c47-7a5bfe04b7d4,2025-11-24,2025-12-24,493.86,29.64,523.5,Issued,SampleGen
INV-b29c64f4-1a47-48a3-8699-1bfa8e3f0440,ID204412,CID-251,b29c64f4-1a47-48a3-8699-1bfa8e3f0440,2025-11-02,2025-12-02,2663.82,159.84,2823.66,Issued,SampleGen
INV-2a9bcf11-06f0-4538-937f-264d0163ea79,ID204413,CID-251,2a9bcf11-06f0-4538-937f-264d0163ea79,2025-12-19,2026-01-18,3149.76,189.0,3338.76,Issued,SampleGen
INV-3c2dd6bf-52f5-4c7b-a839-287bda53d2a7,ID204414,CID-251,3c2dd6bf-52f5-4c7b-a839-287bda53d2a7,2026-01-14,2026-02-13,3095.88,185.76,3281.64,Issued,SampleGen
INV-6b880018-9008-4a65-bcf4-6c623fb48e0b,ID204415,CID-251,6b880018-9008-4a65-bcf4-6c623fb48e0b,2026-02-05,2026-03-07,2515.8,150.96,2666.76,Issued,SampleGen
INV-88bc3a68-a2eb-4182-adfc-0924ce767aba,ID204416,CID-251,88bc3a68-a2eb-4182-adfc-0924ce767aba,2026-02-15,2026-03-17,459.9,27.6,487.5,Issued,SampleGen
INV-d9ffcd6d-1973-4d74-9b86-e0063e8a41b6,ID204417,CID-251,d9ffcd6d-1973-4d74-9b86-e0063e8a41b6,2026-03-23,2026-04-22,3723.72,223.44,3947.16,Issued,SampleGen
INV-93d397fb-a0e7-4556-9d40-280fa2e3a929,ID204418,CID-251,93d397fb-a0e7-4556-9d40-280fa2e3a929,2026-03-20,2026-04-19,1219.84,73.2,1293.04,Issued,SampleGen
INV-c76946d2-e96e-482c-9d0a-f00597e32a0f,ID204419,CID-251,c76946d2-e96e-482c-9d0a-f00597e32a0f,2026-04-05,2026-05-05,2063.84,123.84,2187.68,Issued,SampleGen
INV-0b31b20e-7a78-49ee-9edf-f78d947cb323,ID204420,CID-251,0b31b20e-7a78-49ee-9edf-f78d947cb323,2026-04-22,2026-05-22,3883.84,233.04,4116.88,Issued,SampleGen
INV-4c7d76bb-9745-4467-9f58-9961ede39ee3,ID204421,CID-252,4c7d76bb-9745-4467-9f58-9961ede39ee3,2025-03-24,2025-04-23,767.86,46.08,813.94,Issued,SampleGen
INV-8d6c1c0c-775e-4e7e-86eb-4229792859d7,ID204422,CID-252,8d6c1c0c-775e-4e7e-86eb-4229792859d7,2025-05-23,2025-06-22,559.84,33.6,593.44,Issued,SampleGen
INV-c9928dae-b484-4329-8bb8-e5ea7be2a29e,ID204423,CID-252,c9928dae-b484-4329-8bb8-e5ea7be2a29e,2025-12-30,2026-01-29,803.86,48.24,852.1,Issued,SampleGen
INV-7fe6f32b-48af-4898-8c37-c52f84e7177a,ID204424,CID-252,7fe6f32b-48af-4898-8c37-c52f84e7177a,2026-01-28,2026-02-27,2991.74,179.52,3171.26,Issued,SampleGen
INV-d4c959fc-c6d1-4b14-96fd-c2b4bfe27302,ID204425,CID-252,d4c959fc-c6d1-4b14-96fd-c2b4bfe27302,2026-04-01,2026-05-01,859.84,51.6,911.44,Issued,SampleGen
INV-30fd0178-77a7-4fa9-b3c9-73819e96aee8,ID204426,CID-253,30fd0178-77a7-4fa9-b3c9-73819e96aee8,2025-03-21,2025-04-20,551.88,33.12,585.0,Issued,SampleGen
INV-3e6f76e6-481b-42df-bc57-9491887cd4f8,ID204427,CID-253,3e6f76e6-481b-42df-bc57-9491887cd4f8,2025-04-10,2025-05-10,543.92,32.64,576.56,Issued,SampleGen
INV-9f1e3ef1-39f4-41a9-9fba-cfdd4f384922,ID204428,CID-253,9f1e3ef1-39f4-41a9-9fba-cfdd4f384922,2025-05-08,2025-06-07,1679.88,100.8,1780.68,Issued,SampleGen
INV-bd100e2a-5813-49a5-8946-d065b4a0bef5,ID204429,CID-253,bd100e2a-5813-49a5-8946-d065b4a0bef5,2025-06-26,2025-07-26,2937.76,176.28,3114.04,Issued,SampleGen
INV-a8050813-d62c-4f1a-a643-195da019d1aa,ID204430,CID-253,a8050813-d62c-4f1a-a643-195da019d1aa,2025-07-22,2025-08-21,2611.74,156.72,2768.46,Issued,SampleGen
INV-55542e77-e2b3-48db-a6aa-42679a579fa9,ID204431,CID-253,55542e77-e2b3-48db-a6aa-42679a579fa9,2025-08-05,2025-09-04,1095.8,65.76,1161.56,Issued,SampleGen
INV-0dabe0e1-22f0-4aaa-99fe-38f989eeaae8,ID204432,CID-253,0dabe0e1-22f0-4aaa-99fe-38f989eeaae8,2025-09-08,2025-10-08,639.88,38.4,678.28,Issued,SampleGen
INV-7eeee886-51eb-437e-9d4d-7c1db5aa1dc3,ID204433,CID-253,7eeee886-51eb-437e-9d4d-7c1db5aa1dc3,2025-09-22,2025-10-22,1739.88,104.4,1844.28,Issued,SampleGen
INV-84068649-4911-4308-9a37-7a6cf5e8c916,ID204434,CID-253,84068649-4911-4308-9a37-7a6cf5e8c916,2025-10-18,2025-11-17,2499.7,150.0,2649.7,Issued,SampleGen
INV-049cb342-2cf1-4f6d-95b6-c28b9c7b5bea,ID204435,CID-253,049cb342-2cf1-4f6d-95b6-c28b9c7b5bea,2025-11-25,2025-12-25,1033.82,62.04,1095.86,Issued,SampleGen
INV-23f376e7-6f87-499a-8025-b9b6fcab5dde,ID204436,CID-253,23f376e7-6f87-499a-8025-b9b6fcab5dde,2025-11-03,2025-12-03,503.84,30.24,534.08,Issued,SampleGen
INV-7c938c22-69d5-4858-9ee6-0f03b85e65f7,ID204437,CID-253,7c938c22-69d5-4858-9ee6-0f03b85e65f7,2025-12-26,2026-01-25,447.88,26.88,474.76,Issued,SampleGen
INV-6a8c3137-d245-4009-8cf7-ff54adf5cd97,ID204438,CID-253,6a8c3137-d245-4009-8cf7-ff54adf5cd97,2025-12-20,2026-01-19,5307.72,318.48,5626.2,Issued,SampleGen
INV-81860260-1178-4520-a70b-c6f6956b83e5,ID204439,CID-253,81860260-1178-4520-a70b-c6f6956b83e5,2026-01-25,2026-02-24,5481.76,328.92,5810.68,Issued,SampleGen
INV-b9d19525-200e-475f-b206-8b7bf20b12d3,ID204440,CID-253,b9d19525-200e-475f-b206-8b7bf20b12d3,2026-02-19,2026-03-21,1387.76,83.28,1471.04,Issued,SampleGen
INV-1b35c5ba-4ae8-4c9b-9622-5c1c732065dd,ID204441,CID-253,1b35c5ba-4ae8-4c9b-9622-5c1c732065dd,2026-02-07,2026-03-09,475.92,28.56,504.48,Issued,SampleGen
INV-1094d17c-2a6d-4925-82a5-d16e26b5cbf7,ID204442,CID-253,1094d17c-2a6d-4925-82a5-d16e26b5cbf7,2026-03-28,2026-04-27,2703.72,162.24,2865.96,Issued,SampleGen
INV-bead315b-289b-4072-bac2-f7e81dfbba54,ID204443,CID-253,bead315b-289b-4072-bac2-f7e81dfbba54,2026-03-26,2026-04-25,2115.8,126.96,2242.76,Issued,SampleGen
INV-d3f50996-d9d0-4ba8-a84a-79edbf4c055a,ID204444,CID-253,d3f50996-d9d0-4ba8-a84a-79edbf4c055a,2026-04-18,2026-05-18,1651.78,99.12,1750.9,Issued,SampleGen
INV-c4767a9c-703c-4d88-b646-543d040966b5,ID204445,CID-253,c4767a9c-703c-4d88-b646-543d040966b5,2026-04-06,2026-05-06,503.88,30.24,534.12,Issued,SampleGen
INV-0006d836-7ddb-4840-85e5-f07ed889396e,ID204446,CID-254,0006d836-7ddb-4840-85e5-f07ed889396e,2025-01-23,2025-02-22,1167.9,70.08,1237.98,Issued,SampleGen
INV-7ba01962-fe89-4f8a-afbe-d0c9de26c265,ID204447,CID-254,7ba01962-fe89-4f8a-afbe-d0c9de26c265,2025-02-08,2025-03-10,1819.92,109.2,1929.12,Issued,SampleGen
INV-adcc8127-a295-4600-916f-9c6f61b35130,ID204448,CID-254,adcc8127-a295-4600-916f-9c6f61b35130,2025-04-16,2025-05-16,1067.78,64.08,1131.86,Issued,SampleGen
INV-0423513b-3dde-487e-8b9c-752d8e9d0ed8,ID204449,CID-254,0423513b-3dde-487e-8b9c-752d8e9d0ed8,2025-05-20,2025-06-19,1391.82,83.52,1475.34,Issued,SampleGen
INV-0fadd8fb-7c15-4701-8cc9-ece83df36ee9,ID204450,CID-254,0fadd8fb-7c15-4701-8cc9-ece83df36ee9,2025-06-23,2025-07-23,1575.78,94.56,1670.34,Issued,SampleGen
INV-b2cf63f6-a041-4988-9e1c-617fbdd64182,ID204451,CID-254,b2cf63f6-a041-4988-9e1c-617fbdd64182,2025-07-06,2025-08-05,1135.86,68.16,1204.02,Issued,SampleGen
INV-93d4f059-d827-479d-a2b7-e9f2f3440d0b,ID204452,CID-254,93d4f059-d827-479d-a2b7-e9f2f3440d0b,2025-08-28,2025-09-27,463.84,27.84,491.68,Issued,SampleGen
INV-e0a912f8-b751-4f6b-99cd-15e5544a6834,ID204453,CID-254,e0a912f8-b751-4f6b-99cd-15e5544a6834,2025-09-02,2025-10-02,2787.86,167.28,2955.14,Issued,SampleGen
INV-f4e2380d-1a80-4c98-b1ad-14da264177a3,ID204454,CID-254,f4e2380d-1a80-4c98-b1ad-14da264177a3,2025-10-03,2025-11-02,415.88,24.96,440.84,Issued,SampleGen
INV-8d9f6061-613a-4fa9-922f-cf71dfe839ba,ID204455,CID-254,8d9f6061-613a-4fa9-922f-cf71dfe839ba,2025-11-17,2025-12-17,533.9,32.04,565.94,Issued,SampleGen
INV-fc9db20c-7964-4ae1-a5f9-1d7eb054021b,ID204456,CID-254,fc9db20c-7964-4ae1-a5f9-1d7eb054021b,2025-11-20,2025-12-20,789.8,47.4,837.2,Issued,SampleGen
INV-e4dd285f-7f53-4260-b4c4-75c62871bfd8,ID204457,CID-254,e4dd285f-7f53-4260-b4c4-75c62871bfd8,2025-12-14,2026-01-13,3631.82,217.92,3849.74,Issued,SampleGen
INV-021a81ea-6ba7-487b-a0cc-e651b0504b75,ID204458,CID-254,021a81ea-6ba7-487b-a0cc-e651b0504b75,2026-01-05,2026-02-04,927.78,55.68,983.46,Issued,SampleGen
INV-62783e16-68da-4718-9079-819455cb2c27,ID204459,CID-254,62783e16-68da-4718-9079-819455cb2c27,2026-01-16,2026-02-15,391.84,23.52,415.36,Issued,SampleGen
INV-45c3031c-0d22-4bd6-b9b1-c80cc4552ea4,ID204460,CID-254,45c3031c-0d22-4bd6-b9b1-c80cc4552ea4,2026-02-25,2026-03-27,551.84,33.12,584.96,Issued,SampleGen
INV-4c8fa2cd-3705-44dd-ad30-452e16ec2bdf,ID204461,CID-254,4c8fa2cd-3705-44dd-ad30-452e16ec2bdf,2026-03-17,2026-04-16,3053.84,183.24,3237.08,Issued,SampleGen
INV-89c65f0f-823d-4273-8d4d-7279475da24d,ID204462,CID-254,89c65f0f-823d-4273-8d4d-7279475da24d,2026-03-10,2026-04-09,1967.88,118.08,2085.96,Issued,SampleGen
INV-78ab8650-c63b-4e89-818d-08eb8b1f4fbe,ID204463,CID-254,78ab8650-c63b-4e89-818d-08eb8b1f4fbe,2026-04-03,2026-05-03,2411.74,144.72,2556.46,Issued,SampleGen
INV-b77fc050-01d7-4ab6-baad-fc745aca4721,ID204464,CID-255,b77fc050-01d7-4ab6-baad-fc745aca4721,2025-01-27,2025-02-26,3061.76,183.72,3245.48,Issued,SampleGen
INV-1e449374-0a90-48f3-8ea9-64274b7ae68b,ID204465,CID-255,1e449374-0a90-48f3-8ea9-64274b7ae68b,2025-02-16,2025-03-18,2111.78,126.72,2238.5,Issued,SampleGen
INV-056e56ef-550b-4061-a0d5-102d1417a5f1,ID204466,CID-255,056e56ef-550b-4061-a0d5-102d1417a5f1,2025-02-07,2025-03-09,2791.68,167.52,2959.2,Issued,SampleGen
INV-b3265a30-c887-4673-b96c-232584e5504b,ID204467,CID-255,b3265a30-c887-4673-b96c-232584e5504b,2025-03-10,2025-04-09,4259.9,255.6,4515.5,Issued,SampleGen
INV-f2944b98-873a-4602-8d54-56b5da6865b0,ID204468,CID-255,f2944b98-873a-4602-8d54-56b5da6865b0,2025-04-19,2025-05-19,2571.8,154.32,2726.12,Issued,SampleGen
INV-999bfcd9-ef34-4063-87cb-7dcdce6bc048,ID204469,CID-255,999bfcd9-ef34-4063-87cb-7dcdce6bc048,2025-04-03,2025-05-03,2351.76,141.12,2492.88,Issued,SampleGen
INV-c19c0fd6-c896-48dd-b944-3ff16968c0bb,ID204470,CID-255,c19c0fd6-c896-48dd-b944-3ff16968c0bb,2025-05-12,2025-06-11,1237.78,74.28,1312.06,Issued,SampleGen
INV-20c6e568-7601-4d90-81dc-26612101d55d,ID204471,CID-255,20c6e568-7601-4d90-81dc-26612101d55d,2025-05-19,2025-06-18,911.76,54.72,966.48,Issued,SampleGen
INV-82946d9a-ce25-4d87-97d1-defcdb771b36,ID204472,CID-255,82946d9a-ce25-4d87-97d1-defcdb771b36,2025-06-19,2025-07-19,183.92,11.04,194.96,Issued,SampleGen
INV-a9b91041-d39f-402b-ba5f-8cc4c6de2c77,ID204473,CID-255,a9b91041-d39f-402b-ba5f-8cc4c6de2c77,2025-06-27,2025-07-27,4223.8,253.44,4477.24,Issued,SampleGen
INV-bb7483c8-28c7-4949-a458-00ac05945f79,ID204474,CID-255,bb7483c8-28c7-4949-a458-00ac05945f79,2025-06-30,2025-07-30,641.86,38.52,680.38,Issued,SampleGen
INV-94bdbb9d-0452-48cd-aa28-312f83218958,ID204475,CID-255,94bdbb9d-0452-48cd-aa28-312f83218958,2025-07-11,2025-08-10,3545.76,212.76,3758.52,Issued,SampleGen
INV-a9a062eb-82ba-4c91-b38e-a6997bc981b3,ID204476,CID-255,a9a062eb-82ba-4c91-b38e-a6997bc981b3,2025-07-10,2025-08-09,545.82,32.76,578.58,Issued,SampleGen
INV-4c334927-3ecb-404b-8bdb-d00d632a1b66,ID204477,CID-255,4c334927-3ecb-404b-8bdb-d00d632a1b66,2025-07-28,2025-08-27,3299.78,198.0,3497.78,Issued,SampleGen
INV-6d91f422-6020-4079-864e-b8d1e2f5a942,ID204478,CID-255,6d91f422-6020-4079-864e-b8d1e2f5a942,2025-09-01,2025-10-01,3211.82,192.72,3404.54,Issued,SampleGen
INV-13450ab3-b2a7-45ee-8d79-42e3cfc1d7a2,ID204479,CID-255,13450ab3-b2a7-45ee-8d79-42e3cfc1d7a2,2025-08-02,2025-09-01,1935.7,116.16,2051.86,Issued,SampleGen
INV-90beffc3-f404-4492-bf15-0ac07fe8c36c,ID204480,CID-255,90beffc3-f404-4492-bf15-0ac07fe8c36c,2025-08-11,2025-09-10,953.74,57.24,1010.98,Issued,SampleGen
INV-0c0822b4-a43f-4c1d-852a-cac3bec03c3d,ID204481,CID-255,0c0822b4-a43f-4c1d-852a-cac3bec03c3d,2025-09-18,2025-10-18,969.9,58.2,1028.1,Issued,SampleGen
INV-a5da882f-d10b-472f-baf8-6ff08f1b0871,ID204482,CID-255,a5da882f-d10b-472f-baf8-6ff08f1b0871,2025-09-04,2025-10-04,1267.82,76.08,1343.9,Issued,SampleGen
INV-8abac6c5-59d0-4889-866d-1df4569b5ad3,ID204483,CID-255,8abac6c5-59d0-4889-866d-1df4569b5ad3,2025-09-24,2025-10-24,355.9,21.36,377.26,Issued,SampleGen
INV-9e213be1-a136-4dfc-9bc6-d6ff3715b36b,ID204484,CID-255,9e213be1-a136-4dfc-9bc6-d6ff3715b36b,2025-10-21,2025-11-20,1087.84,65.28,1153.12,Issued,SampleGen
INV-b6965138-caca-4d34-988d-e61849312ee1,ID204485,CID-255,b6965138-caca-4d34-988d-e61849312ee1,2025-10-04,2025-11-03,643.86,38.64,682.5,Issued,SampleGen
INV-853cfcc3-430c-419b-9e45-5592d82c3251,ID204486,CID-255,853cfcc3-430c-419b-9e45-5592d82c3251,2025-10-29,2025-11-28,1517.74,91.08,1608.82,Issued,SampleGen
INV-d92a750a-ff8e-42d1-85c1-7758896ff65c,ID204487,CID-255,d92a750a-ff8e-42d1-85c1-7758896ff65c,2025-11-02,2025-12-02,1937.82,116.28,2054.1,Issued,SampleGen
INV-cc6e176d-e50c-4f09-8946-6b8d4f0104df,ID204488,CID-255,cc6e176d-e50c-4f09-8946-6b8d4f0104df,2025-11-22,2025-12-22,2843.9,170.64,3014.54,Issued,SampleGen
INV-6f1eec7f-8143-4535-b25d-d45318af1b94,ID204489,CID-255,6f1eec7f-8143-4535-b25d-d45318af1b94,2025-11-06,2025-12-06,2029.78,121.8,2151.58,Issued,SampleGen
INV-f79ac314-6302-4493-bd9c-9a1460b4441e,ID204490,CID-255,f79ac314-6302-4493-bd9c-9a1460b4441e,2025-11-13,2025-12-13,485.86,29.16,515.02,Issued,SampleGen
INV-2dfadce3-9e26-4bd6-8f8d-fa9b6decbb58,ID204491,CID-255,2dfadce3-9e26-4bd6-8f8d-fa9b6decbb58,2025-12-02,2026-01-01,2923.86,175.44,3099.3,Issued,SampleGen
INV-508fc254-ad62-4184-8be4-3a4f2a90a4ce,ID204492,CID-255,508fc254-ad62-4184-8be4-3a4f2a90a4ce,2025-12-05,2026-01-04,1687.84,101.28,1789.12,Issued,SampleGen
INV-3ef9ce23-cd55-42a2-8204-7100e4e75f5c,ID204493,CID-255,3ef9ce23-cd55-42a2-8204-7100e4e75f5c,2025-12-19,2026-01-18,3189.78,191.4,3381.18,Issued,SampleGen
INV-ce4cafd4-9ef9-45e3-8b3a-827546ffb2cb,ID204494,CID-255,ce4cafd4-9ef9-45e3-8b3a-827546ffb2cb,2025-12-22,2026-01-21,6419.78,385.2,6804.98,Issued,SampleGen
INV-b9b7daea-706a-4c62-b2ba-ca1a1a0d6599,ID204495,CID-255,b9b7daea-706a-4c62-b2ba-ca1a1a0d6599,2026-01-31,2026-03-02,1355.82,81.36,1437.18,Issued,SampleGen
INV-d0de6d13-f8a6-4de9-954e-6ef6c493feea,ID204496,CID-255,d0de6d13-f8a6-4de9-954e-6ef6c493feea,2026-01-14,2026-02-13,1859.86,111.6,1971.46,Issued,SampleGen
INV-398da5ff-31d2-48b4-8045-c929ddac1cea,ID204497,CID-255,398da5ff-31d2-48b4-8045-c929ddac1cea,2026-01-03,2026-02-02,507.86,30.48,538.34,Issued,SampleGen
INV-b4023151-8e2e-4c60-a60e-803216b2c236,ID204498,CID-255,b4023151-8e2e-4c60-a60e-803216b2c236,2026-01-27,2026-02-26,1083.88,65.04,1148.92,Issued,SampleGen
INV-05952db4-e4ec-45a8-932f-a7834c7a181c,ID204499,CID-255,05952db4-e4ec-45a8-932f-a7834c7a181c,2026-02-12,2026-03-14,2291.78,137.52,2429.3,Issued,SampleGen
INV-74a751fd-d6f4-48f0-b2ec-6ee3754b7927,ID204500,CID-255,74a751fd-d6f4-48f0-b2ec-6ee3754b7927,2026-02-07,2026-03-09,2951.78,177.12,3128.9,Issued,SampleGen
INV-a3a91c57-6b68-46fa-8d8d-0be3a01acae7,ID204501,CID-255,a3a91c57-6b68-46fa-8d8d-0be3a01acae7,2026-02-11,2026-03-13,831.78,49.92,881.7,Issued,SampleGen
INV-1d6cf85a-f3f1-49aa-81e1-568c9c4ee665,ID204502,CID-255,1d6cf85a-f3f1-49aa-81e1-568c9c4ee665,2026-02-26,2026-03-28,8623.72,517.44,9141.16,Issued,SampleGen
INV-b1364abc-397a-4906-a54f-60ddd0eb8fe3,ID204503,CID-255,b1364abc-397a-4906-a54f-60ddd0eb8fe3,2026-03-27,2026-04-26,1663.74,99.84,1763.58,Issued,SampleGen
INV-e3e81311-e02f-4503-ab88-7257194ce077,ID204504,CID-255,e3e81311-e02f-4503-ab88-7257194ce077,2026-03-06,2026-04-05,3267.78,196.08,3463.86,Issued,SampleGen
INV-8cc41612-a637-4491-ac9e-49d80459de8c,ID204505,CID-255,8cc41612-a637-4491-ac9e-49d80459de8c,2026-03-28,2026-04-27,469.9,28.2,498.1,Issued,SampleGen
INV-6e3c05b3-d458-4566-aeeb-0cbfa6fa6b82,ID204506,CID-255,6e3c05b3-d458-4566-aeeb-0cbfa6fa6b82,2026-03-16,2026-04-15,411.88,24.72,436.6,Issued,SampleGen
INV-a481d1df-db80-40d1-9336-95f929eea58d,ID204507,CID-255,a481d1df-db80-40d1-9336-95f929eea58d,2026-04-20,2026-05-20,6279.78,376.8,6656.58,Issued,SampleGen
INV-a510ff71-d363-421b-a604-4649b824dd20,ID204508,CID-255,a510ff71-d363-421b-a604-4649b824dd20,2026-04-25,2026-05-25,2111.78,126.72,2238.5,Issued,SampleGen
INV-ecc73baa-2b41-4f40-8dd5-04dbbe6e702b,ID204509,CID-255,ecc73baa-2b41-4f40-8dd5-04dbbe6e702b,2026-04-02,2026-05-02,5075.78,304.56,5380.34,Issued,SampleGen
INV-c13037d3-c423-4d16-b9f0-4be3455aa201,ID204510,CID-255,c13037d3-c423-4d16-b9f0-4be3455aa201,2026-04-21,2026-05-21,919.92,55.2,975.12,Issued,SampleGen
INV-1c301589-18dd-49d3-87de-8f7d37fe68e0,ID204511,CID-255,1c301589-18dd-49d3-87de-8f7d37fe68e0,2026-04-26,2026-05-26,451.88,27.12,479.0,Issued,SampleGen
INV-3c243c63-2acc-4093-8d43-7b807efafca6,ID204512,CID-256,3c243c63-2acc-4093-8d43-7b807efafca6,2025-01-29,2025-02-28,3947.86,236.88,4184.74,Issued,SampleGen
INV-ce8b7cc7-41d5-44b8-bcd1-0b675eae3ff9,ID204513,CID-256,ce8b7cc7-41d5-44b8-bcd1-0b675eae3ff9,2025-02-08,2025-03-10,859.86,51.6,911.46,Issued,SampleGen
INV-9be2b757-3fa8-4ddf-bffa-e77c6de78823,ID204514,CID-256,9be2b757-3fa8-4ddf-bffa-e77c6de78823,2025-04-06,2025-05-06,945.74,56.76,1002.5,Issued,SampleGen
INV-f4f40d47-a0ab-4c63-a950-bf8578638858,ID204515,CID-256,f4f40d47-a0ab-4c63-a950-bf8578638858,2025-05-15,2025-06-14,2319.88,139.2,2459.08,Issued,SampleGen
INV-d89793c4-09fd-48d4-a462-c3c1de030932,ID204516,CID-256,d89793c4-09fd-48d4-a462-c3c1de030932,2025-06-28,2025-07-28,557.9,33.48,591.38,Issued,SampleGen
INV-1833b8bb-4eca-4741-88cc-e24450673263,ID204517,CID-256,1833b8bb-4eca-4741-88cc-e24450673263,2025-07-19,2025-08-18,3793.72,227.64,4021.36,Issued,SampleGen
INV-b7616281-6a44-4452-b9e8-49e5fec0b136,ID204518,CID-256,b7616281-6a44-4452-b9e8-49e5fec0b136,2025-08-28,2025-09-27,451.88,27.12,479.0,Issued,SampleGen
INV-d5cf7188-a841-4935-ac38-40d515ac9f0b,ID204519,CID-256,d5cf7188-a841-4935-ac38-40d515ac9f0b,2025-09-29,2025-10-29,291.92,17.52,309.44,Issued,SampleGen
INV-f176f9a6-f426-47c8-9ef5-408a580eaa6e,ID204520,CID-256,f176f9a6-f426-47c8-9ef5-408a580eaa6e,2025-10-29,2025-11-28,1675.76,100.56,1776.32,Issued,SampleGen
INV-e3543f83-0383-462c-a0fc-8c5026a864d4,ID204521,CID-256,e3543f83-0383-462c-a0fc-8c5026a864d4,2025-11-17,2025-12-17,1479.88,88.8,1568.68,Issued,SampleGen
INV-9011c605-9e6c-4e4a-bf4a-e14a61394e5b,ID204522,CID-256,9011c605-9e6c-4e4a-bf4a-e14a61394e5b,2025-12-10,2026-01-09,5735.76,344.16,6079.92,Issued,SampleGen
INV-8952a521-0b75-429b-bed7-7e00da205819,ID204523,CID-256,8952a521-0b75-429b-bed7-7e00da205819,2026-01-21,2026-02-20,593.82,35.64,629.46,Issued,SampleGen
INV-aa56c1a2-e20a-45b4-8706-fca104210936,ID204524,CID-256,aa56c1a2-e20a-45b4-8706-fca104210936,2026-02-03,2026-03-05,911.84,54.72,966.56,Issued,SampleGen
INV-9842d604-eee2-44ae-a9dc-a4af95c3d012,ID204525,CID-256,9842d604-eee2-44ae-a9dc-a4af95c3d012,2026-03-04,2026-04-03,2067.78,124.08,2191.86,Issued,SampleGen
INV-ee0f91a1-496c-4b6b-87ba-e417270d5625,ID204526,CID-256,ee0f91a1-496c-4b6b-87ba-e417270d5625,2026-04-25,2026-05-25,1579.82,94.8,1674.62,Issued,SampleGen
INV-14922944-fd19-4f76-b09f-0a6e59c1b6a3,ID204527,CID-257,14922944-fd19-4f76-b09f-0a6e59c1b6a3,2025-05-29,2025-06-28,6507.78,390.48,6898.26,Issued,SampleGen
INV-11fced21-a9ea-4af8-8482-f0a209accff6,ID204528,CID-257,11fced21-a9ea-4af8-8482-f0a209accff6,2025-06-28,2025-07-28,671.9,40.32,712.22,Issued,SampleGen
INV-e75732db-8a36-4afe-8a9a-8764bfebb1a1,ID204529,CID-257,e75732db-8a36-4afe-8a9a-8764bfebb1a1,2025-09-04,2025-10-04,3819.78,229.2,4048.98,Issued,SampleGen
INV-b434cc2f-9511-4763-a833-0e06164cb2ac,ID204530,CID-257,b434cc2f-9511-4763-a833-0e06164cb2ac,2026-01-28,2026-02-27,1349.88,81.0,1430.88,Issued,SampleGen
INV-71422352-c7a2-46bc-99f5-87b6f0bfa438,ID204531,CID-257,71422352-c7a2-46bc-99f5-87b6f0bfa438,2026-03-04,2026-04-03,3419.82,205.2,3625.02,Issued,SampleGen
INV-3a094687-a331-46b8-84ce-f38aced77008,ID204532,CID-258,3a094687-a331-46b8-84ce-f38aced77008,2025-02-27,2025-03-29,2243.9,134.64,2378.54,Issued,SampleGen
INV-d294eb0f-7420-42b1-83e7-cda88451ebb4,ID204533,CID-258,d294eb0f-7420-42b1-83e7-cda88451ebb4,2025-05-08,2025-06-07,1245.76,74.76,1320.52,Issued,SampleGen
INV-9c4d28c1-3624-4774-a73e-13b8ca4f7336,ID204534,CID-258,9c4d28c1-3624-4774-a73e-13b8ca4f7336,2025-06-30,2025-07-30,329.88,19.8,349.68,Issued,SampleGen
INV-ebaabb55-cfae-4754-9bc6-741785dc34d7,ID204535,CID-258,ebaabb55-cfae-4754-9bc6-741785dc34d7,2025-09-09,2025-10-09,211.92,12.72,224.64,Issued,SampleGen
INV-f3cd1b1b-c533-4898-ade8-230594c9bdb3,ID204536,CID-258,f3cd1b1b-c533-4898-ade8-230594c9bdb3,2025-10-10,2025-11-09,3033.76,182.04,3215.8,Issued,SampleGen
INV-be67370a-1236-4506-9a4e-13c9e6a54208,ID204537,CID-258,be67370a-1236-4506-9a4e-13c9e6a54208,2025-12-01,2025-12-31,4135.8,248.16,4383.96,Issued,SampleGen
INV-50fb33a4-fbe2-43cd-a06c-991d8ca1723c,ID204538,CID-258,50fb33a4-fbe2-43cd-a06c-991d8ca1723c,2026-01-25,2026-02-24,2443.82,146.64,2590.46,Issued,SampleGen
INV-f2313fbe-d130-4d90-b91e-061d8c98561a,ID204539,CID-258,f2313fbe-d130-4d90-b91e-061d8c98561a,2026-03-06,2026-04-05,879.9,52.8,932.7,Issued,SampleGen
INV-e30c1f26-2b18-4a97-a638-aa959f37886b,ID204540,CID-258,e30c1f26-2b18-4a97-a638-aa959f37886b,2026-04-03,2026-05-03,1259.84,75.6,1335.44,Issued,SampleGen
INV-35be9fa1-812c-4fda-bf09-8ae1271095ab,ID204541,CID-259,35be9fa1-812c-4fda-bf09-8ae1271095ab,2025-01-17,2025-02-16,1819.92,109.2,1929.12,Issued,SampleGen
INV-70adb336-f3fe-4d1e-a91d-a991afa24578,ID204542,CID-259,70adb336-f3fe-4d1e-a91d-a991afa24578,2025-02-18,2025-03-20,2721.74,163.32,2885.06,Issued,SampleGen
INV-75e9b113-6c86-4888-ba21-529adea15d9c,ID204543,CID-259,75e9b113-6c86-4888-ba21-529adea15d9c,2025-04-29,2025-05-29,1479.88,88.8,1568.68,Issued,SampleGen
INV-8cc196f1-d4d8-42f0-b8df-e687f304b0e5,ID204544,CID-259,8cc196f1-d4d8-42f0-b8df-e687f304b0e5,2025-05-19,2025-06-18,639.9,38.4,678.3,Issued,SampleGen
INV-de8469e5-dc94-4030-911a-5cdde01f475d,ID204545,CID-259,de8469e5-dc94-4030-911a-5cdde01f475d,2025-06-08,2025-07-08,823.84,49.44,873.28,Issued,SampleGen
INV-9d76a737-f366-414e-86e6-018d768d9fe1,ID204546,CID-259,9d76a737-f366-414e-86e6-018d768d9fe1,2025-07-10,2025-08-09,2223.84,133.44,2357.28,Issued,SampleGen
INV-066fc2fe-156e-4c32-b11a-d4e8a60da2e0,ID204547,CID-259,066fc2fe-156e-4c32-b11a-d4e8a60da2e0,2025-08-03,2025-09-02,1315.72,78.96,1394.68,Issued,SampleGen
INV-2d800758-b9f5-4416-a2d6-df977cbe7b40,ID204548,CID-259,2d800758-b9f5-4416-a2d6-df977cbe7b40,2025-09-23,2025-10-23,491.84,29.52,521.36,Issued,SampleGen
INV-19e8f81e-6acd-4d88-b9e6-62cbb256459f,ID204549,CID-259,19e8f81e-6acd-4d88-b9e6-62cbb256459f,2025-10-02,2025-11-01,3395.74,203.76,3599.5,Issued,SampleGen
INV-c4e92ff2-56db-4d94-a17e-2a55ce683b79,ID204550,CID-259,c4e92ff2-56db-4d94-a17e-2a55ce683b79,2025-10-21,2025-11-20,3411.8,204.72,3616.52,Issued,SampleGen
INV-fbd9a07c-e180-44b7-bf4c-f5d54ddec472,ID204551,CID-259,fbd9a07c-e180-44b7-bf4c-f5d54ddec472,2025-11-02,2025-12-02,3175.78,190.56,3366.34,Issued,SampleGen
INV-29e75226-8029-4fd4-b423-c4a5ee365a78,ID204552,CID-259,29e75226-8029-4fd4-b423-c4a5ee365a78,2025-12-14,2026-01-13,3815.86,228.96,4044.82,Issued,SampleGen
INV-023ada80-3db6-40bc-b86d-5a7b013823e4,ID204553,CID-259,023ada80-3db6-40bc-b86d-5a7b013823e4,2026-01-11,2026-02-10,5075.78,304.56,5380.34,Issued,SampleGen
INV-2b1e871e-0bd1-4f34-adb1-a8ceebffabe1,ID204554,CID-259,2b1e871e-0bd1-4f34-adb1-a8ceebffabe1,2026-02-25,2026-03-27,2667.8,160.08,2827.88,Issued,SampleGen
INV-b530f48c-ae12-4810-affe-06375c6144f2,ID204555,CID-259,b530f48c-ae12-4810-affe-06375c6144f2,2026-03-08,2026-04-07,323.92,19.44,343.36,Issued,SampleGen
INV-b465937a-e5d8-43d8-8a62-ad5ae98cc6e5,ID204556,CID-259,b465937a-e5d8-43d8-8a62-ad5ae98cc6e5,2026-05-01,2026-05-31,4025.8,241.56,4267.36,Issued,SampleGen
INV-7a2e9267-dd80-4138-abd0-07172f74874d,ID204557,CID-259,7a2e9267-dd80-4138-abd0-07172f74874d,2026-04-04,2026-05-04,9371.78,562.32,9934.1,Issued,SampleGen
INV-319f58b7-6430-44ed-9309-18c30d53abd1,ID204558,CID-260,319f58b7-6430-44ed-9309-18c30d53abd1,2025-11-24,2025-12-24,1023.88,61.44,1085.32,Issued,SampleGen
INV-2a3aa734-cadd-4633-985c-1222f77d2566,ID204559,CID-260,2a3aa734-cadd-4633-985c-1222f77d2566,2026-03-12,2026-04-11,477.86,28.68,506.54,Issued,SampleGen
INV-727ff548-0389-4b35-8da4-9c49b6efdff3,ID204560,CID-261,727ff548-0389-4b35-8da4-9c49b6efdff3,2025-01-12,2025-02-11,2261.86,135.72,2397.58,Issued,SampleGen
INV-4726bd73-ecf2-41e8-8e8c-e3aaf44bcf10,ID204561,CID-261,4726bd73-ecf2-41e8-8e8c-e3aaf44bcf10,2025-03-13,2025-04-12,4355.8,261.36,4617.16,Issued,SampleGen
INV-10e8d80f-b62a-49f7-a179-9a6e3499c2e8,ID204562,CID-261,10e8d80f-b62a-49f7-a179-9a6e3499c2e8,2025-04-09,2025-05-09,1519.86,91.2,1611.06,Issued,SampleGen
INV-037de2a4-155d-497b-bc81-15dd2372c6df,ID204563,CID-261,037de2a4-155d-497b-bc81-15dd2372c6df,2025-08-20,2025-09-19,629.86,37.8,667.66,Issued,SampleGen
INV-7082fcb7-6882-42dd-a22e-5944e13549dd,ID204564,CID-261,7082fcb7-6882-42dd-a22e-5944e13549dd,2025-11-16,2025-12-16,3775.76,226.56,4002.32,Issued,SampleGen
INV-4b7eb5aa-8726-4f56-97e8-2cbe2857adf4,ID204565,CID-261,4b7eb5aa-8726-4f56-97e8-2cbe2857adf4,2025-12-29,2026-01-28,1539.8,92.4,1632.2,Issued,SampleGen
INV-7c400346-bbdb-4b0a-a823-be10aabc8665,ID204566,CID-261,7c400346-bbdb-4b0a-a823-be10aabc8665,2026-01-27,2026-02-26,1499.74,90.0,1589.74,Issued,SampleGen
INV-159f7cd9-2f94-478d-9ced-b5186bf1021e,ID204567,CID-261,159f7cd9-2f94-478d-9ced-b5186bf1021e,2026-02-22,2026-03-24,3103.8,186.24,3290.04,Issued,SampleGen
INV-9a117c4b-ac9b-4ee0-a05e-502c1d24ed36,ID204568,CID-261,9a117c4b-ac9b-4ee0-a05e-502c1d24ed36,2026-03-31,2026-04-30,477.86,28.68,506.54,Issued,SampleGen
INV-9058015d-59dd-4a72-bf15-52c63e564ca0,ID204569,CID-261,9058015d-59dd-4a72-bf15-52c63e564ca0,2026-04-02,2026-05-02,907.86,54.48,962.34,Issued,SampleGen
INV-d9b6bc74-b72e-4dec-871f-dbe72c12745e,ID204570,CID-262,d9b6bc74-b72e-4dec-871f-dbe72c12745e,2025-02-01,2025-03-03,2647.78,158.88,2806.66,Issued,SampleGen
INV-70f4724c-e46f-44e6-833d-a5ebb487f1ee,ID204571,CID-262,70f4724c-e46f-44e6-833d-a5ebb487f1ee,2025-03-07,2025-04-06,1859.8,111.6,1971.4,Issued,SampleGen
INV-6e15d6bc-a4b2-49a9-bac4-5baa47508ce1,ID204572,CID-262,6e15d6bc-a4b2-49a9-bac4-5baa47508ce1,2025-09-11,2025-10-11,2395.74,143.76,2539.5,Issued,SampleGen
INV-1e407e1a-edcb-4842-a387-b25da54bc9d6,ID204573,CID-262,1e407e1a-edcb-4842-a387-b25da54bc9d6,2025-11-19,2025-12-19,2843.9,170.64,3014.54,Issued,SampleGen
INV-6bacbaa3-78ac-481e-a3ce-9dafacbb3b12,ID204574,CID-262,6bacbaa3-78ac-481e-a3ce-9dafacbb3b12,2026-01-06,2026-02-05,1079.88,64.8,1144.68,Issued,SampleGen
INV-df21a9fe-2329-497b-8190-b542a653d08d,ID204575,CID-262,df21a9fe-2329-497b-8190-b542a653d08d,2026-03-12,2026-04-11,1323.74,79.44,1403.18,Issued,SampleGen
INV-2c839b57-a945-4bb5-b6b0-86b1ef2ab4bb,ID204576,CID-263,2c839b57-a945-4bb5-b6b0-86b1ef2ab4bb,2025-10-06,2025-11-05,2763.78,165.84,2929.62,Issued,SampleGen
INV-d5a8b7fc-1781-4f2c-a482-3ccea92dff56,ID204577,CID-263,d5a8b7fc-1781-4f2c-a482-3ccea92dff56,2025-12-21,2026-01-20,683.88,41.04,724.92,Issued,SampleGen
INV-981e08e8-5ac6-45e0-af38-83847118cd78,ID204578,CID-263,981e08e8-5ac6-45e0-af38-83847118cd78,2026-01-14,2026-02-13,1759.86,105.6,1865.46,Issued,SampleGen
INV-03430df5-6ac5-4a7b-a240-1ff920a4fa05,ID204579,CID-263,03430df5-6ac5-4a7b-a240-1ff920a4fa05,2026-04-20,2026-05-20,4675.8,280.56,4956.36,Issued,SampleGen
INV-a344d281-0c6e-4659-b709-03c5a998371c,ID204580,CID-264,a344d281-0c6e-4659-b709-03c5a998371c,2025-02-12,2025-03-14,357.9,21.48,379.38,Issued,SampleGen
INV-bfc2176e-9cdf-4084-987a-8fa3691b783a,ID204581,CID-264,bfc2176e-9cdf-4084-987a-8fa3691b783a,2025-03-11,2025-04-10,2083.82,125.04,2208.86,Issued,SampleGen
INV-f521940f-65d0-4164-b9a1-c78121f7d34b,ID204582,CID-264,f521940f-65d0-4164-b9a1-c78121f7d34b,2025-05-29,2025-06-28,1181.78,70.92,1252.7,Issued,SampleGen
INV-6ce29211-dc47-4076-b4c9-18a8b4daa471,ID204583,CID-264,6ce29211-dc47-4076-b4c9-18a8b4daa471,2025-07-20,2025-08-19,343.88,20.64,364.52,Issued,SampleGen
INV-bba187c2-b266-4447-8ec9-d6b139b798d4,ID204584,CID-264,bba187c2-b266-4447-8ec9-d6b139b798d4,2025-08-19,2025-09-18,411.88,24.72,436.6,Issued,SampleGen
INV-289afb1e-860e-4eaf-8a0b-13863bd8a546,ID204585,CID-264,289afb1e-860e-4eaf-8a0b-13863bd8a546,2025-10-31,2025-11-30,3003.74,180.24,3183.98,Issued,SampleGen
INV-0889a3f4-b944-4f10-9f1a-92a152ffcbae,ID204586,CID-264,0889a3f4-b944-4f10-9f1a-92a152ffcbae,2025-11-05,2025-12-05,1191.84,71.52,1263.36,Issued,SampleGen
INV-200c908d-c9ad-4744-88c7-54cab9b275a7,ID204587,CID-264,200c908d-c9ad-4744-88c7-54cab9b275a7,2025-12-19,2026-01-18,2445.82,146.76,2592.58,Issued,SampleGen
INV-d54e0179-1d1c-4515-ae33-88101e31857b,ID204588,CID-264,d54e0179-1d1c-4515-ae33-88101e31857b,2026-01-11,2026-02-10,683.88,41.04,724.92,Issued,SampleGen
INV-7e8c7252-1d4f-4104-9e4e-c91f95b3a105,ID204589,CID-264,7e8c7252-1d4f-4104-9e4e-c91f95b3a105,2026-02-11,2026-03-13,1223.74,73.44,1297.18,Issued,SampleGen
INV-37f2d910-3370-4e97-a928-6843e938b7a4,ID204590,CID-264,37f2d910-3370-4e97-a928-6843e938b7a4,2026-03-31,2026-04-30,2079.72,124.8,2204.52,Issued,SampleGen
INV-540595f4-ae29-4251-8414-b4d1329fa959,ID204591,CID-264,540595f4-ae29-4251-8414-b4d1329fa959,2026-04-13,2026-05-13,2463.84,147.84,2611.68,Issued,SampleGen
INV-9d8b4231-8604-4f16-9ab7-22e6be4890b1,ID204592,CID-264,9d8b4231-8604-4f16-9ab7-22e6be4890b1,2026-04-30,2026-05-30,3315.8,198.96,3514.76,Issued,SampleGen
INV-96e7938d-2b63-4a7f-8b5f-2bac4d3c7fd1,ID204593,CID-265,96e7938d-2b63-4a7f-8b5f-2bac4d3c7fd1,2025-01-23,2025-02-22,1459.76,87.6,1547.36,Issued,SampleGen
INV-23ce92ae-3519-4505-b7e3-0321c74bd958,ID204594,CID-265,23ce92ae-3519-4505-b7e3-0321c74bd958,2025-02-22,2025-03-24,4347.82,260.88,4608.7,Issued,SampleGen
INV-9ce8e3d5-7add-466e-a2ca-7857b4f97acd,ID204595,CID-265,9ce8e3d5-7add-466e-a2ca-7857b4f97acd,2025-02-12,2025-03-14,4075.86,244.56,4320.42,Issued,SampleGen
INV-7a6cb335-5c3d-413c-a13c-ac35d53ad674,ID204596,CID-265,7a6cb335-5c3d-413c-a13c-ac35d53ad674,2025-03-11,2025-04-10,1439.86,86.4,1526.26,Issued,SampleGen
INV-01deb79d-2a3a-4cc8-9bd4-cf8e6c53d2ca,ID204597,CID-265,01deb79d-2a3a-4cc8-9bd4-cf8e6c53d2ca,2025-03-29,2025-04-28,1625.82,97.56,1723.38,Issued,SampleGen
INV-1caf2e85-638f-4940-b2b3-ea0da361fe35,ID204598,CID-265,1caf2e85-638f-4940-b2b3-ea0da361fe35,2025-04-08,2025-05-08,349.9,21.0,370.9,Issued,SampleGen
INV-50ff7ffb-f4d4-432e-90aa-56f95756e219,ID204599,CID-265,50ff7ffb-f4d4-432e-90aa-56f95756e219,2025-04-11,2025-05-11,1987.84,119.28,2107.12,Issued,SampleGen
INV-ffbfe8a6-2e33-48cd-91bd-369dac082aaf,ID204600,CID-265,ffbfe8a6-2e33-48cd-91bd-369dac082aaf,2025-05-25,2025-06-24,2089.82,125.4,2215.22,Issued,SampleGen
INV-a147d041-07ff-4cae-8a6a-9fff5f7f26a8,ID204601,CID-265,a147d041-07ff-4cae-8a6a-9fff5f7f26a8,2025-05-15,2025-06-14,2821.74,169.32,2991.06,Issued,SampleGen
INV-eb5e9856-d41a-4be7-9a18-c919964959aa,ID204602,CID-265,eb5e9856-d41a-4be7-9a18-c919964959aa,2025-06-03,2025-07-03,3359.76,201.6,3561.36,Issued,SampleGen
INV-c0845aa9-4d10-41d9-9ef6-63685d413323,ID204603,CID-265,c0845aa9-4d10-41d9-9ef6-63685d413323,2025-06-02,2025-07-02,445.9,26.76,472.66,Issued,SampleGen
INV-200cc6b2-844b-40f3-a964-5025102d0153,ID204604,CID-265,200cc6b2-844b-40f3-a964-5025102d0153,2025-07-31,2025-08-30,739.86,44.4,784.26,Issued,SampleGen
INV-2cf4f7d3-20be-4017-a2fe-3dff0ceb8169,ID204605,CID-265,2cf4f7d3-20be-4017-a2fe-3dff0ceb8169,2025-07-28,2025-08-27,2559.8,153.6,2713.4,Issued,SampleGen
INV-2d950cf3-c721-4db5-afb8-9896a4b64c59,ID204606,CID-265,2d950cf3-c721-4db5-afb8-9896a4b64c59,2025-08-03,2025-09-02,3923.78,235.44,4159.22,Issued,SampleGen
INV-9bb6ce51-513e-44bf-9837-0bd9388262af,ID204607,CID-265,9bb6ce51-513e-44bf-9837-0bd9388262af,2025-08-19,2025-09-18,2495.78,149.76,2645.54,Issued,SampleGen
INV-940cc387-b86a-476a-9f7b-fcf54ee6deb3,ID204608,CID-265,940cc387-b86a-476a-9f7b-fcf54ee6deb3,2025-09-25,2025-10-25,4535.78,272.16,4807.94,Issued,SampleGen
INV-81dff975-1d1d-4bf1-951b-bcfe4a403841,ID204609,CID-265,81dff975-1d1d-4bf1-951b-bcfe4a403841,2025-09-08,2025-10-08,7587.7,455.28,8042.98,Issued,SampleGen
INV-074ab50d-89c2-4e8c-9f2d-4131d9aa88e1,ID204610,CID-265,074ab50d-89c2-4e8c-9f2d-4131d9aa88e1,2025-09-27,2025-10-27,837.9,50.28,888.18,Issued,SampleGen
INV-6fd46ee3-59ee-4762-8f88-2113ce27fe77,ID204611,CID-265,6fd46ee3-59ee-4762-8f88-2113ce27fe77,2025-10-17,2025-11-16,907.8,54.48,962.28,Issued,SampleGen
INV-ceca0a82-79ed-4595-93a0-7aef6e10ffcf,ID204612,CID-265,ceca0a82-79ed-4595-93a0-7aef6e10ffcf,2025-10-16,2025-11-15,2117.84,127.08,2244.92,Issued,SampleGen
INV-075e8362-2ecd-4fe9-a3e7-57db88e28d48,ID204613,CID-265,075e8362-2ecd-4fe9-a3e7-57db88e28d48,2025-10-05,2025-11-04,3439.76,206.4,3646.16,Issued,SampleGen
INV-38113d03-16e3-407d-b366-7a07338514bb,ID204614,CID-265,38113d03-16e3-407d-b366-7a07338514bb,2025-11-08,2025-12-08,953.76,57.24,1011.0,Issued,SampleGen
INV-22a3eea3-5b38-49e5-ba27-c515127a0333,ID204615,CID-265,22a3eea3-5b38-49e5-ba27-c515127a0333,2025-11-04,2025-12-04,5009.78,300.6,5310.38,Issued,SampleGen
INV-a3487cce-be04-4bcb-a28a-3f07c19791ff,ID204616,CID-265,a3487cce-be04-4bcb-a28a-3f07c19791ff,2025-11-02,2025-12-02,1447.78,86.88,1534.66,Issued,SampleGen
INV-7d9585a9-82a8-4634-bd44-41b3d9fc449f,ID204617,CID-265,7d9585a9-82a8-4634-bd44-41b3d9fc449f,2025-12-13,2026-01-12,947.88,56.88,1004.76,Issued,SampleGen
INV-8cadbfae-c63f-4e99-87af-5f49091f52cb,ID204618,CID-265,8cadbfae-c63f-4e99-87af-5f49091f52cb,2025-12-08,2026-01-07,659.88,39.6,699.48,Issued,SampleGen
INV-003bba6c-c859-4a84-99be-e3768dcf69d8,ID204619,CID-265,003bba6c-c859-4a84-99be-e3768dcf69d8,2025-12-02,2026-01-01,1719.84,103.2,1823.04,Issued,SampleGen
INV-288a082b-aa3b-4e54-bd1f-219d05c2469d,ID204620,CID-265,288a082b-aa3b-4e54-bd1f-219d05c2469d,2026-01-01,2026-01-31,403.92,24.24,428.16,Issued,SampleGen
INV-19db2531-3ae3-4013-8c8a-b3ba6752981a,ID204621,CID-265,19db2531-3ae3-4013-8c8a-b3ba6752981a,2026-01-31,2026-03-02,1901.9,114.12,2016.02,Issued,SampleGen
INV-d7dcb1a8-3983-4098-b67d-afd22dd5ff7b,ID204622,CID-265,d7dcb1a8-3983-4098-b67d-afd22dd5ff7b,2026-01-15,2026-02-14,815.88,48.96,864.84,Issued,SampleGen
INV-5312c1df-a425-4634-aa2f-4222c839c755,ID204623,CID-265,5312c1df-a425-4634-aa2f-4222c839c755,2026-01-30,2026-03-01,3707.72,222.48,3930.2,Issued,SampleGen
INV-ef14ddbd-d79e-43fb-bbdb-fc6a890ba215,ID204624,CID-265,ef14ddbd-d79e-43fb-bbdb-fc6a890ba215,2026-01-31,2026-03-02,2923.86,175.44,3099.3,Issued,SampleGen
INV-c51e7001-dde8-45bd-970d-b60a780f10b9,ID204625,CID-265,c51e7001-dde8-45bd-970d-b60a780f10b9,2026-02-20,2026-03-22,2419.76,145.2,2564.96,Issued,SampleGen
INV-21ed4f6e-0822-4575-8e66-9692bb3e364b,ID204626,CID-265,21ed4f6e-0822-4575-8e66-9692bb3e364b,2026-02-16,2026-03-18,1255.9,75.36,1331.26,Issued,SampleGen
INV-a8131dd2-0686-45bc-b315-f0bf5d6f84d3,ID204627,CID-265,a8131dd2-0686-45bc-b315-f0bf5d6f84d3,2026-02-08,2026-03-10,2343.76,140.64,2484.4,Issued,SampleGen
INV-481ae1df-285a-40b4-9764-e26f2e57608e,ID204628,CID-265,481ae1df-285a-40b4-9764-e26f2e57608e,2026-02-22,2026-03-24,1219.86,73.2,1293.06,Issued,SampleGen
INV-a6f7ed05-61c0-46c5-8ba6-1dd1b0b2f402,ID204629,CID-265,a6f7ed05-61c0-46c5-8ba6-1dd1b0b2f402,2026-03-23,2026-04-22,1811.7,108.72,1920.42,Issued,SampleGen
INV-7bd89a1e-95ed-49bc-9a8c-c2a84ea2992c,ID204630,CID-265,7bd89a1e-95ed-49bc-9a8c-c2a84ea2992c,2026-03-03,2026-04-02,2487.76,149.28,2637.04,Issued,SampleGen
INV-db656972-0ad3-4de9-81c7-4ec4a2bca380,ID204631,CID-265,db656972-0ad3-4de9-81c7-4ec4a2bca380,2026-03-30,2026-04-29,4795.78,287.76,5083.54,Issued,SampleGen
INV-7c8f7bb1-bb14-4de9-a07c-dd77f9e66525,ID204632,CID-265,7c8f7bb1-bb14-4de9-a07c-dd77f9e66525,2026-03-22,2026-04-21,1317.86,79.08,1396.94,Issued,SampleGen
INV-fba47188-abb3-4574-a96d-e7396cd40afe,ID204633,CID-265,fba47188-abb3-4574-a96d-e7396cd40afe,2026-04-28,2026-05-28,1999.9,120.0,2119.9,Issued,SampleGen
INV-8170cdd6-4d92-4a31-8ab5-a6f57f2f5f16,ID204634,CID-265,8170cdd6-4d92-4a31-8ab5-a6f57f2f5f16,2026-04-09,2026-05-09,1293.76,77.64,1371.4,Issued,SampleGen
INV-6d57fa5c-ca66-4bff-8ad8-6ae4a79bf0d3,ID204635,CID-265,6d57fa5c-ca66-4bff-8ad8-6ae4a79bf0d3,2026-04-04,2026-05-04,3617.86,217.08,3834.94,Issued,SampleGen
INV-61bedafc-8662-4efc-bf37-756d9cfb4280,ID204636,CID-265,61bedafc-8662-4efc-bf37-756d9cfb4280,2026-04-13,2026-05-13,399.9,24.0,423.9,Issued,SampleGen
INV-ce9e7e2a-0fd5-49d2-880a-237ceaa336d2,ID204637,CID-266,ce9e7e2a-0fd5-49d2-880a-237ceaa336d2,2025-01-08,2025-02-07,3855.76,231.36,4087.12,Issued,SampleGen
INV-bd4ac736-aa78-4663-9546-110f6ed783bc,ID204638,CID-266,bd4ac736-aa78-4663-9546-110f6ed783bc,2025-01-10,2025-02-09,1039.9,62.4,1102.3,Issued,SampleGen
INV-483eaedb-28b4-4cd3-a856-6a40d242a8d4,ID204639,CID-266,483eaedb-28b4-4cd3-a856-6a40d242a8d4,2025-02-03,2025-03-05,591.88,35.52,627.4,Issued,SampleGen
INV-d739541c-2394-4242-8fb7-5dd84ec30610,ID204640,CID-266,d739541c-2394-4242-8fb7-5dd84ec30610,2025-02-18,2025-03-20,1531.78,91.92,1623.7,Issued,SampleGen
INV-bbbfe808-f5b7-416a-92c8-8abad0e7edd8,ID204641,CID-266,bbbfe808-f5b7-416a-92c8-8abad0e7edd8,2025-03-29,2025-04-28,2279.88,136.8,2416.68,Issued,SampleGen
INV-d7f0cad5-3b51-450f-a6c1-28153d04a646,ID204642,CID-266,d7f0cad5-3b51-450f-a6c1-28153d04a646,2025-03-10,2025-04-09,435.88,26.16,462.04,Issued,SampleGen
INV-8c9fdf02-ec6c-469c-87d4-ecd0f72645cd,ID204643,CID-266,8c9fdf02-ec6c-469c-87d4-ecd0f72645cd,2025-04-10,2025-05-10,2715.78,162.96,2878.74,Issued,SampleGen
INV-44b1ee3e-bbbd-4ed9-9546-2e7421822215,ID204644,CID-266,44b1ee3e-bbbd-4ed9-9546-2e7421822215,2025-04-05,2025-05-05,691.8,41.52,733.32,Issued,SampleGen
INV-0a7ebcfb-edfd-4be0-8c8f-379f6469bae9,ID204645,CID-266,0a7ebcfb-edfd-4be0-8c8f-379f6469bae9,2025-05-28,2025-06-27,1493.76,89.64,1583.4,Issued,SampleGen
INV-2681a55a-b910-4dd2-b4cf-263dae32b2e5,ID204646,CID-266,2681a55a-b910-4dd2-b4cf-263dae32b2e5,2025-05-29,2025-06-28,793.72,47.64,841.36,Issued,SampleGen
INV-ded9bb36-f915-4f3c-982e-00fa876aedc6,ID204647,CID-266,ded9bb36-f915-4f3c-982e-00fa876aedc6,2025-06-16,2025-07-16,837.76,50.28,888.04,Issued,SampleGen
INV-44b8e2b7-497a-467e-9843-a1c2a7df8fb1,ID204648,CID-266,44b8e2b7-497a-467e-9843-a1c2a7df8fb1,2025-06-05,2025-07-05,519.82,31.2,551.02,Issued,SampleGen
INV-67e9aeaf-9aae-4338-b399-1dcf1e4bded5,ID204649,CID-266,67e9aeaf-9aae-4338-b399-1dcf1e4bded5,2025-06-12,2025-07-12,1573.8,94.44,1668.24,Issued,SampleGen
INV-58c16bfe-c1ef-4584-a21d-3ba67147eb31,ID204650,CID-266,58c16bfe-c1ef-4584-a21d-3ba67147eb31,2025-07-23,2025-08-22,1397.88,83.88,1481.76,Issued,SampleGen
INV-0cd6214d-080f-4c04-809f-e1a35e5cc2be,ID204651,CID-266,0cd6214d-080f-4c04-809f-e1a35e5cc2be,2025-07-18,2025-08-17,2185.82,131.16,2316.98,Issued,SampleGen
INV-1e794aaa-abf1-46b1-a45e-6f1c51f52995,ID204652,CID-266,1e794aaa-abf1-46b1-a45e-6f1c51f52995,2025-07-25,2025-08-24,3539.88,212.4,3752.28,Issued,SampleGen
INV-9eee60c6-3c40-4b37-ae96-08e3416dcaef,ID204653,CID-266,9eee60c6-3c40-4b37-ae96-08e3416dcaef,2025-08-26,2025-09-25,511.84,30.72,542.56,Issued,SampleGen
INV-656fe4f6-9c12-4d6c-ad99-d7bb5e4de43b,ID204654,CID-266,656fe4f6-9c12-4d6c-ad99-d7bb5e4de43b,2025-08-03,2025-09-02,1595.7,95.76,1691.46,Issued,SampleGen
INV-d77572bb-1754-4dcc-983b-6701217d7afd,ID204655,CID-266,d77572bb-1754-4dcc-983b-6701217d7afd,2025-08-18,2025-09-17,713.88,42.84,756.72,Issued,SampleGen
INV-75fa13f0-1b93-4d66-a660-42685a8f7ce6,ID204656,CID-266,75fa13f0-1b93-4d66-a660-42685a8f7ce6,2025-09-12,2025-10-12,789.82,47.4,837.22,Issued,SampleGen
INV-fbcc8676-c3e1-40a5-aa41-25e4fd26883a,ID204657,CID-266,fbcc8676-c3e1-40a5-aa41-25e4fd26883a,2025-09-07,2025-10-07,5033.76,302.04,5335.8,Issued,SampleGen
INV-bf10e9b4-56fe-4876-8c7b-df630734d7ea,ID204658,CID-266,bf10e9b4-56fe-4876-8c7b-df630734d7ea,2025-09-04,2025-10-04,1951.76,117.12,2068.88,Issued,SampleGen
INV-c1631171-5f8f-4b73-b9a4-bb0117c44c3f,ID204659,CID-266,c1631171-5f8f-4b73-b9a4-bb0117c44c3f,2025-10-31,2025-11-30,1775.78,106.56,1882.34,Issued,SampleGen
INV-d7c3ad42-d476-48fb-a21b-b81f5aa38265,ID204660,CID-266,d7c3ad42-d476-48fb-a21b-b81f5aa38265,2025-10-06,2025-11-05,1395.86,83.76,1479.62,Issued,SampleGen
INV-9a450c6a-d267-4e93-ae93-8afd2c0418f3,ID204661,CID-266,9a450c6a-d267-4e93-ae93-8afd2c0418f3,2025-10-03,2025-11-02,507.86,30.48,538.34,Issued,SampleGen
INV-943e5758-ec48-4538-b2e6-530be3b9498f,ID204662,CID-266,943e5758-ec48-4538-b2e6-530be3b9498f,2025-10-12,2025-11-11,2191.8,131.52,2323.32,Issued,SampleGen
INV-774d9659-23bc-48a6-946e-4d516cb6931a,ID204663,CID-266,774d9659-23bc-48a6-946e-4d516cb6931a,2025-11-11,2025-12-11,2179.76,130.8,2310.56,Issued,SampleGen
INV-9cab5df3-d5f2-4ca8-912b-4e35cb287b28,ID204664,CID-266,9cab5df3-d5f2-4ca8-912b-4e35cb287b28,2025-11-23,2025-12-23,1535.82,92.16,1627.98,Issued,SampleGen
INV-38c4f048-f866-4d4e-8213-dad26865e004,ID204665,CID-266,38c4f048-f866-4d4e-8213-dad26865e004,2025-11-28,2025-12-28,1759.86,105.6,1865.46,Issued,SampleGen
INV-43145b6e-38e2-4dd9-8e0b-57197190afbb,ID204666,CID-266,43145b6e-38e2-4dd9-8e0b-57197190afbb,2025-11-12,2025-12-12,2379.78,142.8,2522.58,Issued,SampleGen
INV-addb1944-f94a-4bfe-907c-f6112b3de687,ID204667,CID-266,addb1944-f94a-4bfe-907c-f6112b3de687,2025-12-23,2026-01-22,717.86,43.08,760.94,Issued,SampleGen
INV-ecac2e04-30b4-46bc-aa01-90400aa56bb4,ID204668,CID-266,ecac2e04-30b4-46bc-aa01-90400aa56bb4,2025-12-13,2026-01-12,859.92,51.6,911.52,Issued,SampleGen
INV-7f084f24-a05c-4bdb-bbf8-74d4e7d632e9,ID204669,CID-266,7f084f24-a05c-4bdb-bbf8-74d4e7d632e9,2025-12-04,2026-01-03,2997.82,179.88,3177.7,Issued,SampleGen
INV-138c3f26-dd99-484e-a8a2-6908dbd7e07f,ID204670,CID-266,138c3f26-dd99-484e-a8a2-6908dbd7e07f,2025-12-05,2026-01-04,4315.7,258.96,4574.66,Issued,SampleGen
INV-fca37092-37ed-4ce3-a196-156e58a89187,ID204671,CID-266,fca37092-37ed-4ce3-a196-156e58a89187,2025-12-17,2026-01-16,2463.92,147.84,2611.76,Issued,SampleGen
INV-72b5e435-780b-4bf0-b252-1d282138ee11,ID204672,CID-266,72b5e435-780b-4bf0-b252-1d282138ee11,2026-01-04,2026-02-03,1403.86,84.24,1488.1,Issued,SampleGen
INV-76207f20-456c-43ba-b53d-99844234795b,ID204673,CID-266,76207f20-456c-43ba-b53d-99844234795b,2026-01-16,2026-02-15,1323.9,79.44,1403.34,Issued,SampleGen
INV-5aded56c-88dd-44d0-8707-6b37133da52a,ID204674,CID-266,5aded56c-88dd-44d0-8707-6b37133da52a,2026-01-09,2026-02-08,391.88,23.52,415.4,Issued,SampleGen
INV-ab1d5ee7-6e6a-4783-93cb-d607cbf994d3,ID204675,CID-266,ab1d5ee7-6e6a-4783-93cb-d607cbf994d3,2026-01-16,2026-02-15,507.88,30.48,538.36,Issued,SampleGen
INV-b8f04f51-75da-49e6-a055-51af40a09cb1,ID204676,CID-266,b8f04f51-75da-49e6-a055-51af40a09cb1,2026-02-04,2026-03-06,2391.72,143.52,2535.24,Issued,SampleGen
INV-887499cd-0aad-4462-8e78-22d691d1e142,ID204677,CID-266,887499cd-0aad-4462-8e78-22d691d1e142,2026-02-25,2026-03-27,1583.8,95.04,1678.84,Issued,SampleGen
INV-c1386a23-dcf2-4d71-953c-b55bd9aa4e7b,ID204678,CID-266,c1386a23-dcf2-4d71-953c-b55bd9aa4e7b,2026-02-10,2026-03-12,4447.74,266.88,4714.62,Issued,SampleGen
INV-d0c5603c-ea7b-4428-ad58-9807e06cd923,ID204679,CID-266,d0c5603c-ea7b-4428-ad58-9807e06cd923,2026-02-13,2026-03-15,4259.9,255.6,4515.5,Issued,SampleGen
INV-2e8ddac8-d9b5-41a6-892f-81a6404ecbd0,ID204680,CID-266,2e8ddac8-d9b5-41a6-892f-81a6404ecbd0,2026-02-03,2026-03-05,725.78,43.56,769.34,Issued,SampleGen
INV-55384850-ed72-4db6-bfff-511cae89b99b,ID204681,CID-266,55384850-ed72-4db6-bfff-511cae89b99b,2026-03-15,2026-04-14,1195.76,71.76,1267.52,Issued,SampleGen
INV-744431a7-2783-4a28-9752-bae7792af8f8,ID204682,CID-266,744431a7-2783-4a28-9752-bae7792af8f8,2026-03-21,2026-04-20,789.8,47.4,837.2,Issued,SampleGen
INV-a1aad0a8-24a7-4bf1-9177-0aa6298778ec,ID204683,CID-266,a1aad0a8-24a7-4bf1-9177-0aa6298778ec,2026-03-29,2026-04-28,4583.76,275.04,4858.8,Issued,SampleGen
INV-86d0f53e-9134-443b-b95d-539bb44f21c3,ID204684,CID-266,86d0f53e-9134-443b-b95d-539bb44f21c3,2026-03-02,2026-04-01,3003.74,180.24,3183.98,Issued,SampleGen
INV-49b408b8-eea5-4947-b47d-67b488e2f197,ID204685,CID-266,49b408b8-eea5-4947-b47d-67b488e2f197,2026-03-24,2026-04-23,1087.84,65.28,1153.12,Issued,SampleGen
INV-b7338e57-6df0-49f8-a98c-f475e346ab48,ID204686,CID-266,b7338e57-6df0-49f8-a98c-f475e346ab48,2026-04-18,2026-05-18,2243.9,134.64,2378.54,Issued,SampleGen
INV-67d0cf48-6b42-4c14-ab01-e98cbf316d90,ID204687,CID-266,67d0cf48-6b42-4c14-ab01-e98cbf316d90,2026-04-05,2026-05-05,3617.86,217.08,3834.94,Issued,SampleGen
INV-df586c02-de76-4d65-95d6-fb46821fd332,ID204688,CID-266,df586c02-de76-4d65-95d6-fb46821fd332,2026-04-29,2026-05-29,2347.74,140.88,2488.62,Issued,SampleGen
INV-0889fe18-8a83-4653-b23d-93cd17970ee2,ID204689,CID-266,0889fe18-8a83-4653-b23d-93cd17970ee2,2026-04-05,2026-05-05,1119.76,67.2,1186.96,Issued,SampleGen
INV-0c84a086-cc41-4c3e-abb3-8be4b2ed750b,ID204690,CID-266,0c84a086-cc41-4c3e-abb3-8be4b2ed750b,2026-04-04,2026-05-04,499.88,30.0,529.88,Issued,SampleGen
INV-6e60f660-85a4-4252-a498-e6619b0cf335,ID204691,CID-267,6e60f660-85a4-4252-a498-e6619b0cf335,2025-05-27,2025-06-26,423.9,25.44,449.34,Issued,SampleGen
INV-1dd94a60-fdb6-45c7-9155-7e24fcfd2ee4,ID204692,CID-267,1dd94a60-fdb6-45c7-9155-7e24fcfd2ee4,2025-06-29,2025-07-29,4627.82,277.68,4905.5,Issued,SampleGen
INV-db1d96af-0b64-4cb6-933a-cca1b8be7d7b,ID204693,CID-267,db1d96af-0b64-4cb6-933a-cca1b8be7d7b,2025-07-07,2025-08-06,643.88,38.64,682.52,Issued,SampleGen
INV-79ae3123-5879-43f6-b51a-01a658094c51,ID204694,CID-267,79ae3123-5879-43f6-b51a-01a658094c51,2025-09-26,2025-10-26,1679.88,100.8,1780.68,Issued,SampleGen
INV-37b04586-aced-4d64-aae6-909ed00a604e,ID204695,CID-267,37b04586-aced-4d64-aae6-909ed00a604e,2025-11-01,2025-12-01,2523.8,151.44,2675.24,Issued,SampleGen
INV-6a379ffa-a1f5-4efe-abc3-b092997a9fa9,ID204696,CID-267,6a379ffa-a1f5-4efe-abc3-b092997a9fa9,2025-11-06,2025-12-06,541.86,32.52,574.38,Issued,SampleGen
INV-eac299b4-23dd-4ab8-bc05-1855fdc0b3b7,ID204697,CID-267,eac299b4-23dd-4ab8-bc05-1855fdc0b3b7,2025-12-08,2026-01-07,1455.86,87.36,1543.22,Issued,SampleGen
INV-bf1fcfdc-33e5-4c47-a08f-3e53d4ffb54d,ID204698,CID-267,bf1fcfdc-33e5-4c47-a08f-3e53d4ffb54d,2026-01-25,2026-02-24,2463.92,147.84,2611.76,Issued,SampleGen
INV-f7ec22f9-0323-4e3c-8f53-0ffe2e05dd46,ID204699,CID-267,f7ec22f9-0323-4e3c-8f53-0ffe2e05dd46,2026-02-11,2026-03-13,2905.8,174.36,3080.16,Issued,SampleGen
INV-5739e393-7c3f-44fa-862b-71534e9623a8,ID204700,CID-267,5739e393-7c3f-44fa-862b-71534e9623a8,2026-03-26,2026-04-25,815.88,48.96,864.84,Issued,SampleGen
INV-23058243-536e-4dc6-a44a-a3e00175e0ab,ID204701,CID-267,23058243-536e-4dc6-a44a-a3e00175e0ab,2026-04-22,2026-05-22,3779.8,226.8,4006.6,Issued,SampleGen
INV-1dc74c06-89ee-496b-9e17-c6a896dc3236,ID204702,CID-268,1dc74c06-89ee-496b-9e17-c6a896dc3236,2025-01-24,2025-02-23,835.88,50.16,886.04,Issued,SampleGen
INV-d9554286-52f9-4805-8a50-13ae09a3d6ff,ID204703,CID-268,d9554286-52f9-4805-8a50-13ae09a3d6ff,2025-02-19,2025-03-21,2239.82,134.4,2374.22,Issued,SampleGen
INV-853eaf89-a964-4bc5-ab15-b95121ede4bb,ID204704,CID-268,853eaf89-a964-4bc5-ab15-b95121ede4bb,2025-02-06,2025-03-08,2335.88,140.16,2476.04,Issued,SampleGen
INV-cb9d0b41-aeed-4d6d-b679-1d19eed6a240,ID204705,CID-268,cb9d0b41-aeed-4d6d-b679-1d19eed6a240,2025-03-26,2025-04-25,539.86,32.4,572.26,Issued,SampleGen
INV-7f70205c-91c1-4143-b2bb-c93451d8d9d2,ID204706,CID-268,7f70205c-91c1-4143-b2bb-c93451d8d9d2,2025-03-18,2025-04-17,2095.74,125.76,2221.5,Issued,SampleGen
INV-312042fa-1657-4923-a4ab-fa81412982c3,ID204707,CID-268,312042fa-1657-4923-a4ab-fa81412982c3,2025-04-29,2025-05-29,3025.8,181.56,3207.36,Issued,SampleGen
INV-2c77124c-d706-411a-830e-33e455468299,ID204708,CID-268,2c77124c-d706-411a-830e-33e455468299,2025-04-10,2025-05-10,479.9,28.8,508.7,Issued,SampleGen
INV-b28d679a-75c0-44e4-b697-effd5d20b391,ID204709,CID-268,b28d679a-75c0-44e4-b697-effd5d20b391,2025-05-07,2025-06-06,1923.84,115.44,2039.28,Issued,SampleGen
INV-947ae6cb-5dac-4e15-814f-525ef1b91c4a,ID204710,CID-268,947ae6cb-5dac-4e15-814f-525ef1b91c4a,2025-05-12,2025-06-11,1075.9,64.56,1140.46,Issued,SampleGen
INV-ab963912-10a6-41ec-ba6a-abb72bff5d02,ID204711,CID-268,ab963912-10a6-41ec-ba6a-abb72bff5d02,2025-06-12,2025-07-12,1887.82,113.28,2001.1,Issued,SampleGen
INV-4d0f43a6-ddfc-4ebe-a7a1-44a68db3446a,ID204712,CID-268,4d0f43a6-ddfc-4ebe-a7a1-44a68db3446a,2025-06-24,2025-07-24,859.86,51.6,911.46,Issued,SampleGen
INV-781ad30a-c982-40b6-8a45-9366df269f40,ID204713,CID-268,781ad30a-c982-40b6-8a45-9366df269f40,2025-07-09,2025-08-08,739.86,44.4,784.26,Issued,SampleGen
INV-ba23d3a6-fad7-4ceb-a072-2b8e0a3691f1,ID204714,CID-268,ba23d3a6-fad7-4ceb-a072-2b8e0a3691f1,2025-07-22,2025-08-21,4103.72,246.24,4349.96,Issued,SampleGen
INV-f6e5f770-39a0-4f87-bf0c-5c8e508d4aae,ID204715,CID-268,f6e5f770-39a0-4f87-bf0c-5c8e508d4aae,2025-08-04,2025-09-03,1143.7,68.64,1212.34,Issued,SampleGen
INV-951fd8f2-8588-49d1-a064-fc22f2dbeef3,ID204716,CID-268,951fd8f2-8588-49d1-a064-fc22f2dbeef3,2025-08-27,2025-09-26,717.86,43.08,760.94,Issued,SampleGen
INV-2b4ced0a-8a26-49a4-9a6c-fe0558a5fc0a,ID204717,CID-268,2b4ced0a-8a26-49a4-9a6c-fe0558a5fc0a,2025-09-25,2025-10-25,4523.72,271.44,4795.16,Issued,SampleGen
INV-be0a6c4c-a31d-4069-9306-1e3f8453704e,ID204718,CID-268,be0a6c4c-a31d-4069-9306-1e3f8453704e,2025-09-16,2025-10-16,5271.8,316.32,5588.12,Issued,SampleGen
INV-53e507d5-e432-4538-b297-9ae53035fc89,ID204719,CID-268,53e507d5-e432-4538-b297-9ae53035fc89,2025-10-03,2025-11-02,1363.78,81.84,1445.62,Issued,SampleGen
INV-4d75af3a-2ac3-4b73-ab14-28b537144440,ID204720,CID-268,4d75af3a-2ac3-4b73-ab14-28b537144440,2025-10-30,2025-11-29,1507.86,90.48,1598.34,Issued,SampleGen
INV-663ada67-0b20-406c-ac51-7e7dcab7f5b4,ID204721,CID-268,663ada67-0b20-406c-ac51-7e7dcab7f5b4,2025-11-04,2025-12-04,909.72,54.6,964.32,Issued,SampleGen
INV-7f49c77c-c63e-445e-a31c-a2498af5462c,ID204722,CID-268,7f49c77c-c63e-445e-a31c-a2498af5462c,2025-11-04,2025-12-04,1223.8,73.44,1297.24,Issued,SampleGen
INV-449a4b42-9e2a-4ac5-bb76-9eff214e5e70,ID204723,CID-268,449a4b42-9e2a-4ac5-bb76-9eff214e5e70,2025-11-05,2025-12-05,2411.72,144.72,2556.44,Issued,SampleGen
INV-1605c15f-87bf-4da4-a0d6-920cd5cc3fab,ID204724,CID-268,1605c15f-87bf-4da4-a0d6-920cd5cc3fab,2025-12-27,2026-01-26,4463.74,267.84,4731.58,Issued,SampleGen
INV-0d630c0c-8664-402d-8a94-d479d44e7a9b,ID204725,CID-268,0d630c0c-8664-402d-8a94-d479d44e7a9b,2025-12-04,2026-01-03,679.9,40.8,720.7,Issued,SampleGen
INV-38ac9572-c0b3-4d91-93d4-7d4ef17e3855,ID204726,CID-268,38ac9572-c0b3-4d91-93d4-7d4ef17e3855,2025-12-22,2026-01-21,519.92,31.2,551.12,Issued,SampleGen
INV-b9e59cfb-0b22-49b2-9ef2-36201b034132,ID204727,CID-268,b9e59cfb-0b22-49b2-9ef2-36201b034132,2026-01-31,2026-03-02,451.88,27.12,479.0,Issued,SampleGen
INV-3edc6317-ea8a-4594-b317-c5d6e14a847e,ID204728,CID-268,3edc6317-ea8a-4594-b317-c5d6e14a847e,2026-01-07,2026-02-06,1095.78,65.76,1161.54,Issued,SampleGen
INV-79c8f8d1-e928-4af8-a263-f80e21350e06,ID204729,CID-268,79c8f8d1-e928-4af8-a263-f80e21350e06,2026-01-29,2026-02-28,3583.84,215.04,3798.88,Issued,SampleGen
INV-db1996c6-ccb4-4fd9-a459-beb75dd076b3,ID204730,CID-268,db1996c6-ccb4-4fd9-a459-beb75dd076b3,2026-02-07,2026-03-09,2039.7,122.4,2162.1,Issued,SampleGen
INV-446500a2-7d97-4803-be35-7730f8d26356,ID204731,CID-268,446500a2-7d97-4803-be35-7730f8d26356,2026-02-07,2026-03-09,2395.78,143.76,2539.54,Issued,SampleGen
INV-4469509e-cd43-47fe-8f8d-e59f86d8c020,ID204732,CID-268,4469509e-cd43-47fe-8f8d-e59f86d8c020,2026-02-28,2026-03-30,1923.84,115.44,2039.28,Issued,SampleGen
INV-5d6918af-4cf9-4a89-8a64-d4b4ea7b50f9,ID204733,CID-268,5d6918af-4cf9-4a89-8a64-d4b4ea7b50f9,2026-02-20,2026-03-22,1773.78,106.44,1880.22,Issued,SampleGen
INV-e9467106-0200-4b28-82f8-4b537daed00e,ID204734,CID-268,e9467106-0200-4b28-82f8-4b537daed00e,2026-03-07,2026-04-06,1289.82,77.4,1367.22,Issued,SampleGen
INV-b96949b6-66d1-4f03-935c-13089e59e5a8,ID204735,CID-268,b96949b6-66d1-4f03-935c-13089e59e5a8,2026-03-12,2026-04-11,1475.88,88.56,1564.44,Issued,SampleGen
INV-1e785e79-91b5-4489-95e0-54fd0c9d2038,ID204736,CID-268,1e785e79-91b5-4489-95e0-54fd0c9d2038,2026-03-04,2026-04-03,1975.92,118.56,2094.48,Issued,SampleGen
INV-3a4b3e8d-b153-4f0f-89af-2d54c40fc1a9,ID204737,CID-268,3a4b3e8d-b153-4f0f-89af-2d54c40fc1a9,2026-04-06,2026-05-06,1563.76,93.84,1657.6,Issued,SampleGen
INV-757b16ad-91b4-4976-9b99-1920543872b8,ID204738,CID-268,757b16ad-91b4-4976-9b99-1920543872b8,2026-04-23,2026-05-23,755.78,45.36,801.14,Issued,SampleGen
INV-0ad331ce-79b9-4d0a-bf88-b983036bb0c8,ID204739,CID-268,0ad331ce-79b9-4d0a-bf88-b983036bb0c8,2026-04-04,2026-05-04,2755.86,165.36,2921.22,Issued,SampleGen
INV-8f9b135c-b6e0-4116-ac74-c3deef0d5a89,ID204740,CID-269,8f9b135c-b6e0-4116-ac74-c3deef0d5a89,2025-02-03,2025-03-05,1433.72,86.04,1519.76,Issued,SampleGen
INV-af084e92-fd19-49c7-bd8f-8ab4c03c6606,ID204741,CID-269,af084e92-fd19-49c7-bd8f-8ab4c03c6606,2025-03-27,2025-04-26,1619.8,97.2,1717.0,Issued,SampleGen
INV-224ac9d4-b2f1-4e1f-97a3-0c3f3b5ab357,ID204742,CID-269,224ac9d4-b2f1-4e1f-97a3-0c3f3b5ab357,2025-04-05,2025-05-05,1887.92,113.28,2001.2,Issued,SampleGen
INV-47059a13-92b6-48ed-9132-f94100b6209d,ID204743,CID-269,47059a13-92b6-48ed-9132-f94100b6209d,2025-05-27,2025-06-26,555.76,33.36,589.12,Issued,SampleGen
INV-d4a5bd9c-f8e0-4f54-9192-9ddcd0a29129,ID204744,CID-269,d4a5bd9c-f8e0-4f54-9192-9ddcd0a29129,2025-06-17,2025-07-17,791.74,47.52,839.26,Issued,SampleGen
INV-d5a18428-9bed-429a-821a-e2eb0e9e152c,ID204745,CID-269,d5a18428-9bed-429a-821a-e2eb0e9e152c,2025-07-13,2025-08-12,4327.8,259.68,4587.48,Issued,SampleGen
INV-add7cc60-020c-48e5-a9d9-36de5bb6ee1e,ID204746,CID-269,add7cc60-020c-48e5-a9d9-36de5bb6ee1e,2025-08-13,2025-09-12,783.86,47.04,830.9,Issued,SampleGen
INV-78cc37b7-6a71-4829-a5f7-d14a4c12803d,ID204747,CID-269,78cc37b7-6a71-4829-a5f7-d14a4c12803d,2025-09-06,2025-10-06,671.76,40.32,712.08,Issued,SampleGen
INV-a275c249-cf47-4af3-8d95-f96d43a22b61,ID204748,CID-269,a275c249-cf47-4af3-8d95-f96d43a22b61,2025-10-02,2025-11-01,1699.8,102.0,1801.8,Issued,SampleGen
INV-db3b4275-52ef-41f4-87bc-5cf5e1d3c211,ID204749,CID-269,db3b4275-52ef-41f4-87bc-5cf5e1d3c211,2025-10-29,2025-11-28,1953.76,117.24,2071.0,Issued,SampleGen
INV-ef08d18d-fd95-4189-8ca7-94b75876d234,ID204750,CID-269,ef08d18d-fd95-4189-8ca7-94b75876d234,2025-11-23,2025-12-23,1919.82,115.2,2035.02,Issued,SampleGen
INV-4995fbed-4ae7-4460-8987-eb0cbe02d3fa,ID204751,CID-269,4995fbed-4ae7-4460-8987-eb0cbe02d3fa,2025-12-03,2026-01-02,3507.78,210.48,3718.26,Issued,SampleGen
INV-dac5c834-76e5-4af5-8fba-98edffcd20fe,ID204752,CID-269,dac5c834-76e5-4af5-8fba-98edffcd20fe,2025-12-13,2026-01-12,2831.84,169.92,3001.76,Issued,SampleGen
INV-8b739a30-6d60-4fd6-a9f2-003c8327b501,ID204753,CID-269,8b739a30-6d60-4fd6-a9f2-003c8327b501,2026-01-09,2026-02-08,1859.76,111.6,1971.36,Issued,SampleGen
INV-327947fe-ec25-4c06-8c8a-3d69b81630e7,ID204754,CID-269,327947fe-ec25-4c06-8c8a-3d69b81630e7,2026-02-10,2026-03-12,503.88,30.24,534.12,Issued,SampleGen
INV-21c38d6b-8adb-4262-9613-d36df42b280c,ID204755,CID-269,21c38d6b-8adb-4262-9613-d36df42b280c,2026-02-10,2026-03-12,983.92,59.04,1042.96,Issued,SampleGen
INV-412d104a-6684-42c0-99c2-da330039c6cc,ID204756,CID-269,412d104a-6684-42c0-99c2-da330039c6cc,2026-03-24,2026-04-23,2005.82,120.36,2126.18,Issued,SampleGen
INV-93583e0c-bf8d-4f49-9cb0-14c473cafe4a,ID204757,CID-269,93583e0c-bf8d-4f49-9cb0-14c473cafe4a,2026-03-24,2026-04-23,805.82,48.36,854.18,Issued,SampleGen
INV-9da8eb91-7c00-4eda-9593-abbc8e34a630,ID204758,CID-269,9da8eb91-7c00-4eda-9593-abbc8e34a630,2026-04-26,2026-05-26,1519.88,91.2,1611.08,Issued,SampleGen
INV-4da01197-dfff-4ea5-8618-d04fc295bad7,ID204759,CID-269,4da01197-dfff-4ea5-8618-d04fc295bad7,2026-04-16,2026-05-16,243.88,14.64,258.52,Issued,SampleGen
INV-e6cc0261-18e9-4175-8b30-6d95d07ec3ce,ID204760,CID-270,e6cc0261-18e9-4175-8b30-6d95d07ec3ce,2025-06-02,2025-07-02,1527.76,91.68,1619.44,Issued,SampleGen
INV-54b5681f-62aa-410c-9997-6d13a916637d,ID204761,CID-270,54b5681f-62aa-410c-9997-6d13a916637d,2025-07-31,2025-08-30,6351.78,381.12,6732.9,Issued,SampleGen
INV-a6a784b0-ada0-4801-a1dc-5cc4fd1d76cb,ID204762,CID-270,a6a784b0-ada0-4801-a1dc-5cc4fd1d76cb,2025-08-18,2025-09-17,423.84,25.44,449.28,Issued,SampleGen
INV-374c4745-627a-43b6-aa82-5b53c0f9ede5,ID204763,CID-270,374c4745-627a-43b6-aa82-5b53c0f9ede5,2025-09-28,2025-10-28,1371.86,82.32,1454.18,Issued,SampleGen
INV-50be84fb-dc71-4add-a1d6-d2bea8372394,ID204764,CID-270,50be84fb-dc71-4add-a1d6-d2bea8372394,2025-11-12,2025-12-12,899.9,54.0,953.9,Issued,SampleGen
INV-6d4502b8-1b81-42d8-8aa1-cbd4fa153551,ID204765,CID-270,6d4502b8-1b81-42d8-8aa1-cbd4fa153551,2025-12-17,2026-01-16,2397.74,143.88,2541.62,Issued,SampleGen
INV-78c07ecb-5329-49c0-b464-da04f8824c83,ID204766,CID-270,78c07ecb-5329-49c0-b464-da04f8824c83,2026-01-11,2026-02-10,4651.78,279.12,4930.9,Issued,SampleGen
INV-de52068a-e0fe-483b-a032-a77186e05f66,ID204767,CID-270,de52068a-e0fe-483b-a032-a77186e05f66,2026-03-20,2026-04-19,971.8,58.32,1030.12,Issued,SampleGen
INV-9e8cf885-8536-42cb-aa14-4de3afc2b7c1,ID204768,CID-270,9e8cf885-8536-42cb-aa14-4de3afc2b7c1,2026-04-18,2026-05-18,2611.82,156.72,2768.54,Issued,SampleGen
INV-ee23e89b-d73a-43cf-92ce-36e14eda88a7,ID204769,CID-271,ee23e89b-d73a-43cf-92ce-36e14eda88a7,2025-03-25,2025-04-24,843.84,50.64,894.48,Issued,SampleGen
INV-e61bd65c-08d2-48f7-af8f-609382fb747b,ID204770,CID-271,e61bd65c-08d2-48f7-af8f-609382fb747b,2025-05-28,2025-06-27,183.88,11.04,194.92,Issued,SampleGen
INV-c4bbe269-208e-4e25-a545-458faa455622,ID204771,CID-271,c4bbe269-208e-4e25-a545-458faa455622,2025-06-22,2025-07-22,639.8,38.4,678.2,Issued,SampleGen
INV-54986450-53b7-4851-822d-63a3e4868a40,ID204772,CID-271,54986450-53b7-4851-822d-63a3e4868a40,2025-07-19,2025-08-18,1395.8,83.76,1479.56,Issued,SampleGen
INV-6e360e68-301b-4658-a692-c76b90c04f05,ID204773,CID-271,6e360e68-301b-4658-a692-c76b90c04f05,2025-08-16,2025-09-15,4007.76,240.48,4248.24,Issued,SampleGen
INV-178ecab4-92ef-4f7b-afb8-05c9bb5eb035,ID204774,CID-271,178ecab4-92ef-4f7b-afb8-05c9bb5eb035,2025-09-30,2025-10-30,4547.86,272.88,4820.74,Issued,SampleGen
INV-8eb0d9be-ca52-45c6-87db-f94e7f964412,ID204775,CID-271,8eb0d9be-ca52-45c6-87db-f94e7f964412,2025-10-07,2025-11-06,2787.86,167.28,2955.14,Issued,SampleGen
INV-e200cd4d-a5d3-4900-80c1-f9d3ed680045,ID204776,CID-271,e200cd4d-a5d3-4900-80c1-f9d3ed680045,2025-11-14,2025-12-14,1831.74,109.92,1941.66,Issued,SampleGen
INV-bfb11700-98d5-4373-9ea6-82435b1e5ad0,ID204777,CID-271,bfb11700-98d5-4373-9ea6-82435b1e5ad0,2025-12-21,2026-01-20,3463.82,207.84,3671.66,Issued,SampleGen
INV-cc40dd32-9132-4ed1-af04-4ee52b17c968,ID204778,CID-271,cc40dd32-9132-4ed1-af04-4ee52b17c968,2026-01-26,2026-02-25,1093.86,65.64,1159.5,Issued,SampleGen
INV-81c90b31-97a8-4030-b2ca-c6d49bcdb95f,ID204779,CID-271,81c90b31-97a8-4030-b2ca-c6d49bcdb95f,2026-02-05,2026-03-07,445.86,26.76,472.62,Issued,SampleGen
INV-4fbd3880-33cd-454b-a44b-41016ab19bcf,ID204780,CID-271,4fbd3880-33cd-454b-a44b-41016ab19bcf,2026-03-11,2026-04-10,1775.78,106.56,1882.34,Issued,SampleGen
INV-19926a5f-cf5d-4bbd-af63-00c54cef1222,ID204781,CID-271,19926a5f-cf5d-4bbd-af63-00c54cef1222,2026-04-26,2026-05-26,3435.7,206.16,3641.86,Issued,SampleGen
INV-80a7eb5a-8e29-4038-bc42-e571008c744d,ID204782,CID-272,80a7eb5a-8e29-4038-bc42-e571008c744d,2025-01-14,2025-02-13,543.92,32.64,576.56,Issued,SampleGen
INV-582fbcb1-59ec-4e8f-b72f-a419bf84dca4,ID204783,CID-272,582fbcb1-59ec-4e8f-b72f-a419bf84dca4,2025-02-05,2025-03-07,3775.84,226.56,4002.4,Issued,SampleGen
INV-3dc444c2-60bf-4658-bd73-111c57851896,ID204784,CID-272,3dc444c2-60bf-4658-bd73-111c57851896,2025-03-14,2025-04-13,447.88,26.88,474.76,Issued,SampleGen
INV-327e86df-adc2-4cb2-adc9-4e5c0d8ce7c0,ID204785,CID-272,327e86df-adc2-4cb2-adc9-4e5c0d8ce7c0,2025-04-11,2025-05-11,1083.86,65.04,1148.9,Issued,SampleGen
INV-47f6bcdd-fbb7-47d4-a8aa-e2cbf7eca75f,ID204786,CID-272,47f6bcdd-fbb7-47d4-a8aa-e2cbf7eca75f,2025-05-27,2025-06-26,1267.82,76.08,1343.9,Issued,SampleGen
INV-7891e2d8-2afe-4088-bd04-bec2549f8c56,ID204787,CID-272,7891e2d8-2afe-4088-bd04-bec2549f8c56,2025-05-27,2025-06-26,669.84,40.2,710.04,Issued,SampleGen
INV-a8a32761-47e4-44a0-b842-97ed0ac5b48d,ID204788,CID-272,a8a32761-47e4-44a0-b842-97ed0ac5b48d,2025-06-08,2025-07-08,663.76,39.84,703.6,Issued,SampleGen
INV-a1e0048b-ec28-4d85-9e17-b5b580d3fefe,ID204789,CID-272,a1e0048b-ec28-4d85-9e17-b5b580d3fefe,2025-06-30,2025-07-30,1303.86,78.24,1382.1,Issued,SampleGen
INV-695afc18-b3a9-4aca-a49e-2323a4664a04,ID204790,CID-272,695afc18-b3a9-4aca-a49e-2323a4664a04,2025-08-01,2025-08-31,2019.82,121.2,2141.02,Issued,SampleGen
INV-b4a63f88-300d-4078-817e-195c89457b97,ID204791,CID-272,b4a63f88-300d-4078-817e-195c89457b97,2025-07-16,2025-08-15,567.9,34.08,601.98,Issued,SampleGen
INV-371c5375-7f12-48ac-8b48-55e1f9959a9a,ID204792,CID-272,371c5375-7f12-48ac-8b48-55e1f9959a9a,2025-08-26,2025-09-25,4457.84,267.48,4725.32,Issued,SampleGen
INV-3853630a-74d9-4968-a262-019b5ef21b16,ID204793,CID-272,3853630a-74d9-4968-a262-019b5ef21b16,2025-08-14,2025-09-13,4719.72,283.2,5002.92,Issued,SampleGen
INV-7f0f5d3e-91ab-4d54-a31a-d975d31d0680,ID204794,CID-272,7f0f5d3e-91ab-4d54-a31a-d975d31d0680,2025-09-24,2025-10-24,1193.78,71.64,1265.42,Issued,SampleGen
INV-90cfa1d8-6ef7-4db0-b4d5-866fdca8f504,ID204795,CID-272,90cfa1d8-6ef7-4db0-b4d5-866fdca8f504,2025-09-21,2025-10-21,671.9,40.32,712.22,Issued,SampleGen
INV-bc047a9c-765d-487b-b2eb-bc816bc2670f,ID204796,CID-272,bc047a9c-765d-487b-b2eb-bc816bc2670f,2025-10-23,2025-11-22,3079.8,184.8,3264.6,Issued,SampleGen
INV-dfbab50b-96d5-498d-bead-de1cb46d36da,ID204797,CID-272,dfbab50b-96d5-498d-bead-de1cb46d36da,2025-10-31,2025-11-30,1617.76,97.08,1714.84,Issued,SampleGen
INV-99146ffd-5ecd-4291-b9d0-c20b50663988,ID204798,CID-272,99146ffd-5ecd-4291-b9d0-c20b50663988,2025-11-21,2025-12-21,1213.78,72.84,1286.62,Issued,SampleGen
INV-b341b693-ee5d-47f9-9bf8-eb461ce52323,ID204799,CID-272,b341b693-ee5d-47f9-9bf8-eb461ce52323,2025-11-09,2025-12-09,225.9,13.56,239.46,Issued,SampleGen
INV-3c23a499-3a84-40f5-bbf0-f7436dc519bb,ID204800,CID-272,3c23a499-3a84-40f5-bbf0-f7436dc519bb,2025-11-18,2025-12-18,473.86,28.44,502.3,Issued,SampleGen
INV-99a34777-7289-4f43-a121-5a7c54c71ae1,ID204801,CID-272,99a34777-7289-4f43-a121-5a7c54c71ae1,2025-12-05,2026-01-04,3695.88,221.76,3917.64,Issued,SampleGen
INV-f988b579-9c34-41f6-a4b2-700d8246b6f7,ID204802,CID-272,f988b579-9c34-41f6-a4b2-700d8246b6f7,2025-12-31,2026-01-30,3795.84,227.76,4023.6,Issued,SampleGen
INV-ff95368c-a643-4011-b821-2c9d126ca3ba,ID204803,CID-272,ff95368c-a643-4011-b821-2c9d126ca3ba,2026-01-22,2026-02-21,883.72,53.04,936.76,Issued,SampleGen
INV-d493161e-7e8c-45cf-9316-976908110183,ID204804,CID-272,d493161e-7e8c-45cf-9316-976908110183,2026-01-20,2026-02-19,1199.82,72.0,1271.82,Issued,SampleGen
INV-ef4e8155-0cc3-4a44-9191-3bbea6f24a37,ID204805,CID-272,ef4e8155-0cc3-4a44-9191-3bbea6f24a37,2026-01-16,2026-02-15,2923.86,175.44,3099.3,Issued,SampleGen
INV-2c92f96c-fdd4-44cf-b63f-d057a4da8b8c,ID204806,CID-272,2c92f96c-fdd4-44cf-b63f-d057a4da8b8c,2026-02-11,2026-03-13,995.78,59.76,1055.54,Issued,SampleGen
INV-927e044f-7455-4d77-8d6b-eb584568256d,ID204807,CID-272,927e044f-7455-4d77-8d6b-eb584568256d,2026-03-01,2026-03-31,2139.84,128.4,2268.24,Issued,SampleGen
INV-501c5069-11d8-4b31-9cf4-adf5aaab7d2c,ID204808,CID-272,501c5069-11d8-4b31-9cf4-adf5aaab7d2c,2026-02-05,2026-03-07,1659.88,99.6,1759.48,Issued,SampleGen
INV-897e76fb-054c-40ce-8c54-c7b9d419301c,ID204809,CID-272,897e76fb-054c-40ce-8c54-c7b9d419301c,2026-03-26,2026-04-25,1311.72,78.72,1390.44,Issued,SampleGen
INV-8293f203-1d4c-4dec-a726-1c228512c23d,ID204810,CID-272,8293f203-1d4c-4dec-a726-1c228512c23d,2026-03-03,2026-04-02,1839.84,110.4,1950.24,Issued,SampleGen
INV-87d25820-edd1-4cc5-b9c6-c4d51bcbf5d3,ID204811,CID-272,87d25820-edd1-4cc5-b9c6-c4d51bcbf5d3,2026-03-15,2026-04-14,3811.8,228.72,4040.52,Issued,SampleGen
INV-7f5df07b-ce3e-4983-8eff-3a6d9170ec8c,ID204812,CID-272,7f5df07b-ce3e-4983-8eff-3a6d9170ec8c,2026-04-17,2026-05-17,1401.84,84.12,1485.96,Issued,SampleGen
INV-d8cbb358-7aee-4c19-a986-c8e4ae18225d,ID204813,CID-272,d8cbb358-7aee-4c19-a986-c8e4ae18225d,2026-04-20,2026-05-20,1419.86,85.2,1505.06,Issued,SampleGen
INV-c9619e67-5ce7-4530-978f-1d4ec87a0457,ID204814,CID-272,c9619e67-5ce7-4530-978f-1d4ec87a0457,2026-04-16,2026-05-16,3059.8,183.6,3243.4,Issued,SampleGen
INV-26a2cb7b-a9e7-4853-8678-79ff45f91113,ID204815,CID-273,26a2cb7b-a9e7-4853-8678-79ff45f91113,2025-01-03,2025-02-02,2179.78,130.8,2310.58,Issued,SampleGen
INV-c8c9f291-059f-4651-b7ce-510e9405e6ad,ID204816,CID-273,c8c9f291-059f-4651-b7ce-510e9405e6ad,2025-02-04,2025-03-06,3199.78,192.0,3391.78,Issued,SampleGen
INV-56f38185-b38c-49f7-aea9-136699ff5dff,ID204817,CID-273,56f38185-b38c-49f7-aea9-136699ff5dff,2025-03-06,2025-04-05,4273.74,256.44,4530.18,Issued,SampleGen
INV-f68841df-ea2e-499b-b065-edc4e74101b7,ID204818,CID-273,f68841df-ea2e-499b-b065-edc4e74101b7,2025-04-25,2025-05-25,687.82,41.28,729.1,Issued,SampleGen
INV-7b459c65-2833-4653-be03-dba7a7c23ef1,ID204819,CID-273,7b459c65-2833-4653-be03-dba7a7c23ef1,2025-04-25,2025-05-25,1919.86,115.2,2035.06,Issued,SampleGen
INV-9a1d51ef-7af9-4451-9f77-2115b0d3f3e3,ID204820,CID-273,9a1d51ef-7af9-4451-9f77-2115b0d3f3e3,2025-05-23,2025-06-22,899.9,54.0,953.9,Issued,SampleGen
INV-d9567178-b6da-4e4c-94de-78951685908d,ID204821,CID-273,d9567178-b6da-4e4c-94de-78951685908d,2025-05-22,2025-06-21,5255.72,315.36,5571.08,Issued,SampleGen
INV-9a964026-4e54-4145-a9dd-4200d1112406,ID204822,CID-273,9a964026-4e54-4145-a9dd-4200d1112406,2025-06-25,2025-07-25,347.88,20.88,368.76,Issued,SampleGen
INV-f5d201a6-3853-4baf-8b56-c2d4dabbb23d,ID204823,CID-273,f5d201a6-3853-4baf-8b56-c2d4dabbb23d,2025-06-23,2025-07-23,927.76,55.68,983.44,Issued,SampleGen
INV-ea2b85a0-a0d7-4ec9-8fe0-827550e00525,ID204824,CID-273,ea2b85a0-a0d7-4ec9-8fe0-827550e00525,2025-07-23,2025-08-22,2239.84,134.4,2374.24,Issued,SampleGen
INV-ef5ac959-f1cd-47ca-8000-b232cf0e957a,ID204825,CID-273,ef5ac959-f1cd-47ca-8000-b232cf0e957a,2025-07-29,2025-08-28,727.88,43.68,771.56,Issued,SampleGen
INV-c46b82dd-e7dc-459a-936d-fc3684cd7d21,ID204826,CID-273,c46b82dd-e7dc-459a-936d-fc3684cd7d21,2025-08-13,2025-09-12,151.92,9.12,161.04,Issued,SampleGen
INV-22524740-4787-49cb-aadf-6f3367ba8768,ID204827,CID-273,22524740-4787-49cb-aadf-6f3367ba8768,2025-08-25,2025-09-24,445.9,26.76,472.66,Issued,SampleGen
INV-8da1673f-6c4e-4c3a-a76a-2d3d6a67829c,ID204828,CID-273,8da1673f-6c4e-4c3a-a76a-2d3d6a67829c,2025-09-06,2025-10-06,3239.78,194.4,3434.18,Issued,SampleGen
INV-e5382b80-1d73-42dc-b4a1-0159d83ab4bf,ID204829,CID-273,e5382b80-1d73-42dc-b4a1-0159d83ab4bf,2025-09-12,2025-10-12,1851.8,111.12,1962.92,Issued,SampleGen
INV-81396017-7bd9-4d26-80b2-829f4e908251,ID204830,CID-273,81396017-7bd9-4d26-80b2-829f4e908251,2025-10-14,2025-11-13,4483.8,269.04,4752.84,Issued,SampleGen
INV-b298f4c0-677a-496b-8abe-a1d012c3bdc7,ID204831,CID-273,b298f4c0-677a-496b-8abe-a1d012c3bdc7,2025-10-03,2025-11-02,1459.7,87.6,1547.3,Issued,SampleGen
INV-99ae923f-2e28-4034-a9ea-8b213e0cc462,ID204832,CID-273,99ae923f-2e28-4034-a9ea-8b213e0cc462,2025-11-21,2025-12-21,2013.74,120.84,2134.58,Issued,SampleGen
INV-6ca0d322-6fa9-49ab-b3bc-cd398824aaaf,ID204833,CID-273,6ca0d322-6fa9-49ab-b3bc-cd398824aaaf,2025-11-07,2025-12-07,4865.74,291.96,5157.7,Issued,SampleGen
INV-def7381f-333f-43fe-a731-917013a6604f,ID204834,CID-273,def7381f-333f-43fe-a731-917013a6604f,2025-11-27,2025-12-27,1255.9,75.36,1331.26,Issued,SampleGen
INV-f39c93a7-5f78-42ac-b986-a487e5f2dd9e,ID204835,CID-273,f39c93a7-5f78-42ac-b986-a487e5f2dd9e,2025-12-04,2026-01-03,6187.7,371.28,6558.98,Issued,SampleGen
INV-8a6815d2-478e-4c64-aef2-fda41f338b82,ID204836,CID-273,8a6815d2-478e-4c64-aef2-fda41f338b82,2025-12-25,2026-01-24,1819.92,109.2,1929.12,Issued,SampleGen
INV-d2afd486-edaa-45f2-953f-b2f7172481c0,ID204837,CID-273,d2afd486-edaa-45f2-953f-b2f7172481c0,2025-12-25,2026-01-24,255.92,15.36,271.28,Issued,SampleGen
INV-c39a106e-a8b1-4051-8a05-f85e40ae3d3e,ID204838,CID-273,c39a106e-a8b1-4051-8a05-f85e40ae3d3e,2026-01-25,2026-02-24,1153.86,69.24,1223.1,Issued,SampleGen
INV-d6e34c6b-951d-4d70-89a0-fa5ec4b8668c,ID204839,CID-273,d6e34c6b-951d-4d70-89a0-fa5ec4b8668c,2026-01-19,2026-02-18,1421.74,85.32,1507.06,Issued,SampleGen
INV-3e54f22b-ca88-4eae-9579-fbc79cb6d0a4,ID204840,CID-273,3e54f22b-ca88-4eae-9579-fbc79cb6d0a4,2026-01-11,2026-02-10,773.84,46.44,820.28,Issued,SampleGen
INV-16f27398-7b75-4a24-ad1f-2de9e06ebcf5,ID204841,CID-273,16f27398-7b75-4a24-ad1f-2de9e06ebcf5,2026-02-28,2026-03-30,1535.82,92.16,1627.98,Issued,SampleGen
INV-aab1c81f-2a1c-4dca-92b3-41951b949c44,ID204842,CID-273,aab1c81f-2a1c-4dca-92b3-41951b949c44,2026-02-20,2026-03-22,5127.74,307.68,5435.42,Issued,SampleGen
INV-83339024-568e-46d2-9272-18cbcf21eb29,ID204843,CID-273,83339024-568e-46d2-9272-18cbcf21eb29,2026-02-02,2026-03-04,963.76,57.84,1021.6,Issued,SampleGen
INV-dfca4c5f-92a1-4899-96f6-bbc8b195fbf2,ID204844,CID-273,dfca4c5f-92a1-4899-96f6-bbc8b195fbf2,2026-03-25,2026-04-24,959.86,57.6,1017.46,Issued,SampleGen
INV-b81260de-cda5-4c48-83f2-280a26735bf9,ID204845,CID-273,b81260de-cda5-4c48-83f2-280a26735bf9,2026-03-09,2026-04-08,4127.84,247.68,4375.52,Issued,SampleGen
INV-d6911dad-d395-4e2e-bd5f-3472bbd0d43b,ID204846,CID-273,d6911dad-d395-4e2e-bd5f-3472bbd0d43b,2026-03-16,2026-04-15,3095.88,185.76,3281.64,Issued,SampleGen
INV-5d4e2482-f3bf-4c47-8270-4a37fdc37429,ID204847,CID-273,5d4e2482-f3bf-4c47-8270-4a37fdc37429,2026-04-27,2026-05-27,2791.8,167.52,2959.32,Issued,SampleGen
INV-ec56c715-70dc-4ce0-80b7-1003c2937755,ID204848,CID-273,ec56c715-70dc-4ce0-80b7-1003c2937755,2026-04-21,2026-05-21,907.86,54.48,962.34,Issued,SampleGen
INV-cd03199c-14d0-4649-8656-19b4adf04e1a,ID204849,CID-273,cd03199c-14d0-4649-8656-19b4adf04e1a,2026-04-08,2026-05-08,4131.78,247.92,4379.7,Issued,SampleGen
INV-6b41f351-24b0-4eb1-876e-9d4d2642de40,ID204850,CID-274,6b41f351-24b0-4eb1-876e-9d4d2642de40,2025-05-21,2025-06-20,447.84,26.88,474.72,Issued,SampleGen
INV-16d09e8c-4c50-4a5e-9bad-61ece3f05217,ID204851,CID-274,16d09e8c-4c50-4a5e-9bad-61ece3f05217,2025-08-15,2025-09-14,2539.8,152.4,2692.2,Issued,SampleGen
INV-ad3a5215-c694-436d-bd0c-9b46b18ef84d,ID204852,CID-274,ad3a5215-c694-436d-bd0c-9b46b18ef84d,2025-09-14,2025-10-14,1371.86,82.32,1454.18,Issued,SampleGen
INV-8ca8e7af-214f-4935-be4f-a0efb4c8628f,ID204853,CID-274,8ca8e7af-214f-4935-be4f-a0efb4c8628f,2025-11-16,2025-12-16,261.9,15.72,277.62,Issued,SampleGen
INV-e779060c-3123-4eda-a81e-6fd452750e5c,ID204854,CID-274,e779060c-3123-4eda-a81e-6fd452750e5c,2026-03-01,2026-03-31,1583.76,95.04,1678.8,Issued,SampleGen
INV-1bebeab5-db1e-4bcd-8066-a8bf26756267,ID204855,CID-275,1bebeab5-db1e-4bcd-8066-a8bf26756267,2025-02-04,2025-03-06,5111.88,306.72,5418.6,Issued,SampleGen
INV-8d8d0028-deb7-486e-9b0b-7db5f5d13b24,ID204856,CID-275,8d8d0028-deb7-486e-9b0b-7db5f5d13b24,2025-03-15,2025-04-14,2059.86,123.6,2183.46,Issued,SampleGen
INV-accb9006-4ec8-4822-af76-6ca352073987,ID204857,CID-275,accb9006-4ec8-4822-af76-6ca352073987,2025-09-23,2025-10-23,6147.78,368.88,6516.66,Issued,SampleGen
INV-c362dde7-6e9b-430d-b0f8-71402257c4a0,ID204858,CID-275,c362dde7-6e9b-430d-b0f8-71402257c4a0,2025-11-12,2025-12-12,3169.72,190.2,3359.92,Issued,SampleGen
INV-c79c8f53-6288-44d9-9ded-0e59492dae56,ID204859,CID-275,c79c8f53-6288-44d9-9ded-0e59492dae56,2025-12-13,2026-01-12,565.86,33.96,599.82,Issued,SampleGen
INV-683a580d-5153-4250-9106-fb3ef3773f5d,ID204860,CID-275,683a580d-5153-4250-9106-fb3ef3773f5d,2026-01-04,2026-02-03,6723.7,403.44,7127.14,Issued,SampleGen
INV-d3680721-881c-44b0-b023-3700c5e19e90,ID204861,CID-275,d3680721-881c-44b0-b023-3700c5e19e90,2026-02-23,2026-03-25,2063.8,123.84,2187.64,Issued,SampleGen
INV-576acef8-2d3b-4757-baaa-4a900d80cf04,ID204862,CID-276,576acef8-2d3b-4757-baaa-4a900d80cf04,2025-01-18,2025-02-17,1559.92,93.6,1653.52,Issued,SampleGen
INV-be75131a-7b0a-4c54-8257-4700d105207d,ID204863,CID-276,be75131a-7b0a-4c54-8257-4700d105207d,2025-04-03,2025-05-03,6815.84,408.96,7224.8,Issued,SampleGen
INV-444c84ee-dbed-46e8-9217-c7a1928d3e23,ID204864,CID-276,444c84ee-dbed-46e8-9217-c7a1928d3e23,2025-05-09,2025-06-08,707.84,42.48,750.32,Issued,SampleGen
INV-55b96ba7-9436-4856-ab73-186ce3fa6a7e,ID204865,CID-276,55b96ba7-9436-4856-ab73-186ce3fa6a7e,2025-06-29,2025-07-29,1587.78,95.28,1683.06,Issued,SampleGen
INV-d8f3561a-fef1-4949-8363-fb3d14f2534b,ID204866,CID-276,d8f3561a-fef1-4949-8363-fb3d14f2534b,2025-07-03,2025-08-02,957.74,57.48,1015.22,Issued,SampleGen
INV-2662e085-b531-4971-8bfc-80b239889742,ID204867,CID-276,2662e085-b531-4971-8bfc-80b239889742,2025-08-15,2025-09-14,775.82,46.56,822.38,Issued,SampleGen
INV-ae9d1b80-1764-4c94-844d-5b4ab2476211,ID204868,CID-276,ae9d1b80-1764-4c94-844d-5b4ab2476211,2025-09-24,2025-10-24,3263.88,195.84,3459.72,Issued,SampleGen
INV-70a35ee6-2686-4f96-9ecc-b0122937ae71,ID204869,CID-276,70a35ee6-2686-4f96-9ecc-b0122937ae71,2025-10-30,2025-11-29,3363.78,201.84,3565.62,Issued,SampleGen
INV-e8c3c225-fffa-49f5-8d78-6330faab6e92,ID204870,CID-276,e8c3c225-fffa-49f5-8d78-6330faab6e92,2025-11-21,2025-12-21,3959.76,237.6,4197.36,Issued,SampleGen
INV-5a670fb2-a789-4266-962f-8941bd768fa3,ID204871,CID-276,5a670fb2-a789-4266-962f-8941bd768fa3,2025-12-26,2026-01-25,359.88,21.6,381.48,Issued,SampleGen
INV-4c23a65b-d0c8-419f-b5e0-7f2936bf2335,ID204872,CID-276,4c23a65b-d0c8-419f-b5e0-7f2936bf2335,2026-01-30,2026-03-01,179.92,10.8,190.72,Issued,SampleGen
INV-570cd363-7bef-4ba1-b6db-d08a3de0d199,ID204873,CID-276,570cd363-7bef-4ba1-b6db-d08a3de0d199,2026-02-12,2026-03-14,3695.88,221.76,3917.64,Issued,SampleGen
INV-b5a572ff-e084-4a58-a368-aef15674ca29,ID204874,CID-276,b5a572ff-e084-4a58-a368-aef15674ca29,2026-03-06,2026-04-05,435.9,26.16,462.06,Issued,SampleGen
INV-f9143212-0ab6-4f24-b614-8789ce22ef28,ID204875,CID-276,f9143212-0ab6-4f24-b614-8789ce22ef28,2026-04-16,2026-05-16,557.9,33.48,591.38,Issued,SampleGen
INV-262403d5-5518-4990-bd67-fadfc27dcf3c,ID204876,CID-277,262403d5-5518-4990-bd67-fadfc27dcf3c,2025-01-08,2025-02-07,1035.88,62.16,1098.04,Issued,SampleGen
INV-50719feb-0691-4e1a-91fe-449c35b53bca,ID204877,CID-277,50719feb-0691-4e1a-91fe-449c35b53bca,2025-01-05,2025-02-04,2659.86,159.6,2819.46,Issued,SampleGen
INV-4705ec10-7ee6-44c8-bed4-863f56017c28,ID204878,CID-277,4705ec10-7ee6-44c8-bed4-863f56017c28,2025-02-08,2025-03-10,655.82,39.36,695.18,Issued,SampleGen
INV-a611b93a-e126-4aa0-91ef-75d448bda1a4,ID204879,CID-277,a611b93a-e126-4aa0-91ef-75d448bda1a4,2025-03-11,2025-04-10,995.86,59.76,1055.62,Issued,SampleGen
INV-e2ba0c25-30f6-4f75-a128-095642bbedd0,ID204880,CID-277,e2ba0c25-30f6-4f75-a128-095642bbedd0,2025-04-20,2025-05-20,1969.8,118.2,2088.0,Issued,SampleGen
INV-5a2b1aa8-375c-400a-a34a-208efc9c08bf,ID204881,CID-277,5a2b1aa8-375c-400a-a34a-208efc9c08bf,2025-04-25,2025-05-25,2975.86,178.56,3154.42,Issued,SampleGen
INV-404760fa-119e-4b94-bf5d-e00348b367d7,ID204882,CID-277,404760fa-119e-4b94-bf5d-e00348b367d7,2025-05-28,2025-06-27,1803.74,108.24,1911.98,Issued,SampleGen
INV-9a8e1547-8512-47cd-8042-73ec029aae1f,ID204883,CID-277,9a8e1547-8512-47cd-8042-73ec029aae1f,2025-05-05,2025-06-04,597.84,35.88,633.72,Issued,SampleGen
INV-6e6c25a1-35bb-4418-85d8-1fe3b173b8a7,ID204884,CID-277,6e6c25a1-35bb-4418-85d8-1fe3b173b8a7,2025-06-05,2025-07-05,1717.86,103.08,1820.94,Issued,SampleGen
INV-f31b242f-761c-4e71-9d75-1da586dc6cff,ID204885,CID-277,f31b242f-761c-4e71-9d75-1da586dc6cff,2025-06-23,2025-07-23,1101.78,66.12,1167.9,Issued,SampleGen
INV-bfe029cd-99e8-4551-8d72-efbf56dd60b7,ID204886,CID-277,bfe029cd-99e8-4551-8d72-efbf56dd60b7,2025-06-04,2025-07-04,1247.76,74.88,1322.64,Issued,SampleGen
INV-ec443b16-b945-4b5c-8067-ca714dcfe987,ID204887,CID-277,ec443b16-b945-4b5c-8067-ca714dcfe987,2025-07-08,2025-08-07,411.92,24.72,436.64,Issued,SampleGen
INV-81bf5d34-cb0b-47f6-ac90-6897c0495f87,ID204888,CID-277,81bf5d34-cb0b-47f6-ac90-6897c0495f87,2025-07-12,2025-08-11,3815.86,228.96,4044.82,Issued,SampleGen
INV-27190164-8783-4fd0-a510-e9985980eac3,ID204889,CID-277,27190164-8783-4fd0-a510-e9985980eac3,2025-07-04,2025-08-03,655.9,39.36,695.26,Issued,SampleGen
INV-8c07c9ed-da62-49ac-be7d-545b29ad06b2,ID204890,CID-277,8c07c9ed-da62-49ac-be7d-545b29ad06b2,2025-08-07,2025-09-06,2111.76,126.72,2238.48,Issued,SampleGen
INV-0f094180-3493-47ea-b446-691ebf760cc8,ID204891,CID-277,0f094180-3493-47ea-b446-691ebf760cc8,2025-08-19,2025-09-18,131.92,7.92,139.84,Issued,SampleGen
INV-f2be790d-b2a6-4e2d-9cde-5d2fd33b8901,ID204892,CID-277,f2be790d-b2a6-4e2d-9cde-5d2fd33b8901,2025-08-05,2025-09-04,379.9,22.8,402.7,Issued,SampleGen
INV-b7f5b5a4-221e-4ffc-8616-f6c86f88e071,ID204893,CID-277,b7f5b5a4-221e-4ffc-8616-f6c86f88e071,2025-09-16,2025-10-16,615.88,36.96,652.84,Issued,SampleGen
INV-5fc043dd-a0c4-4de7-8898-503295c8cd7a,ID204894,CID-277,5fc043dd-a0c4-4de7-8898-503295c8cd7a,2025-09-29,2025-10-29,4983.76,299.04,5282.8,Issued,SampleGen
INV-bc56c63e-df46-4b5a-a9c6-276a651c33f8,ID204895,CID-277,bc56c63e-df46-4b5a-a9c6-276a651c33f8,2025-09-11,2025-10-11,1469.74,88.2,1557.94,Issued,SampleGen
INV-7f775f7d-85ab-4616-8429-3274f1cab113,ID204896,CID-277,7f775f7d-85ab-4616-8429-3274f1cab113,2025-10-21,2025-11-20,863.88,51.84,915.72,Issued,SampleGen
INV-824564d1-da5b-4987-bca6-bc3dd7c1b37b,ID204897,CID-277,824564d1-da5b-4987-bca6-bc3dd7c1b37b,2025-10-02,2025-11-01,4263.76,255.84,4519.6,Issued,SampleGen
INV-020e8186-9a37-4e54-bd7e-4a7ac0f80459,ID204898,CID-277,020e8186-9a37-4e54-bd7e-4a7ac0f80459,2025-10-11,2025-11-10,3775.84,226.56,4002.4,Issued,SampleGen
INV-19d068d4-08ac-431a-89ed-d5dc79f80184,ID204899,CID-277,19d068d4-08ac-431a-89ed-d5dc79f80184,2025-11-16,2025-12-16,1139.84,68.4,1208.24,Issued,SampleGen
INV-b98d027d-f436-4672-8687-714d7ea84c78,ID204900,CID-277,b98d027d-f436-4672-8687-714d7ea84c78,2025-11-06,2025-12-06,581.88,34.92,616.8,Issued,SampleGen
INV-1728e7f2-72d2-4076-a7ab-f8cb9bd2199c,ID204901,CID-277,1728e7f2-72d2-4076-a7ab-f8cb9bd2199c,2025-11-27,2025-12-27,1279.9,76.8,1356.7,Issued,SampleGen
INV-9141b0c8-b136-4a1b-8092-1ed2871c3372,ID204902,CID-277,9141b0c8-b136-4a1b-8092-1ed2871c3372,2025-11-14,2025-12-14,681.8,40.92,722.72,Issued,SampleGen
INV-b3162432-101e-43e5-a50a-cb8c76e6ec86,ID204903,CID-277,b3162432-101e-43e5-a50a-cb8c76e6ec86,2025-12-30,2026-01-29,4047.78,242.88,4290.66,Issued,SampleGen
INV-680e86da-8758-4951-85e5-3d1fd005e43d,ID204904,CID-277,680e86da-8758-4951-85e5-3d1fd005e43d,2025-12-21,2026-01-20,3847.72,230.88,4078.6,Issued,SampleGen
INV-0e156a26-9ad8-4040-bcd5-483f7399ec54,ID204905,CID-277,0e156a26-9ad8-4040-bcd5-483f7399ec54,2025-12-11,2026-01-10,1279.9,76.8,1356.7,Issued,SampleGen
INV-70dfea2c-7498-4f97-a4db-34005f470f64,ID204906,CID-277,70dfea2c-7498-4f97-a4db-34005f470f64,2025-12-27,2026-01-26,3375.74,202.56,3578.3,Issued,SampleGen
INV-30f20d79-c15a-4049-b665-5b600122d185,ID204907,CID-277,30f20d79-c15a-4049-b665-5b600122d185,2026-01-22,2026-02-21,2539.76,152.4,2692.16,Issued,SampleGen
INV-98030ae3-8d98-47ea-ab04-9e2667cace7f,ID204908,CID-277,98030ae3-8d98-47ea-ab04-9e2667cace7f,2026-01-19,2026-02-18,731.86,43.92,775.78,Issued,SampleGen
INV-cf2e5e28-a4b5-444e-bad6-9806771ec608,ID204909,CID-277,cf2e5e28-a4b5-444e-bad6-9806771ec608,2026-01-08,2026-02-07,5423.78,325.44,5749.22,Issued,SampleGen
INV-b5021c44-00b8-428c-8750-2341eb26731a,ID204910,CID-277,b5021c44-00b8-428c-8750-2341eb26731a,2026-01-14,2026-02-13,3475.84,208.56,3684.4,Issued,SampleGen
INV-cd9b7770-cf87-43a5-9f9d-21bac44005a7,ID204911,CID-277,cd9b7770-cf87-43a5-9f9d-21bac44005a7,2026-02-24,2026-03-26,595.86,35.76,631.62,Issued,SampleGen
INV-fcf6976a-02e3-48b7-b86d-feb4709ed53e,ID204912,CID-277,fcf6976a-02e3-48b7-b86d-feb4709ed53e,2026-02-05,2026-03-07,381.9,22.92,404.82,Issued,SampleGen
INV-616b0012-cdde-47d7-aa9f-da886f8abbf7,ID204913,CID-277,616b0012-cdde-47d7-aa9f-da886f8abbf7,2026-02-16,2026-03-18,371.92,22.32,394.24,Issued,SampleGen
INV-56c5454b-8bc0-4677-b3c2-270be8671d63,ID204914,CID-277,56c5454b-8bc0-4677-b3c2-270be8671d63,2026-02-15,2026-03-17,775.84,46.56,822.4,Issued,SampleGen
INV-c74e42fb-083a-4e9d-99d7-ac1128557f11,ID204915,CID-277,c74e42fb-083a-4e9d-99d7-ac1128557f11,2026-03-07,2026-04-06,2763.84,165.84,2929.68,Issued,SampleGen
INV-bce66c94-dec5-4822-b014-233003c47d07,ID204916,CID-277,bce66c94-dec5-4822-b014-233003c47d07,2026-03-08,2026-04-07,3123.78,187.44,3311.22,Issued,SampleGen
INV-4377c801-7650-47bc-bcc4-ff66cb925911,ID204917,CID-277,4377c801-7650-47bc-bcc4-ff66cb925911,2026-03-06,2026-04-05,867.8,52.08,919.88,Issued,SampleGen
INV-eb7cd554-a1ce-42c1-abb9-0d4b92cd5db5,ID204918,CID-277,eb7cd554-a1ce-42c1-abb9-0d4b92cd5db5,2026-03-31,2026-04-30,1427.76,85.68,1513.44,Issued,SampleGen
INV-91457d41-8014-4b5f-a385-cef3d83da7f1,ID204919,CID-277,91457d41-8014-4b5f-a385-cef3d83da7f1,2026-03-04,2026-04-03,491.92,29.52,521.44,Issued,SampleGen
INV-c828af1e-6b33-4f35-aea2-84b313da39c5,ID204920,CID-277,c828af1e-6b33-4f35-aea2-84b313da39c5,2026-04-08,2026-05-08,2581.8,154.92,2736.72,Issued,SampleGen
INV-3fc77b83-ca87-4d52-8d7c-61eaa941c502,ID204921,CID-277,3fc77b83-ca87-4d52-8d7c-61eaa941c502,2026-04-17,2026-05-17,375.88,22.56,398.44,Issued,SampleGen
INV-7966536f-d7bf-4382-b58c-5a8715d4675e,ID204922,CID-277,7966536f-d7bf-4382-b58c-5a8715d4675e,2026-04-21,2026-05-21,5347.76,320.88,5668.64,Issued,SampleGen
INV-7d92c9cb-13c0-47db-8023-9b2a3940b218,ID204923,CID-277,7d92c9cb-13c0-47db-8023-9b2a3940b218,2026-04-22,2026-05-22,393.9,23.64,417.54,Issued,SampleGen
INV-893e2d7a-bfcf-4d42-8385-fdfed824ea55,ID204924,CID-277,893e2d7a-bfcf-4d42-8385-fdfed824ea55,2026-04-24,2026-05-24,2159.76,129.6,2289.36,Issued,SampleGen
INV-410f5e05-bd02-4e5a-8090-e6acb2251392,ID204925,CID-278,410f5e05-bd02-4e5a-8090-e6acb2251392,2025-03-13,2025-04-12,1651.88,99.12,1751.0,Issued,SampleGen
INV-13f3e8e5-8b5b-4bcc-b37e-c7ee8eaa3c8c,ID204926,CID-278,13f3e8e5-8b5b-4bcc-b37e-c7ee8eaa3c8c,2025-04-17,2025-05-17,5463.72,327.84,5791.56,Issued,SampleGen
INV-69067e53-6dd4-4c12-92eb-2419553141ef,ID204927,CID-278,69067e53-6dd4-4c12-92eb-2419553141ef,2025-08-15,2025-09-14,1671.78,100.32,1772.1,Issued,SampleGen
INV-efbf4457-f13e-413a-8ad9-e0aa50187812,ID204928,CID-278,efbf4457-f13e-413a-8ad9-e0aa50187812,2025-09-11,2025-10-11,1337.88,80.28,1418.16,Issued,SampleGen
INV-5a3daabf-f2b3-42fc-a7a8-a825a6626216,ID204929,CID-278,5a3daabf-f2b3-42fc-a7a8-a825a6626216,2025-11-08,2025-12-08,6413.74,384.84,6798.58,Issued,SampleGen
INV-1601eae4-2196-484d-9420-bdf13beb4996,ID204930,CID-278,1601eae4-2196-484d-9420-bdf13beb4996,2025-12-10,2026-01-09,1109.84,66.6,1176.44,Issued,SampleGen
INV-9c227ec9-abd8-4b8d-a1b2-5dc0fe673c4d,ID204931,CID-278,9c227ec9-abd8-4b8d-a1b2-5dc0fe673c4d,2026-01-12,2026-02-11,1739.82,104.4,1844.22,Issued,SampleGen
INV-5585b3d4-b1ad-4aeb-80fa-c6b3121f2892,ID204932,CID-278,5585b3d4-b1ad-4aeb-80fa-c6b3121f2892,2026-03-06,2026-04-05,3315.9,198.96,3514.86,Issued,SampleGen
INV-15289b15-eac8-4ecd-b50d-37ddd286bda5,ID204933,CID-278,15289b15-eac8-4ecd-b50d-37ddd286bda5,2026-04-05,2026-05-05,4987.7,299.28,5286.98,Issued,SampleGen
INV-e0c96537-4117-4f05-aa79-7df8784a5664,ID204934,CID-279,e0c96537-4117-4f05-aa79-7df8784a5664,2025-02-12,2025-03-14,2331.76,139.92,2471.68,Issued,SampleGen
INV-6f8a3d90-8c47-4e0a-bc7a-b4e5da571dbf,ID204935,CID-279,6f8a3d90-8c47-4e0a-bc7a-b4e5da571dbf,2025-04-26,2025-05-26,2165.74,129.96,2295.7,Issued,SampleGen
INV-5017c479-0a2a-44ba-8cab-79686c17ef1b,ID204936,CID-279,5017c479-0a2a-44ba-8cab-79686c17ef1b,2025-06-20,2025-07-20,1255.74,75.36,1331.1,Issued,SampleGen
INV-f3efe1b7-5704-4ba0-8c80-20450441622f,ID204937,CID-279,f3efe1b7-5704-4ba0-8c80-20450441622f,2025-09-13,2025-10-13,1843.7,110.64,1954.34,Issued,SampleGen
INV-5c05a6fa-9813-42f9-93b6-12ba79abcfc3,ID204938,CID-279,5c05a6fa-9813-42f9-93b6-12ba79abcfc3,2025-10-31,2025-11-30,1007.78,60.48,1068.26,Issued,SampleGen
INV-1960368d-7e3a-4a1b-917b-c719c07f2e6a,ID204939,CID-279,1960368d-7e3a-4a1b-917b-c719c07f2e6a,2025-11-15,2025-12-15,5191.72,311.52,5503.24,Issued,SampleGen
INV-fa5dcfcf-af45-4c98-bc5c-a32a3f859527,ID204940,CID-279,fa5dcfcf-af45-4c98-bc5c-a32a3f859527,2025-12-31,2026-01-30,503.88,30.24,534.12,Issued,SampleGen
INV-f41861a0-587e-4343-8363-84568784da7b,ID204941,CID-279,f41861a0-587e-4343-8363-84568784da7b,2026-01-06,2026-02-05,653.78,39.24,693.02,Issued,SampleGen
INV-44fa527f-3a67-494b-a41c-6a2f06ec4392,ID204942,CID-279,44fa527f-3a67-494b-a41c-6a2f06ec4392,2026-02-16,2026-03-18,1167.9,70.08,1237.98,Issued,SampleGen
INV-8e8cf876-02fe-448d-ad6d-6e4c3f4abde7,ID204943,CID-279,8e8cf876-02fe-448d-ad6d-6e4c3f4abde7,2026-02-03,2026-03-05,5519.68,331.2,5850.88,Issued,SampleGen
INV-fa4634ac-089b-40fb-90ea-b602d7d83a49,ID204944,CID-279,fa4634ac-089b-40fb-90ea-b602d7d83a49,2026-03-18,2026-04-17,5479.8,328.8,5808.6,Issued,SampleGen
INV-2befe4c2-c546-4774-96bf-256da2faf963,ID204945,CID-279,2befe4c2-c546-4774-96bf-256da2faf963,2026-04-04,2026-05-04,781.72,46.92,828.64,Issued,SampleGen
INV-33198672-97c0-41b5-98c2-0ac5dbf18e77,ID204946,CID-279,33198672-97c0-41b5-98c2-0ac5dbf18e77,2026-04-13,2026-05-13,2739.9,164.4,2904.3,Issued,SampleGen
INV-bda879dd-9b89-46e7-a073-3905c56a7649,ID204947,CID-280,bda879dd-9b89-46e7-a073-3905c56a7649,2025-01-15,2025-02-14,1403.86,84.24,1488.1,Issued,SampleGen
INV-619b01de-396c-4f1d-b971-bce98e6542ec,ID204948,CID-280,619b01de-396c-4f1d-b971-bce98e6542ec,2025-02-21,2025-03-23,2975.82,178.56,3154.38,Issued,SampleGen
INV-e80a5c81-1346-469e-b06e-850aafa554bc,ID204949,CID-280,e80a5c81-1346-469e-b06e-850aafa554bc,2025-03-26,2025-04-25,2009.86,120.6,2130.46,Issued,SampleGen
INV-21c14ac5-ecab-4f44-bcc0-714e50076cb5,ID204950,CID-280,21c14ac5-ecab-4f44-bcc0-714e50076cb5,2025-05-01,2025-05-31,1811.72,108.72,1920.44,Issued,SampleGen
INV-a016f720-0298-4e23-80eb-6c40c41f53e4,ID204951,CID-280,a016f720-0298-4e23-80eb-6c40c41f53e4,2025-05-13,2025-06-12,3179.72,190.8,3370.52,Issued,SampleGen
INV-647baee6-8398-4c7c-924f-f6bc194488de,ID204952,CID-280,647baee6-8398-4c7c-924f-f6bc194488de,2025-05-12,2025-06-11,1939.82,116.4,2056.22,Issued,SampleGen
INV-536ca9c9-fc14-4443-ba0b-6b44f79253fd,ID204953,CID-280,536ca9c9-fc14-4443-ba0b-6b44f79253fd,2025-07-01,2025-07-31,4207.74,252.48,4460.22,Issued,SampleGen
INV-b31f63db-f88b-4a3b-adc8-7fbf1b9e51e8,ID204954,CID-280,b31f63db-f88b-4a3b-adc8-7fbf1b9e51e8,2025-06-03,2025-07-03,3293.82,197.64,3491.46,Issued,SampleGen
INV-1fc5b85b-6f3a-4e5b-b030-4bee2f01518b,ID204955,CID-280,1fc5b85b-6f3a-4e5b-b030-4bee2f01518b,2025-07-22,2025-08-21,429.86,25.8,455.66,Issued,SampleGen
INV-dd245cb1-b834-4aa3-a37d-7dd2d9995514,ID204956,CID-280,dd245cb1-b834-4aa3-a37d-7dd2d9995514,2025-08-04,2025-09-03,1975.92,118.56,2094.48,Issued,SampleGen
INV-153fb16a-7b27-4528-92f8-284de7240e0d,ID204957,CID-280,153fb16a-7b27-4528-92f8-284de7240e0d,2025-08-12,2025-09-11,5651.74,339.12,5990.86,Issued,SampleGen
INV-dd4bcf32-46d4-4600-aba4-5f64d720bffe,ID204958,CID-280,dd4bcf32-46d4-4600-aba4-5f64d720bffe,2025-09-08,2025-10-08,659.84,39.6,699.44,Issued,SampleGen
INV-4e5fb78c-85f0-4ca3-bd5f-2250b3820e79,ID204959,CID-280,4e5fb78c-85f0-4ca3-bd5f-2250b3820e79,2025-10-18,2025-11-17,1063.88,63.84,1127.72,Issued,SampleGen
INV-90d6ce7e-0e13-4363-a8ef-98d8b3f81c30,ID204960,CID-280,90d6ce7e-0e13-4363-a8ef-98d8b3f81c30,2025-10-30,2025-11-29,885.7,53.16,938.86,Issued,SampleGen
INV-f83a7520-1c55-433e-b369-54219d1f6cb0,ID204961,CID-280,f83a7520-1c55-433e-b369-54219d1f6cb0,2025-11-27,2025-12-27,3799.82,228.0,4027.82,Issued,SampleGen
INV-19ef8bb4-dd71-4abb-9465-3f857cdf9c80,ID204962,CID-280,19ef8bb4-dd71-4abb-9465-3f857cdf9c80,2025-11-26,2025-12-26,1337.88,80.28,1418.16,Issued,SampleGen
INV-b7b1baec-fde1-40b0-9f9a-5e54a120669b,ID204963,CID-280,b7b1baec-fde1-40b0-9f9a-5e54a120669b,2025-12-24,2026-01-23,2597.74,155.88,2753.62,Issued,SampleGen
INV-7799d362-9b0a-410e-bfb8-ed789860a9bb,ID204964,CID-280,7799d362-9b0a-410e-bfb8-ed789860a9bb,2025-12-09,2026-01-08,1175.84,70.56,1246.4,Issued,SampleGen
INV-20b18514-0fb2-48d5-88b8-a9b1ebb669f6,ID204965,CID-280,20b18514-0fb2-48d5-88b8-a9b1ebb669f6,2026-01-03,2026-02-02,2167.74,130.08,2297.82,Issued,SampleGen
INV-72d0105d-7718-4497-8509-b6f4945e3fec,ID204966,CID-280,72d0105d-7718-4497-8509-b6f4945e3fec,2026-01-22,2026-02-21,2247.88,134.88,2382.76,Issued,SampleGen
INV-819f562f-43ba-4d8b-a936-748c23070bcb,ID204967,CID-280,819f562f-43ba-4d8b-a936-748c23070bcb,2026-03-01,2026-03-31,1275.76,76.56,1352.32,Issued,SampleGen
INV-97759de2-46b6-4581-80ce-47b331ac299b,ID204968,CID-280,97759de2-46b6-4581-80ce-47b331ac299b,2026-02-25,2026-03-27,5343.76,320.64,5664.4,Issued,SampleGen
INV-86f3969a-21bf-4997-8ffe-eb09268d3537,ID204969,CID-280,86f3969a-21bf-4997-8ffe-eb09268d3537,2026-03-28,2026-04-27,503.88,30.24,534.12,Issued,SampleGen
INV-5ab809bf-6148-44d1-a04b-9fd01020b5a0,ID204970,CID-280,5ab809bf-6148-44d1-a04b-9fd01020b5a0,2026-03-12,2026-04-11,3475.82,208.56,3684.38,Issued,SampleGen
INV-5fad05a9-0dec-4106-9708-0a5a7ad479b7,ID204971,CID-280,5fad05a9-0dec-4106-9708-0a5a7ad479b7,2026-03-18,2026-04-17,1395.8,83.76,1479.56,Issued,SampleGen
INV-89995245-6e05-454c-aea8-d51cad159680,ID204972,CID-280,89995245-6e05-454c-aea8-d51cad159680,2026-04-02,2026-05-02,3223.88,193.44,3417.32,Issued,SampleGen
INV-af3798af-370a-4eca-9e54-169d0cf98731,ID204973,CID-280,af3798af-370a-4eca-9e54-169d0cf98731,2026-04-07,2026-05-07,1487.84,89.28,1577.12,Issued,SampleGen
INV-1c905f6a-2a43-486c-b47f-c87668b188d8,ID204974,CID-281,1c905f6a-2a43-486c-b47f-c87668b188d8,2025-01-22,2025-02-21,1739.78,104.4,1844.18,Issued,SampleGen
INV-c984e5e3-8e5e-42a3-b0b2-420225e9f48a,ID204975,CID-281,c984e5e3-8e5e-42a3-b0b2-420225e9f48a,2025-02-21,2025-03-23,399.9,24.0,423.9,Issued,SampleGen
INV-490c1d90-cc57-4206-9abc-73d53bce7a2d,ID204976,CID-281,490c1d90-cc57-4206-9abc-73d53bce7a2d,2025-02-12,2025-03-14,2119.8,127.2,2247.0,Issued,SampleGen
INV-09e6fe18-6725-4cda-ae83-35ee8b66d186,ID204977,CID-281,09e6fe18-6725-4cda-ae83-35ee8b66d186,2025-03-08,2025-04-07,3323.84,199.44,3523.28,Issued,SampleGen
INV-f26bf179-154e-49cd-90ba-d30b8820ecd6,ID204978,CID-281,f26bf179-154e-49cd-90ba-d30b8820ecd6,2025-03-25,2025-04-24,293.88,17.64,311.52,Issued,SampleGen
INV-b5257315-abfc-4be9-8283-3c97b6868fd3,ID204979,CID-281,b5257315-abfc-4be9-8283-3c97b6868fd3,2025-04-27,2025-05-27,7851.74,471.12,8322.86,Issued,SampleGen
INV-9da33d3c-fab9-4c82-ac0f-8366e3e990d5,ID204980,CID-281,9da33d3c-fab9-4c82-ac0f-8366e3e990d5,2025-04-24,2025-05-24,1127.88,67.68,1195.56,Issued,SampleGen
INV-6a1657c9-dfa6-4676-a10e-ded4beb02aa5,ID204981,CID-281,6a1657c9-dfa6-4676-a10e-ded4beb02aa5,2025-05-02,2025-06-01,1571.88,94.32,1666.2,Issued,SampleGen
INV-cd2de445-2dfe-477d-a67b-b1b92741e2de,ID204982,CID-281,cd2de445-2dfe-477d-a67b-b1b92741e2de,2025-05-03,2025-06-02,2035.8,122.16,2157.96,Issued,SampleGen
INV-12b1da03-1c68-4515-ab21-11637dce62f0,ID204983,CID-281,12b1da03-1c68-4515-ab21-11637dce62f0,2025-05-05,2025-06-04,343.92,20.64,364.56,Issued,SampleGen
INV-fedd6efc-bd28-4a65-920d-443d8277456d,ID204984,CID-281,fedd6efc-bd28-4a65-920d-443d8277456d,2025-06-12,2025-07-12,1803.92,108.24,1912.16,Issued,SampleGen
INV-6b5aebd8-fae3-433d-ba5e-bc1275c8f709,ID204985,CID-281,6b5aebd8-fae3-433d-ba5e-bc1275c8f709,2025-06-10,2025-07-10,3919.78,235.2,4154.98,Issued,SampleGen
INV-b401a34a-493e-4d7f-ad4a-470c892173f1,ID204986,CID-281,b401a34a-493e-4d7f-ad4a-470c892173f1,2025-07-09,2025-08-08,1463.86,87.84,1551.7,Issued,SampleGen
INV-67f7ba85-89ac-4344-9bf1-c68fee8b229b,ID204987,CID-281,67f7ba85-89ac-4344-9bf1-c68fee8b229b,2025-07-17,2025-08-16,3607.84,216.48,3824.32,Issued,SampleGen
INV-426a0cba-b1e8-43bf-bb71-c26f72de8ae9,ID204988,CID-281,426a0cba-b1e8-43bf-bb71-c26f72de8ae9,2025-07-25,2025-08-24,1683.86,101.04,1784.9,Issued,SampleGen
INV-74489da4-72ad-480f-8265-f7639d1e4dcb,ID204989,CID-281,74489da4-72ad-480f-8265-f7639d1e4dcb,2025-08-09,2025-09-08,1263.84,75.84,1339.68,Issued,SampleGen
INV-88114557-5aa5-4d54-8321-1ab72ce9d8b7,ID204990,CID-281,88114557-5aa5-4d54-8321-1ab72ce9d8b7,2025-08-06,2025-09-05,4563.74,273.84,4837.58,Issued,SampleGen
INV-7af4a6de-f2ba-486d-a632-4acbf6c22dd8,ID204991,CID-281,7af4a6de-f2ba-486d-a632-4acbf6c22dd8,2025-09-01,2025-10-01,2519.84,151.2,2671.04,Issued,SampleGen
INV-4d0e3c61-a96c-408a-bfe9-e95addbeb8b2,ID204992,CID-281,4d0e3c61-a96c-408a-bfe9-e95addbeb8b2,2025-09-20,2025-10-20,4327.84,259.68,4587.52,Issued,SampleGen
INV-6c163e49-a88b-43e2-9d73-84dcb1d2b301,ID204993,CID-281,6c163e49-a88b-43e2-9d73-84dcb1d2b301,2025-09-21,2025-10-21,823.86,49.44,873.3,Issued,SampleGen
INV-9ae8f392-5092-46eb-8586-a64d69d6591c,ID204994,CID-281,9ae8f392-5092-46eb-8586-a64d69d6591c,2025-09-30,2025-10-30,1139.78,68.4,1208.18,Issued,SampleGen
INV-c7d7fe4d-17ce-411b-b337-8e537d1f9de5,ID204995,CID-281,c7d7fe4d-17ce-411b-b337-8e537d1f9de5,2025-09-18,2025-10-18,827.82,49.68,877.5,Issued,SampleGen
INV-ce698254-ac9c-44b0-afbb-821e74d32f73,ID204996,CID-281,ce698254-ac9c-44b0-afbb-821e74d32f73,2025-10-15,2025-11-14,967.8,58.08,1025.88,Issued,SampleGen
INV-1977455c-5056-495d-bba0-446142883fd3,ID204997,CID-281,1977455c-5056-495d-bba0-446142883fd3,2025-10-28,2025-11-27,3075.86,184.56,3260.42,Issued,SampleGen
INV-d148ab60-4fb6-41f5-beb0-51d74ad438bc,ID204998,CID-281,d148ab60-4fb6-41f5-beb0-51d74ad438bc,2025-10-21,2025-11-20,1135.78,68.16,1203.94,Issued,SampleGen
INV-ca751fff-867a-418a-9ead-ae22e0833ee5,ID204999,CID-281,ca751fff-867a-418a-9ead-ae22e0833ee5,2025-10-13,2025-11-12,1819.92,109.2,1929.12,Issued,SampleGen
INV-e97e59c8-7bdc-4bd3-8582-d4fc2545a882,ID205000,CID-281,e97e59c8-7bdc-4bd3-8582-d4fc2545a882,2025-11-29,2025-12-29,231.92,13.92,245.84,Issued,SampleGen
INV-f8ffcd3e-14c2-4efe-84e9-1b15483d3560,ID205001,CID-281,f8ffcd3e-14c2-4efe-84e9-1b15483d3560,2025-11-20,2025-12-20,431.88,25.92,457.8,Issued,SampleGen
INV-8033c62a-5021-4ce9-b058-31847cc1ca09,ID205002,CID-281,8033c62a-5021-4ce9-b058-31847cc1ca09,2025-11-28,2025-12-28,2067.82,124.08,2191.9,Issued,SampleGen
INV-ef0cb2f8-e033-486c-87d8-5b74b583ec18,ID205003,CID-281,ef0cb2f8-e033-486c-87d8-5b74b583ec18,2025-12-25,2026-01-24,1767.84,106.08,1873.92,Issued,SampleGen
INV-abbea10b-dbb6-42fe-a061-fbcd63d16f44,ID205004,CID-281,abbea10b-dbb6-42fe-a061-fbcd63d16f44,2025-12-10,2026-01-09,3727.72,223.68,3951.4,Issued,SampleGen
INV-7a2b7ffd-3f7f-4806-b257-00a8bb1dbeb3,ID205005,CID-281,7a2b7ffd-3f7f-4806-b257-00a8bb1dbeb3,2025-12-23,2026-01-22,4135.78,248.16,4383.94,Issued,SampleGen
INV-115ddf3d-5d78-4556-b64a-f599abfc9764,ID205006,CID-281,115ddf3d-5d78-4556-b64a-f599abfc9764,2026-01-06,2026-02-05,1937.72,116.28,2054.0,Issued,SampleGen
INV-256f1c97-9a36-47d3-9c89-5ddb1a778f8f,ID205007,CID-281,256f1c97-9a36-47d3-9c89-5ddb1a778f8f,2026-01-25,2026-02-24,3815.76,228.96,4044.72,Issued,SampleGen
INV-f00f177a-f116-4b97-8ba7-6e3da3adff12,ID205008,CID-281,f00f177a-f116-4b97-8ba7-6e3da3adff12,2026-01-29,2026-02-28,447.88,26.88,474.76,Issued,SampleGen
INV-d4396218-e8d2-4f7a-8935-4cae129b778d,ID205009,CID-281,d4396218-e8d2-4f7a-8935-4cae129b778d,2026-01-31,2026-03-02,4263.74,255.84,4519.58,Issued,SampleGen
INV-43f1389a-fd21-4315-8dd3-c55ad8b6b89c,ID205010,CID-281,43f1389a-fd21-4315-8dd3-c55ad8b6b89c,2026-02-09,2026-03-11,1087.84,65.28,1153.12,Issued,SampleGen
INV-54011b80-a5fa-4b1e-8e5e-9112ceacec91,ID205011,CID-281,54011b80-a5fa-4b1e-8e5e-9112ceacec91,2026-02-26,2026-03-28,1581.78,94.92,1676.7,Issued,SampleGen
INV-bccbebdc-07eb-4295-b7fd-cf54296aafc5,ID205012,CID-281,bccbebdc-07eb-4295-b7fd-cf54296aafc5,2026-02-16,2026-03-18,3143.72,188.64,3332.36,Issued,SampleGen
INV-774bab5e-013c-431c-856e-9c70515fe70b,ID205013,CID-281,774bab5e-013c-431c-856e-9c70515fe70b,2026-02-23,2026-03-25,3407.76,204.48,3612.24,Issued,SampleGen
INV-7b264b78-466b-4028-91fe-30eb40f1f956,ID205014,CID-281,7b264b78-466b-4028-91fe-30eb40f1f956,2026-03-08,2026-04-07,675.84,40.56,716.4,Issued,SampleGen
INV-39eea9ea-5a50-48d7-a044-ec1cc91915ae,ID205015,CID-281,39eea9ea-5a50-48d7-a044-ec1cc91915ae,2026-04-01,2026-05-01,3315.9,198.96,3514.86,Issued,SampleGen
INV-30daf28e-6c3d-4f23-8672-2c67d1feb37c,ID205016,CID-281,30daf28e-6c3d-4f23-8672-2c67d1feb37c,2026-03-24,2026-04-23,661.78,39.72,701.5,Issued,SampleGen
INV-1629cbf9-6fb7-40bd-a055-6f149bf558cf,ID205017,CID-281,1629cbf9-6fb7-40bd-a055-6f149bf558cf,2026-03-06,2026-04-05,3925.8,235.56,4161.36,Issued,SampleGen
INV-6b5f3bb3-b4be-4ca4-90ce-ecf550cf01a0,ID205018,CID-281,6b5f3bb3-b4be-4ca4-90ce-ecf550cf01a0,2026-03-17,2026-04-16,4157.76,249.48,4407.24,Issued,SampleGen
INV-55e9895c-abe4-4596-8527-156b78293409,ID205019,CID-281,55e9895c-abe4-4596-8527-156b78293409,2026-04-08,2026-05-08,399.86,24.0,423.86,Issued,SampleGen
INV-4f51082b-4399-4e43-a596-4c7659690ee8,ID205020,CID-281,4f51082b-4399-4e43-a596-4c7659690ee8,2026-04-02,2026-05-02,3803.76,228.24,4032.0,Issued,SampleGen
INV-a2092f39-25e2-4ab2-8182-9d811768a22d,ID205021,CID-281,a2092f39-25e2-4ab2-8182-9d811768a22d,2026-04-09,2026-05-09,1355.76,81.36,1437.12,Issued,SampleGen
INV-78c94e1b-8341-43f9-9042-e6e1351b7aad,ID205022,CID-281,78c94e1b-8341-43f9-9042-e6e1351b7aad,2026-04-16,2026-05-16,3311.78,198.72,3510.5,Issued,SampleGen
INV-b6dbad51-c3e5-40cb-b701-2bb00a43437f,ID205023,CID-281,b6dbad51-c3e5-40cb-b701-2bb00a43437f,2026-04-16,2026-05-16,2969.8,178.2,3148.0,Issued,SampleGen
INV-4cd98a16-50bf-4f1a-8307-038a3dde7d36,ID205024,CID-282,4cd98a16-50bf-4f1a-8307-038a3dde7d36,2025-06-09,2025-07-09,343.92,20.64,364.56,Issued,SampleGen
INV-4852bed7-08dc-4780-8f44-223868f87805,ID205025,CID-282,4852bed7-08dc-4780-8f44-223868f87805,2025-08-01,2025-08-31,381.9,22.92,404.82,Issued,SampleGen
INV-2438aad8-dd36-4a99-b30c-6bc83f8687a6,ID205026,CID-282,2438aad8-dd36-4a99-b30c-6bc83f8687a6,2025-08-28,2025-09-27,1539.82,92.4,1632.22,Issued,SampleGen
INV-f9644c0e-a1d2-4a2a-93bd-fe3b18361e4a,ID205027,CID-282,f9644c0e-a1d2-4a2a-93bd-fe3b18361e4a,2025-10-06,2025-11-05,775.84,46.56,822.4,Issued,SampleGen
INV-67c7b516-1d3b-40ea-96d5-3b246282f85d,ID205028,CID-282,67c7b516-1d3b-40ea-96d5-3b246282f85d,2025-12-30,2026-01-29,2459.82,147.6,2607.42,Issued,SampleGen
INV-cf07d9eb-b3fc-44e1-a3cd-a4372b6d0454,ID205029,CID-282,cf07d9eb-b3fc-44e1-a3cd-a4372b6d0454,2026-01-22,2026-02-21,2291.78,137.52,2429.3,Issued,SampleGen
INV-887716d6-8ecf-43f1-af07-6d3e460f70bc,ID205030,CID-282,887716d6-8ecf-43f1-af07-6d3e460f70bc,2026-02-20,2026-03-22,2503.76,150.24,2654.0,Issued,SampleGen
INV-1faa7f0d-5e63-499a-862d-7b36467e3bdc,ID205031,CID-282,1faa7f0d-5e63-499a-862d-7b36467e3bdc,2026-03-25,2026-04-24,4311.8,258.72,4570.52,Issued,SampleGen
INV-b251c47c-9c88-48c1-807a-0ece4f797a1b,ID205032,CID-282,b251c47c-9c88-48c1-807a-0ece4f797a1b,2026-04-10,2026-05-10,3461.78,207.72,3669.5,Issued,SampleGen
INV-d8c9a37b-958b-4121-8eb9-2de2fe50dae9,ID205033,CID-283,d8c9a37b-958b-4121-8eb9-2de2fe50dae9,2025-01-12,2025-02-11,491.92,29.52,521.44,Issued,SampleGen
INV-53d4c2a6-fd7f-4a78-92b2-780adad75e91,ID205034,CID-283,53d4c2a6-fd7f-4a78-92b2-780adad75e91,2025-02-24,2025-03-26,6611.7,396.72,7008.42,Issued,SampleGen
INV-d0b5d74b-ca94-429d-a3e4-07166c65672a,ID205035,CID-283,d0b5d74b-ca94-429d-a3e4-07166c65672a,2025-03-28,2025-04-27,1859.72,111.6,1971.32,Issued,SampleGen
INV-f13068aa-af0c-4812-b143-0b4dd9117144,ID205036,CID-283,f13068aa-af0c-4812-b143-0b4dd9117144,2025-04-16,2025-05-16,683.88,41.04,724.92,Issued,SampleGen
INV-f8a3ea8b-6fe3-44ac-92cb-fe06d10ba5f8,ID205037,CID-283,f8a3ea8b-6fe3-44ac-92cb-fe06d10ba5f8,2025-05-14,2025-06-13,929.74,55.8,985.54,Issued,SampleGen
INV-e291ab38-3ab5-4f5c-a30d-e67a342b7e07,ID205038,CID-283,e291ab38-3ab5-4f5c-a30d-e67a342b7e07,2025-05-27,2025-06-26,2043.82,122.64,2166.46,Issued,SampleGen
INV-d3bdc9ec-ac77-496a-8bdd-a38623967de0,ID205039,CID-283,d3bdc9ec-ac77-496a-8bdd-a38623967de0,2025-06-27,2025-07-27,1083.86,65.04,1148.9,Issued,SampleGen
INV-75b873df-0cd9-4611-a024-f87b92771fa0,ID205040,CID-283,75b873df-0cd9-4611-a024-f87b92771fa0,2025-06-22,2025-07-22,497.82,29.88,527.7,Issued,SampleGen
INV-cf7500fa-2b1c-419d-b030-767d4d9eca55,ID205041,CID-283,cf7500fa-2b1c-419d-b030-767d4d9eca55,2025-07-31,2025-08-30,1303.88,78.24,1382.12,Issued,SampleGen
INV-06e8ffe8-57ba-40e1-bb7b-f7b072b50acb,ID205042,CID-283,06e8ffe8-57ba-40e1-bb7b-f7b072b50acb,2025-07-16,2025-08-15,431.84,25.92,457.76,Issued,SampleGen
INV-2763f423-a68b-4f77-8e0f-d6d21db89c2e,ID205043,CID-283,2763f423-a68b-4f77-8e0f-d6d21db89c2e,2025-08-07,2025-09-06,1179.82,70.8,1250.62,Issued,SampleGen
INV-f28dd10c-cf8e-4ee2-9f38-71760a14fb59,ID205044,CID-283,f28dd10c-cf8e-4ee2-9f38-71760a14fb59,2025-08-11,2025-09-10,1301.74,78.12,1379.86,Issued,SampleGen
INV-8bf670bd-c61e-45a3-b345-4c0c766b2051,ID205045,CID-283,8bf670bd-c61e-45a3-b345-4c0c766b2051,2025-08-18,2025-09-17,545.82,32.76,578.58,Issued,SampleGen
INV-2e64e1f2-d66b-4616-acfc-9c42c177c5f6,ID205046,CID-283,2e64e1f2-d66b-4616-acfc-9c42c177c5f6,2025-09-23,2025-10-23,2519.78,151.2,2670.98,Issued,SampleGen
INV-d3fd8423-f71a-4db9-9313-4f355cbfa083,ID205047,CID-283,d3fd8423-f71a-4db9-9313-4f355cbfa083,2025-09-30,2025-10-30,2463.92,147.84,2611.76,Issued,SampleGen
INV-ec42b29c-b67e-4257-a437-c1e4b46c7ef0,ID205048,CID-283,ec42b29c-b67e-4257-a437-c1e4b46c7ef0,2025-10-30,2025-11-29,2819.86,169.2,2989.06,Issued,SampleGen
INV-bc51206b-5147-418c-b5ee-881c23551da6,ID205049,CID-283,bc51206b-5147-418c-b5ee-881c23551da6,2025-10-21,2025-11-20,719.84,43.2,763.04,Issued,SampleGen
INV-bd8ae25f-68cc-4c07-85a5-f42b93a542b5,ID205050,CID-283,bd8ae25f-68cc-4c07-85a5-f42b93a542b5,2025-10-20,2025-11-19,2043.82,122.64,2166.46,Issued,SampleGen
INV-1a61098b-14f4-465c-aa44-3a1f3f548ade,ID205051,CID-283,1a61098b-14f4-465c-aa44-3a1f3f548ade,2025-11-09,2025-12-09,289.9,17.4,307.3,Issued,SampleGen
INV-05ad228b-5061-4d22-8d89-cea9d77b3bb5,ID205052,CID-283,05ad228b-5061-4d22-8d89-cea9d77b3bb5,2025-11-27,2025-12-27,3767.88,226.08,3993.96,Issued,SampleGen
INV-b1ecc393-37da-4690-bf29-2b6e5edb00fa,ID205053,CID-283,b1ecc393-37da-4690-bf29-2b6e5edb00fa,2025-12-31,2026-01-30,5103.76,306.24,5410.0,Issued,SampleGen
INV-ca89fcab-8a8a-4a79-afc9-ded43150a726,ID205054,CID-283,ca89fcab-8a8a-4a79-afc9-ded43150a726,2025-12-08,2026-01-07,1679.8,100.8,1780.6,Issued,SampleGen
INV-61272d92-8d18-42a1-bbaf-9cd534c3c49d,ID205055,CID-283,61272d92-8d18-42a1-bbaf-9cd534c3c49d,2025-12-23,2026-01-22,2437.78,146.28,2584.06,Issued,SampleGen
INV-cd51934d-dc13-486c-b4b6-dcdb79bb0f48,ID205056,CID-283,cd51934d-dc13-486c-b4b6-dcdb79bb0f48,2026-01-10,2026-02-09,435.88,26.16,462.04,Issued,SampleGen
INV-732e0ba5-d6e9-4543-b638-0b972b618ef2,ID205057,CID-283,732e0ba5-d6e9-4543-b638-0b972b618ef2,2026-01-05,2026-02-04,2835.86,170.16,3006.02,Issued,SampleGen
INV-47d39e85-74be-4a73-9b11-14e9dceaceb6,ID205058,CID-283,47d39e85-74be-4a73-9b11-14e9dceaceb6,2026-01-21,2026-02-20,3063.78,183.84,3247.62,Issued,SampleGen
INV-b19f7af1-d4b2-47c7-bc59-3931cb17f09d,ID205059,CID-283,b19f7af1-d4b2-47c7-bc59-3931cb17f09d,2026-02-04,2026-03-06,2799.8,168.0,2967.8,Issued,SampleGen
INV-5b648cfe-3b42-4b63-b352-ba04f30fe139,ID205060,CID-283,5b648cfe-3b42-4b63-b352-ba04f30fe139,2026-02-18,2026-03-20,527.88,31.68,559.56,Issued,SampleGen
INV-8d752061-5a00-475a-8478-b0257a95790b,ID205061,CID-283,8d752061-5a00-475a-8478-b0257a95790b,2026-02-16,2026-03-18,709.82,42.6,752.42,Issued,SampleGen
INV-a8b03f71-a7cb-46c9-a6cb-a5043b031472,ID205062,CID-283,a8b03f71-a7cb-46c9-a6cb-a5043b031472,2026-03-22,2026-04-21,3083.84,185.04,3268.88,Issued,SampleGen
INV-2ac174b2-d96d-461e-b976-45df39ae090c,ID205063,CID-283,2ac174b2-d96d-461e-b976-45df39ae090c,2026-03-31,2026-04-30,4027.76,241.68,4269.44,Issued,SampleGen
INV-f7e1ac02-d6da-46b3-9782-a2213e8d0469,ID205064,CID-283,f7e1ac02-d6da-46b3-9782-a2213e8d0469,2026-03-09,2026-04-08,373.86,22.44,396.3,Issued,SampleGen
INV-2743c8b2-45f8-4f60-b4c4-8b8c3f71a61b,ID205065,CID-283,2743c8b2-45f8-4f60-b4c4-8b8c3f71a61b,2026-04-20,2026-05-20,2687.82,161.28,2849.1,Issued,SampleGen
INV-b3be0779-cfc3-4dca-923c-0be59f2d6752,ID205066,CID-283,b3be0779-cfc3-4dca-923c-0be59f2d6752,2026-04-13,2026-05-13,5779.82,346.8,6126.62,Issued,SampleGen
INV-805e557e-26a2-4242-888f-913294e38f72,ID205067,CID-283,805e557e-26a2-4242-888f-913294e38f72,2026-04-03,2026-05-03,923.82,55.44,979.26,Issued,SampleGen
INV-731fbbb3-7313-4bd2-acee-2bebe22c457a,ID205068,CID-284,731fbbb3-7313-4bd2-acee-2bebe22c457a,2025-01-27,2025-02-26,1411.9,84.72,1496.62,Issued,SampleGen
INV-e4cdfb84-d508-4e99-8e3e-4e75d59de5c7,ID205069,CID-284,e4cdfb84-d508-4e99-8e3e-4e75d59de5c7,2025-02-08,2025-03-10,517.86,31.08,548.94,Issued,SampleGen
INV-1f59fb2a-db64-45e8-9324-9a42a7fc61eb,ID205070,CID-284,1f59fb2a-db64-45e8-9324-9a42a7fc61eb,2025-03-03,2025-04-02,4393.7,263.64,4657.34,Issued,SampleGen
INV-01ee0757-0445-4083-94d2-154a633522ce,ID205071,CID-284,01ee0757-0445-4083-94d2-154a633522ce,2025-04-10,2025-05-10,1783.88,107.04,1890.92,Issued,SampleGen
INV-222c0bfa-af5a-428b-9dc5-325ae9b682a2,ID205072,CID-284,222c0bfa-af5a-428b-9dc5-325ae9b682a2,2025-04-06,2025-05-06,631.84,37.92,669.76,Issued,SampleGen
INV-4b27d931-2f9b-486f-981b-d6ab303f5daa,ID205073,CID-284,4b27d931-2f9b-486f-981b-d6ab303f5daa,2025-05-24,2025-06-23,983.84,59.04,1042.88,Issued,SampleGen
INV-f772e9c5-0dfb-4bb9-9fe6-fa499bf2856f,ID205074,CID-284,f772e9c5-0dfb-4bb9-9fe6-fa499bf2856f,2025-05-06,2025-06-05,1515.84,90.96,1606.8,Issued,SampleGen
INV-e396e642-5ca7-4aff-a6b0-c86f827640d1,ID205075,CID-284,e396e642-5ca7-4aff-a6b0-c86f827640d1,2025-06-21,2025-07-21,1835.92,110.16,1946.08,Issued,SampleGen
INV-221a74bf-4182-4f39-98ba-a355770a0570,ID205076,CID-284,221a74bf-4182-4f39-98ba-a355770a0570,2025-06-18,2025-07-18,969.8,58.2,1028.0,Issued,SampleGen
INV-5994e06c-841b-4051-88e9-936a9a64b426,ID205077,CID-284,5994e06c-841b-4051-88e9-936a9a64b426,2025-07-23,2025-08-22,2409.8,144.6,2554.4,Issued,SampleGen
INV-dbc9fb44-7307-47e1-aafb-4bd21acbe13e,ID205078,CID-284,dbc9fb44-7307-47e1-aafb-4bd21acbe13e,2025-07-31,2025-08-30,3291.78,197.52,3489.3,Issued,SampleGen
INV-2c803016-b977-4f19-a211-8544b6fdb65f,ID205079,CID-284,2c803016-b977-4f19-a211-8544b6fdb65f,2025-08-17,2025-09-16,473.82,28.44,502.26,Issued,SampleGen
INV-7a7a8a00-6da1-46fb-9bc4-b1f08839b5e8,ID205080,CID-284,7a7a8a00-6da1-46fb-9bc4-b1f08839b5e8,2025-08-21,2025-09-20,867.78,52.08,919.86,Issued,SampleGen
INV-55e13f0e-7da1-4c7f-b5d7-8dbf829d39c0,ID205081,CID-284,55e13f0e-7da1-4c7f-b5d7-8dbf829d39c0,2025-09-18,2025-10-18,2167.8,130.08,2297.88,Issued,SampleGen
INV-f6ef85e3-7825-4930-bdc4-eef21fcebc5b,ID205082,CID-284,f6ef85e3-7825-4930-bdc4-eef21fcebc5b,2025-09-17,2025-10-17,4087.72,245.28,4333.0,Issued,SampleGen
INV-d607bf18-d375-4d90-97ef-c898e4b8ef80,ID205083,CID-284,d607bf18-d375-4d90-97ef-c898e4b8ef80,2025-09-09,2025-10-09,1391.8,83.52,1475.32,Issued,SampleGen
INV-3f41ecee-13d2-4978-b4f4-f6cbd6a02255,ID205084,CID-284,3f41ecee-13d2-4978-b4f4-f6cbd6a02255,2025-10-11,2025-11-10,2063.92,123.84,2187.76,Issued,SampleGen
INV-e8e72797-1c79-4c74-92b9-64ff0c4addf5,ID205085,CID-284,e8e72797-1c79-4c74-92b9-64ff0c4addf5,2025-10-06,2025-11-05,1231.82,73.92,1305.74,Issued,SampleGen
INV-f9524fd4-6dd6-4572-b7bc-195eb89ed8c5,ID205086,CID-284,f9524fd4-6dd6-4572-b7bc-195eb89ed8c5,2025-10-02,2025-11-01,2643.72,158.64,2802.36,Issued,SampleGen
INV-208a6c3c-459a-4f06-99c0-008aa1df02ff,ID205087,CID-284,208a6c3c-459a-4f06-99c0-008aa1df02ff,2025-11-03,2025-12-03,671.78,40.32,712.1,Issued,SampleGen
INV-58a71d86-4c43-4886-a1b4-57acc45e6307,ID205088,CID-284,58a71d86-4c43-4886-a1b4-57acc45e6307,2025-11-23,2025-12-23,1929.86,115.8,2045.66,Issued,SampleGen
INV-61733487-48af-4014-83d8-2ebf57b13b44,ID205089,CID-284,61733487-48af-4014-83d8-2ebf57b13b44,2025-11-21,2025-12-21,3775.84,226.56,4002.4,Issued,SampleGen
INV-5d9ecf14-ee06-4a1c-9d9a-82a224e415dc,ID205090,CID-284,5d9ecf14-ee06-4a1c-9d9a-82a224e415dc,2025-12-07,2026-01-06,3951.84,237.12,4188.96,Issued,SampleGen
INV-ca33228d-e5aa-4a7a-9ef6-62258c8d9366,ID205091,CID-284,ca33228d-e5aa-4a7a-9ef6-62258c8d9366,2025-12-03,2026-01-02,5325.72,319.56,5645.28,Issued,SampleGen
INV-ac25a96e-0c15-4d78-b587-01ed6c308a60,ID205092,CID-284,ac25a96e-0c15-4d78-b587-01ed6c308a60,2025-12-24,2026-01-23,507.86,30.48,538.34,Issued,SampleGen
INV-5544f181-c2b0-42ca-a12f-a92330592206,ID205093,CID-284,5544f181-c2b0-42ca-a12f-a92330592206,2026-01-25,2026-02-24,4535.84,272.16,4808.0,Issued,SampleGen
INV-3b31f195-6ba1-435b-95ba-2faa5053c388,ID205094,CID-284,3b31f195-6ba1-435b-95ba-2faa5053c388,2026-01-03,2026-02-02,415.9,24.96,440.86,Issued,SampleGen
INV-11609fd5-4bb3-4c2a-af9c-a4a2301c50b5,ID205095,CID-284,11609fd5-4bb3-4c2a-af9c-a4a2301c50b5,2026-01-30,2026-03-01,555.84,33.36,589.2,Issued,SampleGen
INV-8c793bb0-f3ae-4197-b818-47d5c11e10d1,ID205096,CID-284,8c793bb0-f3ae-4197-b818-47d5c11e10d1,2026-02-22,2026-03-24,2247.8,134.88,2382.68,Issued,SampleGen
INV-332839d6-c92c-4fa2-abad-8fdd88c87397,ID205097,CID-284,332839d6-c92c-4fa2-abad-8fdd88c87397,2026-02-22,2026-03-24,2279.88,136.8,2416.68,Issued,SampleGen
INV-a6024169-3714-4904-b257-5b4ca3262cf9,ID205098,CID-284,a6024169-3714-4904-b257-5b4ca3262cf9,2026-02-25,2026-03-27,2719.86,163.2,2883.06,Issued,SampleGen
INV-1ea5d9df-b7ce-4120-a411-b77c15391cc1,ID205099,CID-284,1ea5d9df-b7ce-4120-a411-b77c15391cc1,2026-02-16,2026-03-18,795.8,47.76,843.56,Issued,SampleGen
INV-212eba8b-2919-4726-80bb-703e08f8807e,ID205100,CID-284,212eba8b-2919-4726-80bb-703e08f8807e,2026-03-13,2026-04-12,651.8,39.12,690.92,Issued,SampleGen
INV-0b992be4-cff6-4345-a55c-0169e865cf2c,ID205101,CID-284,0b992be4-cff6-4345-a55c-0169e865cf2c,2026-03-15,2026-04-14,607.84,36.48,644.32,Issued,SampleGen
INV-590102ef-643f-4398-b550-9a742a1607d2,ID205102,CID-284,590102ef-643f-4398-b550-9a742a1607d2,2026-03-21,2026-04-20,2269.8,136.2,2406.0,Issued,SampleGen
INV-ed9b8899-fcb5-46ab-8fa9-7f4def69367f,ID205103,CID-284,ed9b8899-fcb5-46ab-8fa9-7f4def69367f,2026-03-20,2026-04-19,2639.84,158.4,2798.24,Issued,SampleGen
INV-fb0e0238-1f47-47b9-b1e8-d1c00b4b4ee8,ID205104,CID-284,fb0e0238-1f47-47b9-b1e8-d1c00b4b4ee8,2026-04-19,2026-05-19,515.88,30.96,546.84,Issued,SampleGen
INV-86cab33f-10d9-42a3-a6fd-37094671967d,ID205105,CID-284,86cab33f-10d9-42a3-a6fd-37094671967d,2026-04-27,2026-05-27,657.82,39.48,697.3,Issued,SampleGen
INV-4df9c6fe-50fb-4d4f-b5f4-43e4cf4896c7,ID205106,CID-284,4df9c6fe-50fb-4d4f-b5f4-43e4cf4896c7,2026-05-01,2026-05-31,5847.76,350.88,6198.64,Issued,SampleGen
INV-efa50f2c-31d7-411d-80e9-2e08416fb3f3,ID205107,CID-285,efa50f2c-31d7-411d-80e9-2e08416fb3f3,2025-01-27,2025-02-26,589.84,35.4,625.24,Issued,SampleGen
INV-8d57a5a0-6551-4006-a7a9-61f5491a65be,ID205108,CID-285,8d57a5a0-6551-4006-a7a9-61f5491a65be,2025-02-02,2025-03-04,1791.88,107.52,1899.4,Issued,SampleGen
INV-9ce72d09-3266-4415-aed2-c688301370b4,ID205109,CID-285,9ce72d09-3266-4415-aed2-c688301370b4,2025-05-06,2025-06-05,647.84,38.88,686.72,Issued,SampleGen
INV-afed881e-98a3-4d39-a91e-43c6c7085d8e,ID205110,CID-285,afed881e-98a3-4d39-a91e-43c6c7085d8e,2025-06-29,2025-07-29,1767.72,106.08,1873.8,Issued,SampleGen
INV-4e93bf5f-8db0-4a67-9ac0-93ae816d7a9b,ID205111,CID-285,4e93bf5f-8db0-4a67-9ac0-93ae816d7a9b,2025-07-28,2025-08-27,959.88,57.6,1017.48,Issued,SampleGen
INV-aebbfbc6-76fc-40f4-bb48-46e81bc83c03,ID205112,CID-285,aebbfbc6-76fc-40f4-bb48-46e81bc83c03,2025-08-15,2025-09-14,1279.76,76.8,1356.56,Issued,SampleGen
INV-cc5612de-0632-43bb-9b0a-3bf5a3e07b00,ID205113,CID-285,cc5612de-0632-43bb-9b0a-3bf5a3e07b00,2025-09-26,2025-10-26,2063.84,123.84,2187.68,Issued,SampleGen
INV-45a609b8-e1b1-48f8-80a0-6be905b5c12b,ID205114,CID-285,45a609b8-e1b1-48f8-80a0-6be905b5c12b,2025-10-17,2025-11-16,3605.86,216.36,3822.22,Issued,SampleGen
INV-2433b6d4-90de-4e44-ae59-596a2cb2b76d,ID205115,CID-285,2433b6d4-90de-4e44-ae59-596a2cb2b76d,2025-11-22,2025-12-22,395.88,23.76,419.64,Issued,SampleGen
INV-306cf631-0424-4015-a5c2-349f5ab5e4c5,ID205116,CID-285,306cf631-0424-4015-a5c2-349f5ab5e4c5,2026-01-01,2026-01-31,1499.74,90.0,1589.74,Issued,SampleGen
INV-6a0ac971-7cb0-4bed-9a6d-6123a10e95fe,ID205117,CID-285,6a0ac971-7cb0-4bed-9a6d-6123a10e95fe,2025-12-11,2026-01-10,423.88,25.44,449.32,Issued,SampleGen
INV-15f12341-5874-44dd-add9-ca7f8e35ac87,ID205118,CID-285,15f12341-5874-44dd-add9-ca7f8e35ac87,2026-01-15,2026-02-14,5385.76,323.16,5708.92,Issued,SampleGen
INV-4e33d701-fa51-42ae-9b52-78302e4cccdd,ID205119,CID-285,4e33d701-fa51-42ae-9b52-78302e4cccdd,2026-02-17,2026-03-19,839.92,50.4,890.32,Issued,SampleGen
INV-1b4b2d01-f3e2-4c17-a7f9-c85a9f27486f,ID205120,CID-285,1b4b2d01-f3e2-4c17-a7f9-c85a9f27486f,2026-02-18,2026-03-20,473.88,28.44,502.32,Issued,SampleGen
INV-76373436-4ff9-4b9d-9f7d-c9eb1116ef15,ID205121,CID-285,76373436-4ff9-4b9d-9f7d-c9eb1116ef15,2026-03-29,2026-04-28,701.82,42.12,743.94,Issued,SampleGen
INV-fc7b0f12-9776-4ebd-b15f-cba66fee26be,ID205122,CID-285,fc7b0f12-9776-4ebd-b15f-cba66fee26be,2026-04-02,2026-05-02,2559.78,153.6,2713.38,Issued,SampleGen
INV-bf95c3d8-1ca6-4bef-8341-c7e1c22fbe85,ID205123,CID-286,bf95c3d8-1ca6-4bef-8341-c7e1c22fbe85,2025-03-03,2025-04-02,437.88,26.28,464.16,Issued,SampleGen
INV-270522cb-5dfc-4447-81fa-8ca0b05e4323,ID205124,CID-286,270522cb-5dfc-4447-81fa-8ca0b05e4323,2025-04-11,2025-05-11,1279.76,76.8,1356.56,Issued,SampleGen
INV-444bdf65-567d-411f-bcc0-4d18bf962028,ID205125,CID-286,444bdf65-567d-411f-bcc0-4d18bf962028,2025-05-14,2025-06-13,1119.82,67.2,1187.02,Issued,SampleGen
INV-43eba511-61d3-4894-ba10-81d0faaef5f1,ID205126,CID-286,43eba511-61d3-4894-ba10-81d0faaef5f1,2025-06-27,2025-07-27,1303.88,78.24,1382.12,Issued,SampleGen
INV-985db359-c790-48a2-9206-9191696f8be5,ID205127,CID-286,985db359-c790-48a2-9206-9191696f8be5,2025-07-20,2025-08-19,1867.8,112.08,1979.88,Issued,SampleGen
INV-aadbdc91-293c-4801-b8c2-02964a7f37a1,ID205128,CID-286,aadbdc91-293c-4801-b8c2-02964a7f37a1,2025-08-25,2025-09-24,1167.8,70.08,1237.88,Issued,SampleGen
INV-1718eca0-168c-411f-bf0a-909f3cafcb94,ID205129,CID-286,1718eca0-168c-411f-bf0a-909f3cafcb94,2025-09-11,2025-10-11,2303.8,138.24,2442.04,Issued,SampleGen
INV-b37bc1f1-1e5d-4e77-8466-0b1bce2dfd26,ID205130,CID-286,b37bc1f1-1e5d-4e77-8466-0b1bce2dfd26,2025-10-05,2025-11-04,1007.78,60.48,1068.26,Issued,SampleGen
INV-4015b160-b7cd-4c2d-bda4-3d127f70cd58,ID205131,CID-286,4015b160-b7cd-4c2d-bda4-3d127f70cd58,2025-10-28,2025-11-27,4603.76,276.24,4880.0,Issued,SampleGen
INV-7a81f42b-9f98-4ec6-bd4b-19db8002b02a,ID205132,CID-286,7a81f42b-9f98-4ec6-bd4b-19db8002b02a,2025-11-10,2025-12-10,3447.7,206.88,3654.58,Issued,SampleGen
INV-df55f4cc-cba8-46c7-9ac8-06c469d54d7c,ID205133,CID-286,df55f4cc-cba8-46c7-9ac8-06c469d54d7c,2026-01-01,2026-01-31,359.88,21.6,381.48,Issued,SampleGen
INV-1f750c6d-b831-4c34-b741-31db22a28fc7,ID205134,CID-286,1f750c6d-b831-4c34-b741-31db22a28fc7,2026-01-01,2026-01-31,485.88,29.16,515.04,Issued,SampleGen
INV-9379f4fe-fd43-4e26-8398-4ef1eb58e447,ID205135,CID-286,9379f4fe-fd43-4e26-8398-4ef1eb58e447,2026-01-09,2026-02-08,623.88,37.44,661.32,Issued,SampleGen
INV-8864f9f0-f3b5-4146-b04b-944a93fd3011,ID205136,CID-286,8864f9f0-f3b5-4146-b04b-944a93fd3011,2026-01-14,2026-02-13,2127.84,127.68,2255.52,Issued,SampleGen
INV-1a21d154-e3d5-4d6d-9bb3-d5ce2614d4d4,ID205137,CID-286,1a21d154-e3d5-4d6d-9bb3-d5ce2614d4d4,2026-02-23,2026-03-25,2795.88,167.76,2963.64,Issued,SampleGen
INV-9ca86f8b-8af0-415f-a266-fbf4723857f3,ID205138,CID-286,9ca86f8b-8af0-415f-a266-fbf4723857f3,2026-02-28,2026-03-30,1427.78,85.68,1513.46,Issued,SampleGen
INV-3be03da9-1a79-4c4c-abfb-2e3ddd7b939c,ID205139,CID-286,3be03da9-1a79-4c4c-abfb-2e3ddd7b939c,2026-03-24,2026-04-23,2335.8,140.16,2475.96,Issued,SampleGen
INV-9d535e01-85ef-49d9-8a10-51a26a7b8da9,ID205140,CID-286,9d535e01-85ef-49d9-8a10-51a26a7b8da9,2026-04-08,2026-05-08,1451.8,87.12,1538.92,Issued,SampleGen
INV-22698d98-60b4-420c-af37-c84a1a547183,ID205141,CID-286,22698d98-60b4-420c-af37-c84a1a547183,2026-04-08,2026-05-08,3647.86,218.88,3866.74,Issued,SampleGen
INV-6d718ee0-be57-4f97-95f6-c65a24881dd3,ID205142,CID-287,6d718ee0-be57-4f97-95f6-c65a24881dd3,2025-01-15,2025-02-14,565.86,33.96,599.82,Issued,SampleGen
INV-18b82bd4-8cf5-4898-a4a8-1fb53941c1fe,ID205143,CID-287,18b82bd4-8cf5-4898-a4a8-1fb53941c1fe,2025-04-07,2025-05-07,4441.74,266.52,4708.26,Issued,SampleGen
INV-6766ef0a-4a85-4000-804c-d7ea13375f88,ID205144,CID-287,6766ef0a-4a85-4000-804c-d7ea13375f88,2025-05-29,2025-06-28,779.84,46.8,826.64,Issued,SampleGen
INV-185ddc67-92a7-48b1-8c61-ac702b7dfbcb,ID205145,CID-287,185ddc67-92a7-48b1-8c61-ac702b7dfbcb,2025-06-30,2025-07-30,4619.78,277.2,4896.98,Issued,SampleGen
INV-23b9fc7a-cfc9-4436-a67f-b9dad38c75b2,ID205146,CID-287,23b9fc7a-cfc9-4436-a67f-b9dad38c75b2,2025-06-18,2025-07-18,4155.86,249.36,4405.22,Issued,SampleGen
INV-6bee2809-ab0e-4767-9206-17af6e179c7c,ID205147,CID-287,6bee2809-ab0e-4767-9206-17af6e179c7c,2025-07-16,2025-08-15,683.88,41.04,724.92,Issued,SampleGen
INV-4343e59a-3be9-455b-a527-64421ee1c0b0,ID205148,CID-287,4343e59a-3be9-455b-a527-64421ee1c0b0,2025-07-17,2025-08-16,2511.8,150.72,2662.52,Issued,SampleGen
INV-11bb2685-9f2d-47e5-9110-eb5cac8555dd,ID205149,CID-287,11bb2685-9f2d-47e5-9110-eb5cac8555dd,2025-08-11,2025-09-10,3355.9,201.36,3557.26,Issued,SampleGen
INV-ee826a1f-3082-4648-8304-23d1dd73c663,ID205150,CID-287,ee826a1f-3082-4648-8304-23d1dd73c663,2025-09-16,2025-10-16,2963.82,177.84,3141.66,Issued,SampleGen
INV-cd195616-20ac-4a1e-9055-08de36ecacf3,ID205151,CID-287,cd195616-20ac-4a1e-9055-08de36ecacf3,2025-09-09,2025-10-09,3883.84,233.04,4116.88,Issued,SampleGen
INV-58c1e510-8d62-4f80-92e5-8a290cca2b38,ID205152,CID-287,58c1e510-8d62-4f80-92e5-8a290cca2b38,2025-10-20,2025-11-19,3639.84,218.4,3858.24,Issued,SampleGen
INV-313729b1-4efd-47b4-b27a-caa5f9e135f7,ID205153,CID-287,313729b1-4efd-47b4-b27a-caa5f9e135f7,2025-10-16,2025-11-15,565.86,33.96,599.82,Issued,SampleGen
INV-e3104355-f686-42d5-b779-3e5fdd44b68f,ID205154,CID-287,e3104355-f686-42d5-b779-3e5fdd44b68f,2025-11-09,2025-12-09,541.86,32.52,574.38,Issued,SampleGen
INV-30bd6861-83ee-48cd-94d5-47505354a38b,ID205155,CID-287,30bd6861-83ee-48cd-94d5-47505354a38b,2025-12-03,2026-01-02,3179.8,190.8,3370.6,Issued,SampleGen
INV-b8394634-2c37-49bb-939a-b9c2bead9aa7,ID205156,CID-287,b8394634-2c37-49bb-939a-b9c2bead9aa7,2025-12-11,2026-01-10,3381.78,202.92,3584.7,Issued,SampleGen
INV-ad29b562-c04a-49d2-9a05-7e62677505c2,ID205157,CID-287,ad29b562-c04a-49d2-9a05-7e62677505c2,2026-01-28,2026-02-27,1419.86,85.2,1505.06,Issued,SampleGen
INV-f9917cb8-aea1-4824-997a-2cfec06cb005,ID205158,CID-287,f9917cb8-aea1-4824-997a-2cfec06cb005,2026-02-10,2026-03-12,1671.78,100.32,1772.1,Issued,SampleGen
INV-3ef8d99b-7247-4c05-af63-b1ffb3b0d2ca,ID205159,CID-287,3ef8d99b-7247-4c05-af63-b1ffb3b0d2ca,2026-02-26,2026-03-28,2485.76,149.16,2634.92,Issued,SampleGen
INV-a1750fa9-c02d-4a70-a2be-4f5ea5c13f4d,ID205160,CID-287,a1750fa9-c02d-4a70-a2be-4f5ea5c13f4d,2026-03-22,2026-04-21,1767.78,106.08,1873.86,Issued,SampleGen
INV-aaad8d36-395e-4267-8247-64aadcfe85d7,ID205161,CID-287,aaad8d36-395e-4267-8247-64aadcfe85d7,2026-03-29,2026-04-28,3151.8,189.12,3340.92,Issued,SampleGen
INV-1d0eee01-12cc-4d3b-bb18-69049cdb318b,ID205162,CID-287,1d0eee01-12cc-4d3b-bb18-69049cdb318b,2026-04-21,2026-05-21,4139.7,248.4,4388.1,Issued,SampleGen
INV-59aeadfd-56ce-4f1a-84cc-97b673ad495a,ID205163,CID-287,59aeadfd-56ce-4f1a-84cc-97b673ad495a,2026-05-01,2026-05-31,5199.76,312.0,5511.76,Issued,SampleGen
INV-3d7521ac-d0e1-4f75-85aa-4b77567871d3,ID205164,CID-288,3d7521ac-d0e1-4f75-85aa-4b77567871d3,2025-02-16,2025-03-18,3581.86,214.92,3796.78,Issued,SampleGen
INV-107dad34-5185-47ed-8e9e-fd8c433726b6,ID205165,CID-288,107dad34-5185-47ed-8e9e-fd8c433726b6,2025-03-27,2025-04-26,853.8,51.24,905.04,Issued,SampleGen
INV-8c503542-7f9e-420c-8db1-a33ab002a899,ID205166,CID-288,8c503542-7f9e-420c-8db1-a33ab002a899,2025-04-08,2025-05-08,1611.84,96.72,1708.56,Issued,SampleGen
INV-cae7b1f3-b260-41f3-a02b-b69652a7a648,ID205167,CID-288,cae7b1f3-b260-41f3-a02b-b69652a7a648,2025-05-11,2025-06-10,851.88,51.12,903.0,Issued,SampleGen
INV-5c28ced5-58f7-4eeb-9b6d-fce1405ce5b4,ID205168,CID-288,5c28ced5-58f7-4eeb-9b6d-fce1405ce5b4,2025-06-13,2025-07-13,859.86,51.6,911.46,Issued,SampleGen
INV-5a7605bb-0ec7-4535-9af5-feadc1227ba6,ID205169,CID-288,5a7605bb-0ec7-4535-9af5-feadc1227ba6,2025-07-01,2025-07-31,2271.8,136.32,2408.12,Issued,SampleGen
INV-cfa59691-5459-4e71-93d8-61f02b0d6480,ID205170,CID-288,cfa59691-5459-4e71-93d8-61f02b0d6480,2025-07-04,2025-08-03,1901.9,114.12,2016.02,Issued,SampleGen
INV-a51181dc-4741-44a7-890b-6e81b48baf43,ID205171,CID-288,a51181dc-4741-44a7-890b-6e81b48baf43,2025-08-31,2025-09-30,2945.82,176.76,3122.58,Issued,SampleGen
INV-43b85c81-4601-41a9-9bed-1d25a0677c23,ID205172,CID-288,43b85c81-4601-41a9-9bed-1d25a0677c23,2025-08-06,2025-09-05,2787.76,167.28,2955.04,Issued,SampleGen
INV-8e864120-31dd-4fcb-9414-a621aa6759a1,ID205173,CID-288,8e864120-31dd-4fcb-9414-a621aa6759a1,2025-09-03,2025-10-03,2423.8,145.44,2569.24,Issued,SampleGen
INV-30bd59c4-3a3b-4958-a782-871ffa786df6,ID205174,CID-288,30bd59c4-3a3b-4958-a782-871ffa786df6,2025-09-05,2025-10-05,2317.78,139.08,2456.86,Issued,SampleGen
INV-a6c1404b-ffa8-4dfe-ad83-4249bddb40d7,ID205175,CID-288,a6c1404b-ffa8-4dfe-ad83-4249bddb40d7,2025-10-09,2025-11-08,811.92,48.72,860.64,Issued,SampleGen
INV-84ce7a23-ece5-4425-8346-5413e74dd527,ID205176,CID-288,84ce7a23-ece5-4425-8346-5413e74dd527,2025-11-01,2025-12-01,431.86,25.92,457.78,Issued,SampleGen
INV-5b6079ec-64cc-473d-bf17-9ee15b1f5f5d,ID205177,CID-288,5b6079ec-64cc-473d-bf17-9ee15b1f5f5d,2025-11-29,2025-12-29,2399.82,144.0,2543.82,Issued,SampleGen
INV-c4ce76c1-2725-4ad8-91e5-d0d0ee82a148,ID205178,CID-288,c4ce76c1-2725-4ad8-91e5-d0d0ee82a148,2025-11-16,2025-12-16,1323.78,79.44,1403.22,Issued,SampleGen
INV-33bc4acd-e0d1-48d4-91a9-54e260afda70,ID205179,CID-288,33bc4acd-e0d1-48d4-91a9-54e260afda70,2025-12-16,2026-01-15,1951.74,117.12,2068.86,Issued,SampleGen
INV-6e2c41db-df1f-4d64-aa26-a7379e9aa53c,ID205180,CID-288,6e2c41db-df1f-4d64-aa26-a7379e9aa53c,2025-12-05,2026-01-04,4927.84,295.68,5223.52,Issued,SampleGen
INV-4063a990-6a72-4070-a261-3b57c1397dee,ID205181,CID-288,4063a990-6a72-4070-a261-3b57c1397dee,2026-01-26,2026-02-25,3591.88,215.52,3807.4,Issued,SampleGen
INV-0a40db25-96d8-4ffa-b093-fdebda4db5d5,ID205182,CID-288,0a40db25-96d8-4ffa-b093-fdebda4db5d5,2026-01-23,2026-02-22,2777.8,166.68,2944.48,Issued,SampleGen
INV-c9045044-f7c8-4809-9f24-456fe0fed556,ID205183,CID-288,c9045044-f7c8-4809-9f24-456fe0fed556,2026-02-23,2026-03-25,3943.8,236.64,4180.44,Issued,SampleGen
INV-6128c015-d385-428c-8a25-3f636d623406,ID205184,CID-288,6128c015-d385-428c-8a25-3f636d623406,2026-02-18,2026-03-20,2911.76,174.72,3086.48,Issued,SampleGen
INV-040076cf-11d5-4cf8-9a8e-adf9153b89c2,ID205185,CID-288,040076cf-11d5-4cf8-9a8e-adf9153b89c2,2026-03-24,2026-04-23,635.9,38.16,674.06,Issued,SampleGen
INV-99d2a58e-fb58-42a8-afb9-35c0e09aa824,ID205186,CID-288,99d2a58e-fb58-42a8-afb9-35c0e09aa824,2026-03-03,2026-04-02,395.88,23.76,419.64,Issued,SampleGen
INV-2c969005-063b-43d6-894d-03d75728dcc5,ID205187,CID-288,2c969005-063b-43d6-894d-03d75728dcc5,2026-04-18,2026-05-18,1403.8,84.24,1488.04,Issued,SampleGen
INV-fd933e68-645d-450b-a215-9afe91b01aae,ID205188,CID-288,fd933e68-645d-450b-a215-9afe91b01aae,2026-04-21,2026-05-21,3015.8,180.96,3196.76,Issued,SampleGen
INV-04bc6856-3050-4900-afe6-26f424a97d9f,ID205189,CID-288,04bc6856-3050-4900-afe6-26f424a97d9f,2026-04-22,2026-05-22,2003.8,120.24,2124.04,Issued,SampleGen
INV-3592f173-7267-4d08-be00-1f71ea72d3fe,ID205190,CID-289,3592f173-7267-4d08-be00-1f71ea72d3fe,2025-02-14,2025-03-16,789.84,47.4,837.24,Issued,SampleGen
INV-87252e72-10e0-497d-98d7-d5bb87f13c5a,ID205191,CID-289,87252e72-10e0-497d-98d7-d5bb87f13c5a,2025-06-19,2025-07-19,1639.86,98.4,1738.26,Issued,SampleGen
INV-8b4b04c7-2f19-4f05-9e1c-4e0eeac16945,ID205192,CID-289,8b4b04c7-2f19-4f05-9e1c-4e0eeac16945,2025-09-04,2025-10-04,2331.82,139.92,2471.74,Issued,SampleGen
INV-d06ce7e8-02b1-460b-bafa-7ce2ad900a3f,ID205193,CID-289,d06ce7e8-02b1-460b-bafa-7ce2ad900a3f,2025-10-09,2025-11-08,2075.86,124.56,2200.42,Issued,SampleGen
INV-5f25d8ed-43ea-4c3d-8d29-1babf6878a47,ID205194,CID-289,5f25d8ed-43ea-4c3d-8d29-1babf6878a47,2025-12-28,2026-01-27,399.88,24.0,423.88,Issued,SampleGen
INV-49baa0da-f62e-4b58-8393-b652b24a0c77,ID205195,CID-289,49baa0da-f62e-4b58-8393-b652b24a0c77,2026-01-18,2026-02-17,929.8,55.8,985.6,Issued,SampleGen
INV-3b7fcdf0-2ee8-45e4-9520-09b6b5f6d221,ID205196,CID-289,3b7fcdf0-2ee8-45e4-9520-09b6b5f6d221,2026-02-06,2026-03-08,727.8,43.68,771.48,Issued,SampleGen
INV-d3f00c5b-1b65-4f49-b2d3-d8247e944626,ID205197,CID-289,d3f00c5b-1b65-4f49-b2d3-d8247e944626,2026-03-25,2026-04-24,5299.72,318.0,5617.72,Issued,SampleGen
INV-d12b4ad1-5d9b-49e3-a635-daa5e9c25fcc,ID205198,CID-289,d12b4ad1-5d9b-49e3-a635-daa5e9c25fcc,2026-04-12,2026-05-12,839.76,50.4,890.16,Issued,SampleGen
INV-2da7fc2c-4660-4cb0-90fc-1ad7ef966089,ID205199,CID-290,2da7fc2c-4660-4cb0-90fc-1ad7ef966089,2025-02-10,2025-03-12,3201.72,192.12,3393.84,Issued,SampleGen
INV-cfc38d34-c574-4c61-8649-10d970c4fe41,ID205200,CID-290,cfc38d34-c574-4c61-8649-10d970c4fe41,2025-04-11,2025-05-11,2847.78,170.88,3018.66,Issued,SampleGen
INV-4213a35c-0a69-44c2-b32f-4386f7c4b598,ID205201,CID-290,4213a35c-0a69-44c2-b32f-4386f7c4b598,2025-08-10,2025-09-09,2401.8,144.12,2545.92,Issued,SampleGen
INV-88dce943-b0f2-4d5b-b0d9-f7655a16d1cb,ID205202,CID-290,88dce943-b0f2-4d5b-b0d9-f7655a16d1cb,2025-09-29,2025-10-29,1383.84,83.04,1466.88,Issued,SampleGen
INV-ca776b94-0fe9-46a7-93ff-f2b621702c03,ID205203,CID-290,ca776b94-0fe9-46a7-93ff-f2b621702c03,2025-12-28,2026-01-27,2423.78,145.44,2569.22,Issued,SampleGen
INV-377ce28e-94d2-462e-80ed-a882480bc324,ID205204,CID-290,377ce28e-94d2-462e-80ed-a882480bc324,2026-01-25,2026-02-24,1267.82,76.08,1343.9,Issued,SampleGen
INV-a83bef2f-1ec1-4b66-9403-62742601b857,ID205205,CID-290,a83bef2f-1ec1-4b66-9403-62742601b857,2026-03-26,2026-04-25,3523.76,211.44,3735.2,Issued,SampleGen
INV-9996512b-5728-4e8c-bf03-394c4b0525ac,ID205206,CID-290,9996512b-5728-4e8c-bf03-394c4b0525ac,2026-04-12,2026-05-12,651.74,39.12,690.86,Issued,SampleGen
INV-347b345e-38de-407b-a775-525f4a828257,ID205207,CID-291,347b345e-38de-407b-a775-525f4a828257,2025-04-28,2025-05-28,2599.82,156.0,2755.82,Issued,SampleGen
INV-e4276adf-830f-4c2d-8cf2-d5f70eb8ef08,ID205208,CID-291,e4276adf-830f-4c2d-8cf2-d5f70eb8ef08,2025-05-28,2025-06-27,1739.88,104.4,1844.28,Issued,SampleGen
INV-282c65c8-c974-40e4-a533-a13008f1167c,ID205209,CID-291,282c65c8-c974-40e4-a533-a13008f1167c,2025-06-16,2025-07-16,3127.8,187.68,3315.48,Issued,SampleGen
INV-5d612d6f-da63-4c67-86ba-68cef534ebdf,ID205210,CID-291,5d612d6f-da63-4c67-86ba-68cef534ebdf,2025-07-09,2025-08-08,1543.86,92.64,1636.5,Issued,SampleGen
INV-564665d4-dcc4-47bf-ba53-24c02f414b9f,ID205211,CID-291,564665d4-dcc4-47bf-ba53-24c02f414b9f,2025-08-12,2025-09-11,1113.84,66.84,1180.68,Issued,SampleGen
INV-dde5f3a0-fbd8-4c15-9dba-64bf66ea66a5,ID205212,CID-291,dde5f3a0-fbd8-4c15-9dba-64bf66ea66a5,2025-09-07,2025-10-07,1919.82,115.2,2035.02,Issued,SampleGen
INV-1fc7fe11-4aa6-4033-8c0d-69ac7662f620,ID205213,CID-291,1fc7fe11-4aa6-4033-8c0d-69ac7662f620,2025-09-25,2025-10-25,517.86,31.08,548.94,Issued,SampleGen
INV-d25c9f94-19c6-4358-8eef-dfac996d2bb9,ID205214,CID-291,d25c9f94-19c6-4358-8eef-dfac996d2bb9,2025-10-14,2025-11-13,1635.88,98.16,1734.04,Issued,SampleGen
INV-86884e29-9ad7-4a0f-9b54-d7280ed6c028,ID205215,CID-291,86884e29-9ad7-4a0f-9b54-d7280ed6c028,2025-10-19,2025-11-18,591.84,35.52,627.36,Issued,SampleGen
INV-098b5563-3be4-4cd2-ba47-6d57447f907f,ID205216,CID-291,098b5563-3be4-4cd2-ba47-6d57447f907f,2025-11-11,2025-12-11,2743.74,164.64,2908.38,Issued,SampleGen
INV-ced8da99-66c3-4ec1-8ea1-c98f6089122b,ID205217,CID-291,ced8da99-66c3-4ec1-8ea1-c98f6089122b,2025-12-24,2026-01-23,1795.86,107.76,1903.62,Issued,SampleGen
INV-7644d8e8-20ac-48f8-86b6-9333f63a53b4,ID205218,CID-291,7644d8e8-20ac-48f8-86b6-9333f63a53b4,2026-01-12,2026-02-11,1035.9,62.16,1098.06,Issued,SampleGen
INV-56ebf9c1-a629-4fb1-83f7-80a153907524,ID205219,CID-291,56ebf9c1-a629-4fb1-83f7-80a153907524,2026-01-26,2026-02-25,383.88,23.04,406.92,Issued,SampleGen
INV-f1cfd0dd-da28-40c5-9d0b-8b61a9c3aab1,ID205220,CID-291,f1cfd0dd-da28-40c5-9d0b-8b61a9c3aab1,2026-02-16,2026-03-18,3947.86,236.88,4184.74,Issued,SampleGen
INV-500cfb86-8806-4bd1-8446-3bfcdaa8a56c,ID205221,CID-291,500cfb86-8806-4bd1-8446-3bfcdaa8a56c,2026-02-12,2026-03-14,4623.74,277.44,4901.18,Issued,SampleGen
INV-315c35d2-1dcd-4478-8b75-43d043461eac,ID205222,CID-291,315c35d2-1dcd-4478-8b75-43d043461eac,2026-03-27,2026-04-26,3823.72,229.44,4053.16,Issued,SampleGen
INV-441ce8b6-e289-4931-b484-96313a838139,ID205223,CID-291,441ce8b6-e289-4931-b484-96313a838139,2026-03-24,2026-04-23,355.9,21.36,377.26,Issued,SampleGen
INV-75d2e7c7-ac34-4ec7-ac95-5387c0822596,ID205224,CID-291,75d2e7c7-ac34-4ec7-ac95-5387c0822596,2026-04-17,2026-05-17,1155.78,69.36,1225.14,Issued,SampleGen
INV-260e0357-d437-4b4b-98a6-09fb81787bb6,ID205225,CID-291,260e0357-d437-4b4b-98a6-09fb81787bb6,2026-04-21,2026-05-21,3485.86,209.16,3695.02,Issued,SampleGen
INV-d7ccea52-47a3-4619-a8c4-215daafe91da,ID205226,CID-292,d7ccea52-47a3-4619-a8c4-215daafe91da,2025-05-14,2025-06-13,283.92,17.04,300.96,Issued,SampleGen
INV-9697c138-2181-4e8b-868b-f4b0528a5103,ID205227,CID-292,9697c138-2181-4e8b-868b-f4b0528a5103,2026-01-03,2026-02-02,6227.74,373.68,6601.42,Issued,SampleGen
INV-ab51ea0d-5117-4c09-b618-881e34bfe38f,ID205228,CID-293,ab51ea0d-5117-4c09-b618-881e34bfe38f,2025-01-28,2025-02-27,1887.84,113.28,2001.12,Issued,SampleGen
INV-02a31a3d-8ee1-478a-8e2d-e88f2203e123,ID205229,CID-293,02a31a3d-8ee1-478a-8e2d-e88f2203e123,2025-02-08,2025-03-10,2739.86,164.4,2904.26,Issued,SampleGen
INV-d7e67bed-638c-4a26-86f2-d1325a0d2f97,ID205230,CID-293,d7e67bed-638c-4a26-86f2-d1325a0d2f97,2025-02-22,2025-03-24,1419.82,85.2,1505.02,Issued,SampleGen
INV-8333b0b4-4469-4acc-b50d-be7ce5032fbd,ID205231,CID-293,8333b0b4-4469-4acc-b50d-be7ce5032fbd,2025-03-07,2025-04-06,383.84,23.04,406.88,Issued,SampleGen
INV-bf7a553d-e0b7-4133-b075-f085f66e10ca,ID205232,CID-293,bf7a553d-e0b7-4133-b075-f085f66e10ca,2025-03-06,2025-04-05,7091.74,425.52,7517.26,Issued,SampleGen
INV-1d7cd552-1983-4372-b0e4-13eafb34c081,ID205233,CID-293,1d7cd552-1983-4372-b0e4-13eafb34c081,2025-04-20,2025-05-20,2111.86,126.72,2238.58,Issued,SampleGen
INV-67ad5fde-3557-45ff-9c87-04e732b16c75,ID205234,CID-293,67ad5fde-3557-45ff-9c87-04e732b16c75,2025-04-07,2025-05-07,5285.82,317.16,5602.98,Issued,SampleGen
INV-bbe71514-951d-40ce-aab4-35633e3ecb12,ID205235,CID-293,bbe71514-951d-40ce-aab4-35633e3ecb12,2025-05-18,2025-06-17,1155.72,69.36,1225.08,Issued,SampleGen
INV-8e6a2fa5-d681-4794-9726-cd237c599daa,ID205236,CID-293,8e6a2fa5-d681-4794-9726-cd237c599daa,2025-05-03,2025-06-02,3271.82,196.32,3468.14,Issued,SampleGen
INV-d1646c64-9b97-4c46-afd9-4201b1679e62,ID205237,CID-293,d1646c64-9b97-4c46-afd9-4201b1679e62,2025-05-07,2025-06-06,783.86,47.04,830.9,Issued,SampleGen
INV-9d6ef53e-aece-4469-8cd7-7a858be37138,ID205238,CID-293,9d6ef53e-aece-4469-8cd7-7a858be37138,2025-06-19,2025-07-19,599.84,36.0,635.84,Issued,SampleGen
INV-3bfa5d0f-69c2-4d98-a342-f13b239170eb,ID205239,CID-293,3bfa5d0f-69c2-4d98-a342-f13b239170eb,2025-06-28,2025-07-28,1903.88,114.24,2018.12,Issued,SampleGen
INV-1e160e33-ace3-45d3-b7d9-7443b4a450a0,ID205240,CID-293,1e160e33-ace3-45d3-b7d9-7443b4a450a0,2025-06-02,2025-07-02,381.9,22.92,404.82,Issued,SampleGen
INV-b85b0943-6654-43f4-b345-059cd9a19edf,ID205241,CID-293,b85b0943-6654-43f4-b345-059cd9a19edf,2025-07-07,2025-08-06,469.86,28.2,498.06,Issued,SampleGen
INV-ad24b8b1-a64c-440e-b327-f1a1fbf101d4,ID205242,CID-293,ad24b8b1-a64c-440e-b327-f1a1fbf101d4,2025-07-09,2025-08-08,727.88,43.68,771.56,Issued,SampleGen
INV-900f097a-79a0-4c4e-84de-68f92e577f7f,ID205243,CID-293,900f097a-79a0-4c4e-84de-68f92e577f7f,2025-07-24,2025-08-23,3899.82,234.0,4133.82,Issued,SampleGen
INV-43dad35d-d49a-43fd-8e31-f049198e7ac8,ID205244,CID-293,43dad35d-d49a-43fd-8e31-f049198e7ac8,2025-08-05,2025-09-04,4327.76,259.68,4587.44,Issued,SampleGen
INV-863bd1be-d852-482c-afa3-194ee22b78af,ID205245,CID-293,863bd1be-d852-482c-afa3-194ee22b78af,2025-08-31,2025-09-30,2639.78,158.4,2798.18,Issued,SampleGen
INV-53e9d4da-6a4d-4074-8b9f-d2283f424754,ID205246,CID-293,53e9d4da-6a4d-4074-8b9f-d2283f424754,2025-08-16,2025-09-15,1291.76,77.52,1369.28,Issued,SampleGen
INV-a0c3b22f-63c0-43bb-b8e1-f749c2bde850,ID205247,CID-293,a0c3b22f-63c0-43bb-b8e1-f749c2bde850,2025-08-12,2025-09-11,735.84,44.16,780.0,Issued,SampleGen
INV-9bb30d2b-b00a-4f47-9ca5-f8fc53053d2e,ID205248,CID-293,9bb30d2b-b00a-4f47-9ca5-f8fc53053d2e,2025-09-03,2025-10-03,349.9,21.0,370.9,Issued,SampleGen
INV-45f81dc9-f2b2-43fc-b5dc-a8ccafa91eb9,ID205249,CID-293,45f81dc9-f2b2-43fc-b5dc-a8ccafa91eb9,2025-09-30,2025-10-30,4439.74,266.4,4706.14,Issued,SampleGen
INV-6fd8e431-93f2-45ed-9edb-b595d3dfdc53,ID205250,CID-293,6fd8e431-93f2-45ed-9edb-b595d3dfdc53,2025-09-21,2025-10-21,4755.7,285.36,5041.06,Issued,SampleGen
INV-c818dcec-6760-4d50-839e-f29f88a47d68,ID205251,CID-293,c818dcec-6760-4d50-839e-f29f88a47d68,2025-10-23,2025-11-22,2543.74,152.64,2696.38,Issued,SampleGen
INV-07ebcc00-0b03-4f51-a77c-fedd0bc11213,ID205252,CID-293,07ebcc00-0b03-4f51-a77c-fedd0bc11213,2025-10-05,2025-11-04,483.88,29.04,512.92,Issued,SampleGen
INV-5ad85088-2440-4302-87a4-ce02234d267f,ID205253,CID-293,5ad85088-2440-4302-87a4-ce02234d267f,2025-10-20,2025-11-19,931.84,55.92,987.76,Issued,SampleGen
INV-e5e3d0f5-047a-455f-b935-8b64c13b851e,ID205254,CID-293,e5e3d0f5-047a-455f-b935-8b64c13b851e,2025-10-31,2025-11-30,3555.84,213.36,3769.2,Issued,SampleGen
INV-f9aebb8f-f026-448b-86b9-74fc39a5439e,ID205255,CID-293,f9aebb8f-f026-448b-86b9-74fc39a5439e,2025-11-14,2025-12-14,687.84,41.28,729.12,Issued,SampleGen
INV-221594af-7891-40b6-8cdb-586f856dffd9,ID205256,CID-293,221594af-7891-40b6-8cdb-586f856dffd9,2025-11-15,2025-12-15,1899.9,114.0,2013.9,Issued,SampleGen
INV-74994f91-a473-4289-8921-4c22f4317991,ID205257,CID-293,74994f91-a473-4289-8921-4c22f4317991,2025-11-29,2025-12-29,4311.8,258.72,4570.52,Issued,SampleGen
INV-de52cceb-7e5e-422b-a978-6bd35251a4b7,ID205258,CID-293,de52cceb-7e5e-422b-a978-6bd35251a4b7,2025-11-17,2025-12-17,859.76,51.6,911.36,Issued,SampleGen
INV-6a692de9-9e99-4879-baf1-df51d50844a9,ID205259,CID-293,6a692de9-9e99-4879-baf1-df51d50844a9,2025-12-25,2026-01-24,3203.78,192.24,3396.02,Issued,SampleGen
INV-c19c6cde-00a0-4fdb-b914-433c36f4a95c,ID205260,CID-293,c19c6cde-00a0-4fdb-b914-433c36f4a95c,2025-12-20,2026-01-19,407.88,24.48,432.36,Issued,SampleGen
INV-8a68b91e-ca19-4343-b13b-ea4a873c1e1f,ID205261,CID-293,8a68b91e-ca19-4343-b13b-ea4a873c1e1f,2025-12-31,2026-01-30,3855.84,231.36,4087.2,Issued,SampleGen
INV-8e6d532a-b295-44aa-a9b8-1c1a55e11b2a,ID205262,CID-293,8e6d532a-b295-44aa-a9b8-1c1a55e11b2a,2025-12-09,2026-01-08,291.9,17.52,309.42,Issued,SampleGen
INV-95350319-e966-4f2e-b0fa-8abb3c4d2939,ID205263,CID-293,95350319-e966-4f2e-b0fa-8abb3c4d2939,2025-12-25,2026-01-24,1227.8,73.68,1301.48,Issued,SampleGen
INV-8a61583c-26ab-4b6f-a7e2-2b3b431be86c,ID205264,CID-293,8a61583c-26ab-4b6f-a7e2-2b3b431be86c,2026-01-05,2026-02-04,2163.76,129.84,2293.6,Issued,SampleGen
INV-3e8b99e7-4954-4ce6-b915-ae16f0dd3e4f,ID205265,CID-293,3e8b99e7-4954-4ce6-b915-ae16f0dd3e4f,2026-01-10,2026-02-09,643.86,38.64,682.5,Issued,SampleGen
INV-b2e37e40-814f-4f0e-aa5a-86360a581dcf,ID205266,CID-293,b2e37e40-814f-4f0e-aa5a-86360a581dcf,2026-01-02,2026-02-01,9487.74,569.28,10057.02,Issued,SampleGen
INV-50f62803-4721-4319-9203-68bf9966ef1a,ID205267,CID-293,50f62803-4721-4319-9203-68bf9966ef1a,2026-01-09,2026-02-08,599.84,36.0,635.84,Issued,SampleGen
INV-58d77b6f-5ec8-4cd4-834c-f5da5cb0ce6c,ID205268,CID-293,58d77b6f-5ec8-4cd4-834c-f5da5cb0ce6c,2026-01-19,2026-02-18,591.88,35.52,627.4,Issued,SampleGen
INV-43d82508-d681-4a30-bb09-15133dd90589,ID205269,CID-293,43d82508-d681-4a30-bb09-15133dd90589,2026-03-01,2026-03-31,3727.82,223.68,3951.5,Issued,SampleGen
INV-f93b2395-0a5a-488d-998e-8abfd167cf2c,ID205270,CID-293,f93b2395-0a5a-488d-998e-8abfd167cf2c,2026-02-05,2026-03-07,1147.74,68.88,1216.62,Issued,SampleGen
INV-f5b66b30-72a0-49e9-b69c-d2b1f9f97add,ID205271,CID-293,f5b66b30-72a0-49e9-b69c-d2b1f9f97add,2026-02-15,2026-03-17,4063.84,243.84,4307.68,Issued,SampleGen
INV-e0f23fa5-1da9-474d-b0ae-310bc1fcde29,ID205272,CID-293,e0f23fa5-1da9-474d-b0ae-310bc1fcde29,2026-02-03,2026-03-05,3671.84,220.32,3892.16,Issued,SampleGen
INV-bdd38b29-47a4-4d3c-8c04-f49d225e9dd0,ID205273,CID-293,bdd38b29-47a4-4d3c-8c04-f49d225e9dd0,2026-02-18,2026-03-20,4919.76,295.2,5214.96,Issued,SampleGen
INV-953c7566-ba10-4af9-bdc3-93831adc33f4,ID205274,CID-293,953c7566-ba10-4af9-bdc3-93831adc33f4,2026-03-27,2026-04-26,699.86,42.0,741.86,Issued,SampleGen
INV-a4d38e64-7292-4e8f-a4bc-2f5e0ff91f4c,ID205275,CID-293,a4d38e64-7292-4e8f-a4bc-2f5e0ff91f4c,2026-03-18,2026-04-17,2835.86,170.16,3006.02,Issued,SampleGen
INV-56ae36e6-a702-4cd0-babc-c6057d882be0,ID205276,CID-293,56ae36e6-a702-4cd0-babc-c6057d882be0,2026-03-17,2026-04-16,423.9,25.44,449.34,Issued,SampleGen
INV-271cdc81-adf9-490a-af3a-f4a3b48bb57c,ID205277,CID-293,271cdc81-adf9-490a-af3a-f4a3b48bb57c,2026-03-07,2026-04-06,2047.8,122.88,2170.68,Issued,SampleGen
INV-d7e113a7-c77d-45a2-98c6-dd872a9dadd2,ID205278,CID-293,d7e113a7-c77d-45a2-98c6-dd872a9dadd2,2026-03-26,2026-04-25,3751.78,225.12,3976.9,Issued,SampleGen
INV-c317a21b-9535-4b06-afc0-4a2f29d0d453,ID205279,CID-293,c317a21b-9535-4b06-afc0-4a2f29d0d453,2026-04-28,2026-05-28,3203.86,192.24,3396.1,Issued,SampleGen
INV-77d83574-e949-4442-a7d8-425fd292c9f8,ID205280,CID-293,77d83574-e949-4442-a7d8-425fd292c9f8,2026-04-13,2026-05-13,2883.78,173.04,3056.82,Issued,SampleGen
INV-5344939b-d090-405b-90f3-4f94fc14522c,ID205281,CID-293,5344939b-d090-405b-90f3-4f94fc14522c,2026-04-06,2026-05-06,527.88,31.68,559.56,Issued,SampleGen
INV-f4678f02-1dff-4232-a252-e786d1edf71e,ID205282,CID-293,f4678f02-1dff-4232-a252-e786d1edf71e,2026-04-23,2026-05-23,1639.72,98.4,1738.12,Issued,SampleGen
INV-dd330f88-2e39-4259-bc43-b307305e11b9,ID205283,CID-293,dd330f88-2e39-4259-bc43-b307305e11b9,2026-04-09,2026-05-09,3619.74,217.2,3836.94,Issued,SampleGen
INV-3534ff9e-70e5-452c-8821-1e35705a9b67,ID205284,CID-293,3534ff9e-70e5-452c-8821-1e35705a9b67,2026-04-09,2026-05-09,5203.78,312.24,5516.02,Issued,SampleGen
INV-f06cf21d-90ad-4e96-8a50-7ccd89b060cf,ID205285,CID-294,f06cf21d-90ad-4e96-8a50-7ccd89b060cf,2025-01-23,2025-02-22,499.88,30.0,529.88,Issued,SampleGen
INV-8fa8d2e0-f003-48f1-845d-d59c1f16c12a,ID205286,CID-294,8fa8d2e0-f003-48f1-845d-d59c1f16c12a,2025-02-20,2025-03-22,1063.8,63.84,1127.64,Issued,SampleGen
INV-ce836c52-a877-45fd-9442-07964f09cf05,ID205287,CID-294,ce836c52-a877-45fd-9442-07964f09cf05,2025-02-26,2025-03-28,3815.86,228.96,4044.82,Issued,SampleGen
INV-a8e15aba-de76-4d21-bc11-3cc6639b2db5,ID205288,CID-294,a8e15aba-de76-4d21-bc11-3cc6639b2db5,2025-03-11,2025-04-10,4025.76,241.56,4267.32,Issued,SampleGen
INV-3f3d42c2-8ba0-4164-9ae9-8db05989195d,ID205289,CID-294,3f3d42c2-8ba0-4164-9ae9-8db05989195d,2025-03-09,2025-04-08,929.86,55.8,985.66,Issued,SampleGen
INV-55e27f02-d924-43f4-9fb3-5b6678495ecd,ID205290,CID-294,55e27f02-d924-43f4-9fb3-5b6678495ecd,2025-04-30,2025-05-30,1239.8,74.4,1314.2,Issued,SampleGen
INV-b968e465-a9b0-4a84-ba78-d46db692ce90,ID205291,CID-294,b968e465-a9b0-4a84-ba78-d46db692ce90,2025-05-09,2025-06-08,1271.9,76.32,1348.22,Issued,SampleGen
INV-dca7dffb-be68-45f9-9bbb-12e5bd29cb57,ID205292,CID-294,dca7dffb-be68-45f9-9bbb-12e5bd29cb57,2025-05-05,2025-06-04,1957.82,117.48,2075.3,Issued,SampleGen
INV-5c1cbf47-5b32-4211-b80d-0097cb2d838f,ID205293,CID-294,5c1cbf47-5b32-4211-b80d-0097cb2d838f,2025-06-15,2025-07-15,2607.9,156.48,2764.38,Issued,SampleGen
INV-ecbbdf5e-ab9f-4e3a-967c-999b248dddbc,ID205294,CID-294,ecbbdf5e-ab9f-4e3a-967c-999b248dddbc,2025-06-06,2025-07-06,251.88,15.12,267.0,Issued,SampleGen
INV-714650e5-c2ee-4e1a-af3b-1c9caeb4ad9a,ID205295,CID-294,714650e5-c2ee-4e1a-af3b-1c9caeb4ad9a,2025-06-04,2025-07-04,1461.78,87.72,1549.5,Issued,SampleGen
INV-2c6a9eb5-3950-41f9-8976-65f075c33540,ID205296,CID-294,2c6a9eb5-3950-41f9-8976-65f075c33540,2025-08-01,2025-08-31,659.82,39.6,699.42,Issued,SampleGen
INV-4f5cea8d-2a82-45cb-95b3-2ade8b92f745,ID205297,CID-294,4f5cea8d-2a82-45cb-95b3-2ade8b92f745,2025-07-07,2025-08-06,2853.84,171.24,3025.08,Issued,SampleGen
INV-09af73e4-36eb-40cf-af1f-ab8778e65c98,ID205298,CID-294,09af73e4-36eb-40cf-af1f-ab8778e65c98,2025-08-13,2025-09-12,463.84,27.84,491.68,Issued,SampleGen
INV-3670e9c0-49ec-4bb0-81bc-71efa648cb29,ID205299,CID-294,3670e9c0-49ec-4bb0-81bc-71efa648cb29,2025-08-15,2025-09-14,1079.8,64.8,1144.6,Issued,SampleGen
INV-fa7cfe8a-92f0-4c6f-8762-d03cd9ee6916,ID205300,CID-294,fa7cfe8a-92f0-4c6f-8762-d03cd9ee6916,2025-09-02,2025-10-02,5351.74,321.12,5672.86,Issued,SampleGen
INV-a74270a2-0e42-4d13-a438-b89bf0563613,ID205301,CID-294,a74270a2-0e42-4d13-a438-b89bf0563613,2025-09-11,2025-10-11,1667.8,100.08,1767.88,Issued,SampleGen
INV-e3f2be3a-2256-4796-848b-462efb60243b,ID205302,CID-294,e3f2be3a-2256-4796-848b-462efb60243b,2025-09-27,2025-10-27,3141.74,188.52,3330.26,Issued,SampleGen
INV-bf4e5d49-19e5-4499-8b7c-26a665ec54ae,ID205303,CID-294,bf4e5d49-19e5-4499-8b7c-26a665ec54ae,2025-10-24,2025-11-23,1999.8,120.0,2119.8,Issued,SampleGen
INV-8769d2ab-047c-4160-94b2-f3b5fd47d78b,ID205304,CID-294,8769d2ab-047c-4160-94b2-f3b5fd47d78b,2025-10-08,2025-11-07,1075.82,64.56,1140.38,Issued,SampleGen
INV-21937ae3-8c12-4e16-997e-23ecbc826a4c,ID205305,CID-294,21937ae3-8c12-4e16-997e-23ecbc826a4c,2025-10-22,2025-11-21,551.88,33.12,585.0,Issued,SampleGen
INV-457dc4ff-ec24-40bd-8bcf-2f9940dc31bf,ID205306,CID-294,457dc4ff-ec24-40bd-8bcf-2f9940dc31bf,2025-11-08,2025-12-08,1987.74,119.28,2107.02,Issued,SampleGen
INV-72c0573e-97de-4287-976b-6aa8a529b5a0,ID205307,CID-294,72c0573e-97de-4287-976b-6aa8a529b5a0,2025-11-24,2025-12-24,1085.78,65.16,1150.94,Issued,SampleGen
INV-e3d554b3-97cc-472b-91c7-fb1fe68a23f8,ID205308,CID-294,e3d554b3-97cc-472b-91c7-fb1fe68a23f8,2025-11-12,2025-12-12,1683.86,101.04,1784.9,Issued,SampleGen
INV-f9b06612-3e4c-48ab-a6d1-bd7a188c3aa4,ID205309,CID-294,f9b06612-3e4c-48ab-a6d1-bd7a188c3aa4,2025-11-23,2025-12-23,1507.78,90.48,1598.26,Issued,SampleGen
INV-19d2b388-47cc-48f3-a788-f1a6dac8aecb,ID205310,CID-294,19d2b388-47cc-48f3-a788-f1a6dac8aecb,2025-12-30,2026-01-29,2843.9,170.64,3014.54,Issued,SampleGen
INV-83c870bb-0b42-41ad-9f9d-df02025b3294,ID205311,CID-294,83c870bb-0b42-41ad-9f9d-df02025b3294,2026-01-01,2026-01-31,3727.84,223.68,3951.52,Issued,SampleGen
INV-f188b213-14e3-466e-979a-24c0c70421cb,ID205312,CID-294,f188b213-14e3-466e-979a-24c0c70421cb,2025-12-10,2026-01-09,3057.78,183.48,3241.26,Issued,SampleGen
INV-5203689c-c8c8-4e0f-9ca2-9fac43f2ffe3,ID205313,CID-294,5203689c-c8c8-4e0f-9ca2-9fac43f2ffe3,2026-01-15,2026-02-14,1035.9,62.16,1098.06,Issued,SampleGen
INV-1ddfc4dc-ff38-4084-abee-a13afd4ee504,ID205314,CID-294,1ddfc4dc-ff38-4084-abee-a13afd4ee504,2026-01-13,2026-02-12,713.88,42.84,756.72,Issued,SampleGen
INV-8110c44f-d74c-4175-a671-a95af9cbafe1,ID205315,CID-294,8110c44f-d74c-4175-a671-a95af9cbafe1,2026-01-21,2026-02-20,1459.86,87.6,1547.46,Issued,SampleGen
INV-66e8546e-96ce-4eae-8728-0c4c94e94b4c,ID205316,CID-294,66e8546e-96ce-4eae-8728-0c4c94e94b4c,2026-01-22,2026-02-21,683.8,41.04,724.84,Issued,SampleGen
INV-2c6d6075-a331-42ec-af51-3d2ef653ecc3,ID205317,CID-294,2c6d6075-a331-42ec-af51-3d2ef653ecc3,2026-02-18,2026-03-20,1507.86,90.48,1598.34,Issued,SampleGen
INV-ad9ee1d7-97d1-4412-82a7-56dd34fb2ada,ID205318,CID-294,ad9ee1d7-97d1-4412-82a7-56dd34fb2ada,2026-02-24,2026-03-26,533.9,32.04,565.94,Issued,SampleGen
INV-124ccd03-59be-4655-a4e5-26ba2c268ca6,ID205319,CID-294,124ccd03-59be-4655-a4e5-26ba2c268ca6,2026-02-11,2026-03-13,677.84,40.68,718.52,Issued,SampleGen
INV-bc740324-fb17-4d99-a3fa-711896d65f21,ID205320,CID-294,bc740324-fb17-4d99-a3fa-711896d65f21,2026-02-12,2026-03-14,1955.8,117.36,2073.16,Issued,SampleGen
INV-8506a0ca-7d3a-438c-a851-0944076ac164,ID205321,CID-294,8506a0ca-7d3a-438c-a851-0944076ac164,2026-03-02,2026-04-01,1189.78,71.4,1261.18,Issued,SampleGen
INV-2257552c-77e8-428c-a198-5bd824f5acd2,ID205322,CID-294,2257552c-77e8-428c-a198-5bd824f5acd2,2026-03-27,2026-04-26,2037.84,122.28,2160.12,Issued,SampleGen
INV-48080df5-c7ce-4fb4-822d-aaf97faa6990,ID205323,CID-294,48080df5-c7ce-4fb4-822d-aaf97faa6990,2026-03-19,2026-04-18,2457.72,147.48,2605.2,Issued,SampleGen
INV-4cbedf1d-c5f4-45ab-a1dc-c58356892c08,ID205324,CID-294,4cbedf1d-c5f4-45ab-a1dc-c58356892c08,2026-03-19,2026-04-18,3723.8,223.44,3947.24,Issued,SampleGen
INV-c49d6c51-da23-41f4-a5a2-cc22cc5a51eb,ID205325,CID-294,c49d6c51-da23-41f4-a5a2-cc22cc5a51eb,2026-04-06,2026-05-06,1375.74,82.56,1458.3,Issued,SampleGen
INV-76b01b9e-0a93-4456-96ff-dbc20e5f558f,ID205326,CID-294,76b01b9e-0a93-4456-96ff-dbc20e5f558f,2026-04-19,2026-05-19,3223.88,193.44,3417.32,Issued,SampleGen
INV-7738479b-9a76-43e9-8e8f-ad6ac3a151dc,ID205327,CID-294,7738479b-9a76-43e9-8e8f-ad6ac3a151dc,2026-04-20,2026-05-20,727.88,43.68,771.56,Issued,SampleGen
INV-f3dea9b0-6061-4cf1-a5ae-237c9e4d05ee,ID205328,CID-294,f3dea9b0-6061-4cf1-a5ae-237c9e4d05ee,2026-04-26,2026-05-26,619.84,37.2,657.04,Issued,SampleGen
INV-8b11807c-d5e0-4af2-a74c-beb63240a1c5,ID205329,CID-294,8b11807c-d5e0-4af2-a74c-beb63240a1c5,2026-04-19,2026-05-19,1455.86,87.36,1543.22,Issued,SampleGen
INV-cd0a2b39-6542-456d-8b0e-09db85cf54f5,ID205330,CID-295,cd0a2b39-6542-456d-8b0e-09db85cf54f5,2025-01-17,2025-02-16,663.86,39.84,703.7,Issued,SampleGen
INV-a2f6a517-0e58-4216-a69c-605e6e1036be,ID205331,CID-295,a2f6a517-0e58-4216-a69c-605e6e1036be,2025-02-23,2025-03-25,1539.78,92.4,1632.18,Issued,SampleGen
INV-bfdbd9fa-0132-46cd-9fc3-487e9e406fd2,ID205332,CID-295,bfdbd9fa-0132-46cd-9fc3-487e9e406fd2,2025-03-06,2025-04-05,2255.82,135.36,2391.18,Issued,SampleGen
INV-d4fdac99-ed70-4a75-b41a-f80a67c277a4,ID205333,CID-295,d4fdac99-ed70-4a75-b41a-f80a67c277a4,2025-04-10,2025-05-10,2511.8,150.72,2662.52,Issued,SampleGen
INV-757997c6-e6f4-42f4-89cd-df9e628324b0,ID205334,CID-295,757997c6-e6f4-42f4-89cd-df9e628324b0,2025-04-07,2025-05-07,1359.8,81.6,1441.4,Issued,SampleGen
INV-1d38e8da-f7ff-431f-8bbb-1a953b90d9ae,ID205335,CID-295,1d38e8da-f7ff-431f-8bbb-1a953b90d9ae,2025-05-25,2025-06-24,1035.8,62.16,1097.96,Issued,SampleGen
INV-49e8f5a2-3ebf-4e66-884e-2597f8529a97,ID205336,CID-295,49e8f5a2-3ebf-4e66-884e-2597f8529a97,2025-05-31,2025-06-30,1835.92,110.16,1946.08,Issued,SampleGen
INV-d4a19e7c-f319-4261-b7ce-5a6153148705,ID205337,CID-295,d4a19e7c-f319-4261-b7ce-5a6153148705,2025-06-19,2025-07-19,1099.8,66.0,1165.8,Issued,SampleGen
INV-f9a227ea-b449-4acc-8bac-a7f7eb0233ec,ID205338,CID-295,f9a227ea-b449-4acc-8bac-a7f7eb0233ec,2025-07-23,2025-08-22,1581.8,94.92,1676.72,Issued,SampleGen
INV-da936739-9fc2-4594-9f7f-391edba12fce,ID205339,CID-295,da936739-9fc2-4594-9f7f-391edba12fce,2025-07-08,2025-08-07,1047.84,62.88,1110.72,Issued,SampleGen
INV-77c8fd17-5815-4149-a022-a5e31ec8fc8b,ID205340,CID-295,77c8fd17-5815-4149-a022-a5e31ec8fc8b,2025-08-03,2025-09-02,341.86,20.52,362.38,Issued,SampleGen
INV-2dc9451f-e333-4bf4-9d0f-ec274172d829,ID205341,CID-295,2dc9451f-e333-4bf4-9d0f-ec274172d829,2025-08-08,2025-09-07,819.88,49.2,869.08,Issued,SampleGen
INV-3ad237f8-5f7e-46a5-8c7b-21f0d6005b06,ID205342,CID-295,3ad237f8-5f7e-46a5-8c7b-21f0d6005b06,2025-09-22,2025-10-22,449.88,27.0,476.88,Issued,SampleGen
INV-18cbaa25-e765-4c8b-816b-b9961b066604,ID205343,CID-295,18cbaa25-e765-4c8b-816b-b9961b066604,2025-09-12,2025-10-12,391.84,23.52,415.36,Issued,SampleGen
INV-59636fc8-6f19-47a0-83c4-ac842ed9b276,ID205344,CID-295,59636fc8-6f19-47a0-83c4-ac842ed9b276,2025-10-19,2025-11-18,3155.78,189.36,3345.14,Issued,SampleGen
INV-ef29acc4-0e55-40f6-877a-326329ac0dea,ID205345,CID-295,ef29acc4-0e55-40f6-877a-326329ac0dea,2025-10-16,2025-11-15,2575.76,154.56,2730.32,Issued,SampleGen
INV-9650ea5d-6a34-4506-8fed-49879648600a,ID205346,CID-295,9650ea5d-6a34-4506-8fed-49879648600a,2025-11-23,2025-12-23,1781.9,106.92,1888.82,Issued,SampleGen
INV-f2d33085-3fe4-4c1c-977e-d25a02ca6d39,ID205347,CID-295,f2d33085-3fe4-4c1c-977e-d25a02ca6d39,2025-11-19,2025-12-19,3685.78,221.16,3906.94,Issued,SampleGen
INV-cd850b2a-b3fa-4e9a-a2a7-e91e91be4cd3,ID205348,CID-295,cd850b2a-b3fa-4e9a-a2a7-e91e91be4cd3,2025-12-24,2026-01-23,915.8,54.96,970.76,Issued,SampleGen
INV-8a594234-2748-4536-8974-cb9f87b206a0,ID205349,CID-295,8a594234-2748-4536-8974-cb9f87b206a0,2025-12-04,2026-01-03,537.82,32.28,570.1,Issued,SampleGen
INV-06689746-34f4-4a1b-97de-8eb0a8356573,ID205350,CID-295,06689746-34f4-4a1b-97de-8eb0a8356573,2026-01-21,2026-02-20,867.82,52.08,919.9,Issued,SampleGen
INV-833cf108-2529-4123-be52-48482ccdd1b8,ID205351,CID-295,833cf108-2529-4123-be52-48482ccdd1b8,2026-02-01,2026-03-03,745.84,44.76,790.6,Issued,SampleGen
INV-07de7afe-a420-499d-be0c-c30c6c52e3dd,ID205352,CID-295,07de7afe-a420-499d-be0c-c30c6c52e3dd,2026-01-08,2026-02-07,7275.74,436.56,7712.3,Issued,SampleGen
INV-e31fa7ee-f595-416c-988b-f25fefdda552,ID205353,CID-295,e31fa7ee-f595-416c-988b-f25fefdda552,2026-02-28,2026-03-30,4419.82,265.2,4685.02,Issued,SampleGen
INV-2d254db0-6bc3-4bd3-a3a6-7fabe9f62fd1,ID205354,CID-295,2d254db0-6bc3-4bd3-a3a6-7fabe9f62fd1,2026-02-08,2026-03-10,2047.8,122.88,2170.68,Issued,SampleGen
INV-92ce5eb0-36be-4f2f-8fde-d5a447fe7aba,ID205355,CID-295,92ce5eb0-36be-4f2f-8fde-d5a447fe7aba,2026-03-04,2026-04-03,3591.88,215.52,3807.4,Issued,SampleGen
INV-3929d8ba-6047-45f5-9a2e-f98d5a2e0d8e,ID205356,CID-295,3929d8ba-6047-45f5-9a2e-f98d5a2e0d8e,2026-03-26,2026-04-25,3259.74,195.6,3455.34,Issued,SampleGen
INV-cf18cca4-57e3-4457-b183-e80b426cfb0a,ID205357,CID-295,cf18cca4-57e3-4457-b183-e80b426cfb0a,2026-03-24,2026-04-23,5435.72,326.16,5761.88,Issued,SampleGen
INV-a0f52d56-8868-4c9d-bb7a-ad0f63bc9dcb,ID205358,CID-295,a0f52d56-8868-4c9d-bb7a-ad0f63bc9dcb,2026-04-03,2026-05-03,1789.82,107.4,1897.22,Issued,SampleGen
INV-d8057b0f-d2e8-4fb8-bff3-6507d50827c3,ID205359,CID-295,d8057b0f-d2e8-4fb8-bff3-6507d50827c3,2026-04-10,2026-05-10,991.88,59.52,1051.4,Issued,SampleGen
INV-2e856062-f972-43f6-b4f8-08b79cc6e14b,ID205360,CID-295,2e856062-f972-43f6-b4f8-08b79cc6e14b,2026-04-16,2026-05-16,539.9,32.4,572.3,Issued,SampleGen
INV-a1930a77-0193-43ea-adbb-db85e82e9e64,ID205361,CID-296,a1930a77-0193-43ea-adbb-db85e82e9e64,2025-04-29,2025-05-29,751.84,45.12,796.96,Issued,SampleGen
INV-90289651-82b5-4000-b51a-f787628b31b6,ID205362,CID-296,90289651-82b5-4000-b51a-f787628b31b6,2025-05-03,2025-06-02,1075.76,64.56,1140.32,Issued,SampleGen
INV-1fc8db81-4b51-4b19-9ffa-b98f118fed4e,ID205363,CID-296,1fc8db81-4b51-4b19-9ffa-b98f118fed4e,2025-06-04,2025-07-04,1887.82,113.28,2001.1,Issued,SampleGen
INV-5e2c2750-3ee7-42b4-8980-d393b1401d83,ID205364,CID-296,5e2c2750-3ee7-42b4-8980-d393b1401d83,2025-07-10,2025-08-09,959.88,57.6,1017.48,Issued,SampleGen
INV-5f34b7a4-7714-47bc-94a0-f694a06ffd2c,ID205365,CID-296,5f34b7a4-7714-47bc-94a0-f694a06ffd2c,2025-08-23,2025-09-22,577.86,34.68,612.54,Issued,SampleGen
INV-3859cb47-2a71-49ea-859b-9e3add5023ef,ID205366,CID-296,3859cb47-2a71-49ea-859b-9e3add5023ef,2025-09-13,2025-10-13,2787.86,167.28,2955.14,Issued,SampleGen
INV-b91b4f5f-54a7-4eaf-b350-f693bc0494bb,ID205367,CID-296,b91b4f5f-54a7-4eaf-b350-f693bc0494bb,2025-10-17,2025-11-16,1263.84,75.84,1339.68,Issued,SampleGen
INV-c17f034d-4b32-445e-966f-eacd8dab8114,ID205368,CID-296,c17f034d-4b32-445e-966f-eacd8dab8114,2025-11-23,2025-12-23,2419.84,145.2,2565.04,Issued,SampleGen
INV-28158c21-f25a-4841-861f-a6133fc36664,ID205369,CID-296,28158c21-f25a-4841-861f-a6133fc36664,2025-12-13,2026-01-12,869.86,52.2,922.06,Issued,SampleGen
INV-ecb7bca5-df43-4afa-a4b8-5ba0fe9a74a3,ID205370,CID-296,ecb7bca5-df43-4afa-a4b8-5ba0fe9a74a3,2025-12-02,2026-01-01,3015.86,180.96,3196.82,Issued,SampleGen
INV-632d1d46-c09e-4bf3-b7a3-11f89b3a8b41,ID205371,CID-296,632d1d46-c09e-4bf3-b7a3-11f89b3a8b41,2026-01-05,2026-02-04,3275.86,196.56,3472.42,Issued,SampleGen
INV-874ed0e9-8bf2-4228-86c8-1291b5ca4626,ID205372,CID-296,874ed0e9-8bf2-4228-86c8-1291b5ca4626,2026-01-05,2026-02-04,1271.9,76.32,1348.22,Issued,SampleGen
INV-1d5d36d2-92a6-41ca-b95d-8163eb8e9319,ID205373,CID-296,1d5d36d2-92a6-41ca-b95d-8163eb8e9319,2026-02-17,2026-03-19,4075.76,244.56,4320.32,Issued,SampleGen
INV-fa91198a-b2cf-409d-b9a1-2290bbc02a68,ID205374,CID-296,fa91198a-b2cf-409d-b9a1-2290bbc02a68,2026-03-13,2026-04-12,2139.86,128.4,2268.26,Issued,SampleGen
INV-4cc72879-1ed3-4e1e-94fc-c90bed06a8fc,ID205375,CID-296,4cc72879-1ed3-4e1e-94fc-c90bed06a8fc,2026-03-07,2026-04-06,1039.84,62.4,1102.24,Issued,SampleGen
INV-76d59c87-4cd2-44e1-b2a7-8619d3d07660,ID205376,CID-296,76d59c87-4cd2-44e1-b2a7-8619d3d07660,2026-04-21,2026-05-21,2503.82,150.24,2654.06,Issued,SampleGen
INV-38a404fe-9c86-4402-a3f7-237e280eb725,ID205377,CID-296,38a404fe-9c86-4402-a3f7-237e280eb725,2026-04-23,2026-05-23,1783.8,107.04,1890.84,Issued,SampleGen
INV-88b13183-a3b6-4673-aca6-7f5581b2fc3a,ID205378,CID-297,88b13183-a3b6-4673-aca6-7f5581b2fc3a,2025-01-22,2025-02-21,3697.82,221.88,3919.7,Issued,SampleGen
INV-4e676f85-594b-4e38-b355-f09a26810ab5,ID205379,CID-297,4e676f85-594b-4e38-b355-f09a26810ab5,2025-02-07,2025-03-09,1243.82,74.64,1318.46,Issued,SampleGen
INV-4148131c-3ed9-4d49-bb8b-d175105e6c93,ID205380,CID-297,4148131c-3ed9-4d49-bb8b-d175105e6c93,2025-03-21,2025-04-20,769.82,46.2,816.02,Issued,SampleGen
INV-8ffbe4d2-9e51-4e90-a572-103fcb0668c8,ID205381,CID-297,8ffbe4d2-9e51-4e90-a572-103fcb0668c8,2025-04-20,2025-05-20,4671.82,280.32,4952.14,Issued,SampleGen
INV-0b09d8d8-b140-45ed-bd67-0b2e1ddb60ab,ID205382,CID-297,0b09d8d8-b140-45ed-bd67-0b2e1ddb60ab,2025-05-02,2025-06-01,775.8,46.56,822.36,Issued,SampleGen
INV-ab9150bb-9b8f-4a25-a739-2d7962b07315,ID205383,CID-297,ab9150bb-9b8f-4a25-a739-2d7962b07315,2025-06-12,2025-07-12,823.8,49.44,873.24,Issued,SampleGen
INV-0cf98564-accc-4e8a-87da-d6b5bb456564,ID205384,CID-297,0cf98564-accc-4e8a-87da-d6b5bb456564,2025-08-01,2025-08-31,1847.78,110.88,1958.66,Issued,SampleGen
INV-c3059b33-cad2-4c86-a6f6-2557769949ea,ID205385,CID-297,c3059b33-cad2-4c86-a6f6-2557769949ea,2025-08-22,2025-09-21,2579.76,154.8,2734.56,Issued,SampleGen
INV-175c133c-f279-410c-9e62-abc26cc377a3,ID205386,CID-297,175c133c-f279-410c-9e62-abc26cc377a3,2025-09-24,2025-10-24,1011.8,60.72,1072.52,Issued,SampleGen
INV-7a7ec7e2-3b30-4fae-a3a8-c5b225964c5e,ID205387,CID-297,7a7ec7e2-3b30-4fae-a3a8-c5b225964c5e,2025-10-18,2025-11-17,969.9,58.2,1028.1,Issued,SampleGen
INV-cd579de8-c86f-4450-b7d7-7c72eaf80b7d,ID205388,CID-297,cd579de8-c86f-4450-b7d7-7c72eaf80b7d,2025-11-25,2025-12-25,329.9,19.8,349.7,Issued,SampleGen
INV-e06e4290-ff7e-45e5-8ec5-3b2c3a124033,ID205389,CID-297,e06e4290-ff7e-45e5-8ec5-3b2c3a124033,2025-12-31,2026-01-30,623.8,37.44,661.24,Issued,SampleGen
INV-31347dec-724f-4f8f-ba6f-c4ea387120f3,ID205390,CID-297,31347dec-724f-4f8f-ba6f-c4ea387120f3,2025-12-23,2026-01-22,1247.8,74.88,1322.68,Issued,SampleGen
INV-59d603ad-04f4-485d-b7db-f6554868f0d1,ID205391,CID-297,59d603ad-04f4-485d-b7db-f6554868f0d1,2026-01-08,2026-02-07,2339.88,140.4,2480.28,Issued,SampleGen
INV-553a06b5-6f55-45f0-9304-d97c87f76fb2,ID205392,CID-297,553a06b5-6f55-45f0-9304-d97c87f76fb2,2026-02-03,2026-03-05,1011.8,60.72,1072.52,Issued,SampleGen
INV-b57c93d6-03d2-45b1-b670-14b214bf408d,ID205393,CID-297,b57c93d6-03d2-45b1-b670-14b214bf408d,2026-03-21,2026-04-20,1599.88,96.0,1695.88,Issued,SampleGen
INV-5cb1cad6-93ff-489f-9a35-d2b281ec2516,ID205394,CID-297,5cb1cad6-93ff-489f-9a35-d2b281ec2516,2026-03-17,2026-04-16,1535.82,92.16,1627.98,Issued,SampleGen
INV-31d81bfe-2b34-45ea-9309-a83b3534991d,ID205395,CID-297,31d81bfe-2b34-45ea-9309-a83b3534991d,2026-04-29,2026-05-29,3767.88,226.08,3993.96,Issued,SampleGen
INV-f10c17ff-c5e6-4a5b-be09-6384abb3cb4a,ID205396,CID-298,f10c17ff-c5e6-4a5b-be09-6384abb3cb4a,2025-01-09,2025-02-08,679.88,40.8,720.68,Issued,SampleGen
INV-56cd5542-055d-4099-ae6a-4ac5ba1aabb4,ID205397,CID-298,56cd5542-055d-4099-ae6a-4ac5ba1aabb4,2025-02-12,2025-03-14,1783.84,107.04,1890.88,Issued,SampleGen
INV-d35481e2-6a3c-46ee-af43-d9e5b1dc7e88,ID205398,CID-298,d35481e2-6a3c-46ee-af43-d9e5b1dc7e88,2025-03-20,2025-04-19,2483.76,149.04,2632.8,Issued,SampleGen
INV-4982484a-9fc6-4225-bea4-862d2126190e,ID205399,CID-298,4982484a-9fc6-4225-bea4-862d2126190e,2025-03-16,2025-04-15,3763.82,225.84,3989.66,Issued,SampleGen
INV-92b94d81-6637-4241-ba6a-3c5a5b668e83,ID205400,CID-298,92b94d81-6637-4241-ba6a-3c5a5b668e83,2025-04-15,2025-05-15,1191.8,71.52,1263.32,Issued,SampleGen
INV-1121833f-fcd7-4020-b573-c6fed825a597,ID205401,CID-298,1121833f-fcd7-4020-b573-c6fed825a597,2025-04-25,2025-05-25,2719.82,163.2,2883.02,Issued,SampleGen
INV-a7c901aa-d022-4fc4-ba1d-cfc12d096df8,ID205402,CID-298,a7c901aa-d022-4fc4-ba1d-cfc12d096df8,2025-05-24,2025-06-23,1435.84,86.16,1522.0,Issued,SampleGen
INV-872059b6-bcb4-44db-8677-bba3abe182b8,ID205403,CID-298,872059b6-bcb4-44db-8677-bba3abe182b8,2025-05-29,2025-06-28,479.88,28.8,508.68,Issued,SampleGen
INV-2836a845-379b-4cf4-aec2-228758b49b6a,ID205404,CID-298,2836a845-379b-4cf4-aec2-228758b49b6a,2025-06-11,2025-07-11,2753.88,165.24,2919.12,Issued,SampleGen
INV-f2253c74-58f4-4074-8a45-16af357bbdc6,ID205405,CID-298,f2253c74-58f4-4074-8a45-16af357bbdc6,2025-06-22,2025-07-22,557.9,33.48,591.38,Issued,SampleGen
INV-04a7f0c7-6425-4e19-97c2-daf5c4ed7673,ID205406,CID-298,04a7f0c7-6425-4e19-97c2-daf5c4ed7673,2025-06-05,2025-07-05,635.9,38.16,674.06,Issued,SampleGen
INV-fb0c811c-c84f-4144-90b3-a6e9216dea8f,ID205407,CID-298,fb0c811c-c84f-4144-90b3-a6e9216dea8f,2025-07-30,2025-08-29,557.9,33.48,591.38,Issued,SampleGen
INV-f63c5386-9c62-409b-8cae-4f3da4755bf2,ID205408,CID-298,f63c5386-9c62-409b-8cae-4f3da4755bf2,2025-07-24,2025-08-23,813.82,48.84,862.66,Issued,SampleGen
INV-a58bfa16-9fd5-4fc5-acff-c87042381450,ID205409,CID-298,a58bfa16-9fd5-4fc5-acff-c87042381450,2025-07-27,2025-08-26,1075.78,64.56,1140.34,Issued,SampleGen
INV-9f7d7ffb-6e56-4eef-8976-5adbc421a7f6,ID205410,CID-298,9f7d7ffb-6e56-4eef-8976-5adbc421a7f6,2025-08-29,2025-09-28,1089.86,65.4,1155.26,Issued,SampleGen
INV-c52d9afe-ce72-46a9-9fcc-2f682505452c,ID205411,CID-298,c52d9afe-ce72-46a9-9fcc-2f682505452c,2025-08-28,2025-09-27,1825.82,109.56,1935.38,Issued,SampleGen
INV-299a4bdb-f176-498d-998d-8a847c8469e4,ID205412,CID-298,299a4bdb-f176-498d-998d-8a847c8469e4,2025-08-26,2025-09-25,731.84,43.92,775.76,Issued,SampleGen
INV-6e50fca6-538d-4975-8548-c0b5ad9494f2,ID205413,CID-298,6e50fca6-538d-4975-8548-c0b5ad9494f2,2025-09-21,2025-10-21,3627.86,217.68,3845.54,Issued,SampleGen
INV-f5aedda8-9217-4e6f-9878-754a82dfb6b8,ID205414,CID-298,f5aedda8-9217-4e6f-9878-754a82dfb6b8,2025-09-29,2025-10-29,2875.86,172.56,3048.42,Issued,SampleGen
INV-fde231bf-2a6d-4c99-816b-b7e13f2267cf,ID205415,CID-298,fde231bf-2a6d-4c99-816b-b7e13f2267cf,2025-09-03,2025-10-03,3639.84,218.4,3858.24,Issued,SampleGen
INV-871ca837-14fc-40d3-84df-34b440c013c2,ID205416,CID-298,871ca837-14fc-40d3-84df-34b440c013c2,2025-10-30,2025-11-29,1063.84,63.84,1127.68,Issued,SampleGen
INV-50d0da8d-c16d-4623-a676-981d5c6596ed,ID205417,CID-298,50d0da8d-c16d-4623-a676-981d5c6596ed,2025-10-05,2025-11-04,2659.86,159.6,2819.46,Issued,SampleGen
INV-af238ff2-1084-4729-abb9-f41fedec60d2,ID205418,CID-298,af238ff2-1084-4729-abb9-f41fedec60d2,2025-10-03,2025-11-02,1175.84,70.56,1246.4,Issued,SampleGen
INV-f57482cc-b7ed-4f7d-8742-967f7266b0f8,ID205419,CID-298,f57482cc-b7ed-4f7d-8742-967f7266b0f8,2025-11-29,2025-12-29,3187.78,191.28,3379.06,Issued,SampleGen
INV-e9027376-90f5-4597-b898-2f7bccd6f941,ID205420,CID-298,e9027376-90f5-4597-b898-2f7bccd6f941,2025-11-21,2025-12-21,3335.82,200.16,3535.98,Issued,SampleGen
INV-bbcaaadf-df05-4fb4-be4d-4cc3503d55c7,ID205421,CID-298,bbcaaadf-df05-4fb4-be4d-4cc3503d55c7,2025-11-15,2025-12-15,4911.74,294.72,5206.46,Issued,SampleGen
INV-cd73a6f1-2f40-4f31-9753-f52a93665248,ID205422,CID-298,cd73a6f1-2f40-4f31-9753-f52a93665248,2025-12-12,2026-01-11,1143.82,68.64,1212.46,Issued,SampleGen
INV-9b1f2f03-aa2c-4edd-9738-6c7cf771d532,ID205423,CID-298,9b1f2f03-aa2c-4edd-9738-6c7cf771d532,2025-12-20,2026-01-19,1061.82,63.72,1125.54,Issued,SampleGen
INV-ed7a5742-1d96-4d16-8784-c6ec45b138a5,ID205424,CID-298,ed7a5742-1d96-4d16-8784-c6ec45b138a5,2025-12-28,2026-01-27,765.8,45.96,811.76,Issued,SampleGen
INV-8a6e97f2-f457-4bdc-a7ca-7fc6bcc32cca,ID205425,CID-298,8a6e97f2-f457-4bdc-a7ca-7fc6bcc32cca,2026-01-08,2026-02-07,2581.7,154.92,2736.62,Issued,SampleGen
INV-244eee9b-71d6-4724-ab05-e40a7ba37428,ID205426,CID-298,244eee9b-71d6-4724-ab05-e40a7ba37428,2026-01-19,2026-02-18,2415.8,144.96,2560.76,Issued,SampleGen
INV-77c4e72a-15ba-40c8-aa41-799cd67059f6,ID205427,CID-298,77c4e72a-15ba-40c8-aa41-799cd67059f6,2026-02-01,2026-03-03,1557.74,93.48,1651.22,Issued,SampleGen
INV-e8de7c46-f70f-41ce-a7db-88f9bda4c53f,ID205428,CID-298,e8de7c46-f70f-41ce-a7db-88f9bda4c53f,2026-02-20,2026-03-22,4159.8,249.6,4409.4,Issued,SampleGen
INV-fc868fe2-6154-421d-8be6-b8f599be4f7b,ID205429,CID-298,fc868fe2-6154-421d-8be6-b8f599be4f7b,2026-02-20,2026-03-22,3039.84,182.4,3222.24,Issued,SampleGen
INV-531a8be0-5463-4726-afa6-61372c49eaf3,ID205430,CID-298,531a8be0-5463-4726-afa6-61372c49eaf3,2026-02-17,2026-03-19,2221.74,133.32,2355.06,Issued,SampleGen
INV-f22df8e9-ade5-4d27-a17c-24834bb27e07,ID205431,CID-298,f22df8e9-ade5-4d27-a17c-24834bb27e07,2026-02-09,2026-03-11,2551.76,153.12,2704.88,Issued,SampleGen
INV-05b71f6e-7e20-4076-9444-7d8e65da0f41,ID205432,CID-298,05b71f6e-7e20-4076-9444-7d8e65da0f41,2026-03-06,2026-04-05,863.88,51.84,915.72,Issued,SampleGen
INV-d38911ee-6df9-4cbf-953d-fd61dff0e32d,ID205433,CID-298,d38911ee-6df9-4cbf-953d-fd61dff0e32d,2026-03-23,2026-04-22,1377.78,82.68,1460.46,Issued,SampleGen
INV-b500ab46-24be-485b-8705-bcaf7437742d,ID205434,CID-298,b500ab46-24be-485b-8705-bcaf7437742d,2026-03-04,2026-04-03,905.74,54.36,960.1,Issued,SampleGen
INV-75da8723-8cf0-4a53-80ad-1770319198d6,ID205435,CID-298,75da8723-8cf0-4a53-80ad-1770319198d6,2026-03-07,2026-04-06,1507.86,90.48,1598.34,Issued,SampleGen
INV-d3859a84-e881-431d-9104-7679922f0f4b,ID205436,CID-298,d3859a84-e881-431d-9104-7679922f0f4b,2026-04-18,2026-05-18,607.86,36.48,644.34,Issued,SampleGen
INV-def4cfd6-c5dc-4934-a392-d3fec0ee85d0,ID205437,CID-298,def4cfd6-c5dc-4934-a392-d3fec0ee85d0,2026-04-19,2026-05-19,919.88,55.2,975.08,Issued,SampleGen
INV-89ee3282-baf7-4a53-986b-17bb1be97252,ID205438,CID-298,89ee3282-baf7-4a53-986b-17bb1be97252,2026-04-08,2026-05-08,899.78,54.0,953.78,Issued,SampleGen
INV-45a6ace5-429c-448f-91ef-df1f88165d6a,ID205439,CID-298,45a6ace5-429c-448f-91ef-df1f88165d6a,2026-04-03,2026-05-03,681.8,40.92,722.72,Issued,SampleGen
INV-58d8767c-5cda-4388-b8af-96a3c9a432b1,ID205440,CID-299,58d8767c-5cda-4388-b8af-96a3c9a432b1,2025-01-27,2025-02-26,2439.8,146.4,2586.2,Issued,SampleGen
INV-53399038-2883-4b23-b6cc-f9acb932ffbd,ID205441,CID-299,53399038-2883-4b23-b6cc-f9acb932ffbd,2025-02-19,2025-03-21,4927.84,295.68,5223.52,Issued,SampleGen
INV-36367822-8950-44fe-bcc1-7c41a8bcdddf,ID205442,CID-299,36367822-8950-44fe-bcc1-7c41a8bcdddf,2025-04-17,2025-05-17,1915.8,114.96,2030.76,Issued,SampleGen
INV-49eaad32-fcd2-4ec0-8203-f78fd0ab17d9,ID205443,CID-299,49eaad32-fcd2-4ec0-8203-f78fd0ab17d9,2025-05-16,2025-06-15,4207.88,252.48,4460.36,Issued,SampleGen
INV-9488eca5-4ff0-46e4-9ce4-1ed146e4c280,ID205444,CID-299,9488eca5-4ff0-46e4-9ce4-1ed146e4c280,2025-07-01,2025-07-31,683.82,41.04,724.86,Issued,SampleGen
INV-3d8cd1de-4e96-4d78-b8f0-027b0a44df44,ID205445,CID-299,3d8cd1de-4e96-4d78-b8f0-027b0a44df44,2025-06-02,2025-07-02,1751.84,105.12,1856.96,Issued,SampleGen
INV-7643e464-93bd-430c-a717-49ea4903f1f3,ID205446,CID-299,7643e464-93bd-430c-a717-49ea4903f1f3,2025-07-19,2025-08-18,3885.78,233.16,4118.94,Issued,SampleGen
INV-b918de46-e3d6-40c8-9d08-751cf3dc420a,ID205447,CID-299,b918de46-e3d6-40c8-9d08-751cf3dc420a,2025-08-10,2025-09-09,1087.84,65.28,1153.12,Issued,SampleGen
INV-d816f22d-1c60-4a92-9e54-4ea359ee5280,ID205448,CID-299,d816f22d-1c60-4a92-9e54-4ea359ee5280,2025-08-11,2025-09-10,849.82,51.0,900.82,Issued,SampleGen
INV-a69cdb7e-5205-4ded-a014-d9a3e6cf9821,ID205449,CID-299,a69cdb7e-5205-4ded-a014-d9a3e6cf9821,2025-09-23,2025-10-23,631.92,37.92,669.84,Issued,SampleGen
INV-3f6334c4-ebbd-44f3-940e-70b31a83daa0,ID205450,CID-299,3f6334c4-ebbd-44f3-940e-70b31a83daa0,2025-10-03,2025-11-02,1179.82,70.8,1250.62,Issued,SampleGen
INV-ca161efb-4f75-4a9c-b2bd-45d6f01fc2ea,ID205451,CID-299,ca161efb-4f75-4a9c-b2bd-45d6f01fc2ea,2025-10-29,2025-11-28,1965.78,117.96,2083.74,Issued,SampleGen
INV-cde519d4-ac63-4fa2-8271-f2def2e94749,ID205452,CID-299,cde519d4-ac63-4fa2-8271-f2def2e94749,2025-11-09,2025-12-09,411.92,24.72,436.64,Issued,SampleGen
INV-12cbae0f-543e-4757-a682-fafb77d8a7e4,ID205453,CID-299,12cbae0f-543e-4757-a682-fafb77d8a7e4,2025-12-21,2026-01-20,775.86,46.56,822.42,Issued,SampleGen
INV-ab5d6de1-48e1-44a0-ac71-984911d56e65,ID205454,CID-299,ab5d6de1-48e1-44a0-ac71-984911d56e65,2025-12-09,2026-01-08,1029.74,61.8,1091.54,Issued,SampleGen
INV-ab3ffcf2-faaf-437e-bafb-23b39149a8cd,ID205455,CID-299,ab3ffcf2-faaf-437e-bafb-23b39149a8cd,2026-01-07,2026-02-06,1079.88,64.8,1144.68,Issued,SampleGen
INV-0870aa74-48fe-4250-b33c-58ce5f6ddd36,ID205456,CID-299,0870aa74-48fe-4250-b33c-58ce5f6ddd36,2026-01-31,2026-03-02,3169.76,190.2,3359.96,Issued,SampleGen
INV-13353b60-b29c-45df-8f77-4fae6eeb9e81,ID205457,CID-299,13353b60-b29c-45df-8f77-4fae6eeb9e81,2026-02-27,2026-03-29,991.88,59.52,1051.4,Issued,SampleGen
INV-237b1159-75ba-4066-9ce7-28bbb49ce812,ID205458,CID-299,237b1159-75ba-4066-9ce7-28bbb49ce812,2026-02-02,2026-03-04,1107.78,66.48,1174.26,Issued,SampleGen
INV-6ee1e572-466e-4463-b381-89ffcbe34846,ID205459,CID-299,6ee1e572-466e-4463-b381-89ffcbe34846,2026-03-16,2026-04-15,547.88,32.88,580.76,Issued,SampleGen
INV-6d274a77-7a4e-4012-b039-f40749f94242,ID205460,CID-299,6d274a77-7a4e-4012-b039-f40749f94242,2026-03-19,2026-04-18,4595.74,275.76,4871.5,Issued,SampleGen
INV-1077207a-f8f7-43f3-b783-d23dae5eff30,ID205461,CID-299,1077207a-f8f7-43f3-b783-d23dae5eff30,2026-05-01,2026-05-31,4675.74,280.56,4956.3,Issued,SampleGen
INV-124c78ba-4a72-4979-be0c-e7c0ce12c0de,ID205462,CID-299,124c78ba-4a72-4979-be0c-e7c0ce12c0de,2026-04-28,2026-05-28,1267.84,76.08,1343.92,Issued,SampleGen
INV-2e6d7048-dcf8-4dec-920f-b2f784439d7a,ID205463,CID-300,2e6d7048-dcf8-4dec-920f-b2f784439d7a,2026-02-07,2026-03-09,1175.76,70.56,1246.32,Issued,SampleGen
INV-3f2d210c-8052-456b-8d2a-979166f6b9c4,ID205464,CID-300,3f2d210c-8052-456b-8d2a-979166f6b9c4,2026-04-30,2026-05-30,1173.78,70.44,1244.22,Issued,SampleGen
INV-bf52e7fe-4838-4db6-bdd5-4d7e1cb9beeb,ID205465,CID-301,bf52e7fe-4838-4db6-bdd5-4d7e1cb9beeb,2025-02-17,2025-03-19,467.8,28.08,495.88,Issued,SampleGen
INV-5d8600df-1d7d-47b1-8a85-f3719e50f88a,ID205466,CID-301,5d8600df-1d7d-47b1-8a85-f3719e50f88a,2025-03-22,2025-04-21,6679.74,400.8,7080.54,Issued,SampleGen
INV-fba0b7dc-a45e-4a0b-b298-f0ac78a9620c,ID205467,CID-301,fba0b7dc-a45e-4a0b-b298-f0ac78a9620c,2025-04-15,2025-05-15,3653.8,219.24,3873.04,Issued,SampleGen
INV-51ede194-49a3-4c27-8910-0be6832fa5b7,ID205468,CID-301,51ede194-49a3-4c27-8910-0be6832fa5b7,2025-05-12,2025-06-11,2143.76,128.64,2272.4,Issued,SampleGen
INV-2cf3a948-7a2b-4e25-885c-382444df6a4c,ID205469,CID-301,2cf3a948-7a2b-4e25-885c-382444df6a4c,2025-06-21,2025-07-21,1863.88,111.84,1975.72,Issued,SampleGen
INV-034832a3-b12e-4e15-8b5c-0e24d984cceb,ID205470,CID-301,034832a3-b12e-4e15-8b5c-0e24d984cceb,2025-07-03,2025-08-02,2055.78,123.36,2179.14,Issued,SampleGen
INV-2a1731be-b03d-4153-859e-e668b234b503,ID205471,CID-301,2a1731be-b03d-4153-859e-e668b234b503,2025-08-10,2025-09-09,2559.8,153.6,2713.4,Issued,SampleGen
INV-cab28c41-c4fc-4ca5-a0c1-80bbd5388f63,ID205472,CID-301,cab28c41-c4fc-4ca5-a0c1-80bbd5388f63,2025-09-11,2025-10-11,2191.82,131.52,2323.34,Issued,SampleGen
INV-22c076a4-e9bf-4f47-a6b7-ad32c6be02f7,ID205473,CID-301,22c076a4-e9bf-4f47-a6b7-ad32c6be02f7,2025-09-23,2025-10-23,367.92,22.08,390.0,Issued,SampleGen
INV-b5709d49-6f50-4a02-820e-5399414d83fc,ID205474,CID-301,b5709d49-6f50-4a02-820e-5399414d83fc,2025-10-11,2025-11-10,907.86,54.48,962.34,Issued,SampleGen
INV-434244d4-0e2e-40f0-9620-318d75b505f9,ID205475,CID-301,434244d4-0e2e-40f0-9620-318d75b505f9,2025-10-17,2025-11-16,767.9,46.08,813.98,Issued,SampleGen
INV-0b19c25a-7f29-4b58-a708-a2af12d05d03,ID205476,CID-301,0b19c25a-7f29-4b58-a708-a2af12d05d03,2025-11-30,2025-12-30,4219.82,253.2,4473.02,Issued,SampleGen
INV-6c476411-b6a7-4b65-8543-411552a02ad9,ID205477,CID-301,6c476411-b6a7-4b65-8543-411552a02ad9,2025-11-05,2025-12-05,903.88,54.24,958.12,Issued,SampleGen
INV-826c427f-51e0-4d97-a6d5-c94a2a5fb767,ID205478,CID-301,826c427f-51e0-4d97-a6d5-c94a2a5fb767,2025-12-14,2026-01-13,6007.72,360.48,6368.2,Issued,SampleGen
INV-9bb29d8e-9b2f-4bad-9457-5d425678085c,ID205479,CID-301,9bb29d8e-9b2f-4bad-9457-5d425678085c,2025-12-20,2026-01-19,839.78,50.4,890.18,Issued,SampleGen
INV-ee361cdb-8833-4eec-bd73-90cba67a1f89,ID205480,CID-301,ee361cdb-8833-4eec-bd73-90cba67a1f89,2026-01-25,2026-02-24,1159.92,69.6,1229.52,Issued,SampleGen
INV-56928605-01ce-45df-ab54-4bc5271572a4,ID205481,CID-301,56928605-01ce-45df-ab54-4bc5271572a4,2026-01-25,2026-02-24,1143.76,68.64,1212.4,Issued,SampleGen
INV-007b1ccc-69f8-4f3a-9e39-95fbbd918ba1,ID205482,CID-301,007b1ccc-69f8-4f3a-9e39-95fbbd918ba1,2026-02-08,2026-03-10,5189.82,311.4,5501.22,Issued,SampleGen
INV-eb863761-3014-4400-a3f3-4d0909f20a05,ID205483,CID-301,eb863761-3014-4400-a3f3-4d0909f20a05,2026-02-02,2026-03-04,1341.84,80.52,1422.36,Issued,SampleGen
INV-7ff053fd-eab2-4fef-b741-b27e22742ffb,ID205484,CID-301,7ff053fd-eab2-4fef-b741-b27e22742ffb,2026-03-02,2026-04-01,547.9,32.88,580.78,Issued,SampleGen
INV-e8fa559a-4917-4277-9861-c8ba2969290f,ID205485,CID-301,e8fa559a-4917-4277-9861-c8ba2969290f,2026-03-26,2026-04-25,1969.78,118.2,2087.98,Issued,SampleGen
INV-71394df6-cdd5-492d-8d98-1debea3e906d,ID205486,CID-301,71394df6-cdd5-492d-8d98-1debea3e906d,2026-03-18,2026-04-17,3767.88,226.08,3993.96,Issued,SampleGen
INV-c4787e60-3925-488d-88c6-2afb9e0ae2bf,ID205487,CID-301,c4787e60-3925-488d-88c6-2afb9e0ae2bf,2026-04-04,2026-05-04,1519.92,91.2,1611.12,Issued,SampleGen
INV-282a30cd-80d7-40ed-aef2-f9bebef27e5e,ID205488,CID-301,282a30cd-80d7-40ed-aef2-f9bebef27e5e,2026-04-02,2026-05-02,255.92,15.36,271.28,Issued,SampleGen
INV-bb7d4c04-31ab-4e9d-b89c-87f4cf7362ce,ID205489,CID-301,bb7d4c04-31ab-4e9d-b89c-87f4cf7362ce,2026-04-13,2026-05-13,2261.78,135.72,2397.5,Issued,SampleGen
INV-363cbce0-1e33-4eb3-b79f-9900879d800b,ID205490,CID-302,363cbce0-1e33-4eb3-b79f-9900879d800b,2025-02-11,2025-03-13,495.84,29.76,525.6,Issued,SampleGen
INV-e166e2d8-cd79-4078-8c52-74dc6daff9e6,ID205491,CID-302,e166e2d8-cd79-4078-8c52-74dc6daff9e6,2025-03-08,2025-04-07,465.86,27.96,493.82,Issued,SampleGen
INV-61dc2741-bccf-4655-a334-ad80aab515ff,ID205492,CID-302,61dc2741-bccf-4655-a334-ad80aab515ff,2025-04-30,2025-05-30,625.82,37.56,663.38,Issued,SampleGen
INV-6cabfc3a-b362-45b3-9c32-b37730979542,ID205493,CID-302,6cabfc3a-b362-45b3-9c32-b37730979542,2025-05-30,2025-06-29,2091.8,125.52,2217.32,Issued,SampleGen
INV-86528831-c51f-45c9-8b20-777bf0962d0c,ID205494,CID-302,86528831-c51f-45c9-8b20-777bf0962d0c,2025-06-22,2025-07-22,1867.74,112.08,1979.82,Issued,SampleGen
INV-32a912e3-a10f-487b-8552-e001175f8dfd,ID205495,CID-302,32a912e3-a10f-487b-8552-e001175f8dfd,2025-06-27,2025-07-27,4147.78,248.88,4396.66,Issued,SampleGen
INV-d2773633-7a3d-48c0-8aa9-1f857030860b,ID205496,CID-302,d2773633-7a3d-48c0-8aa9-1f857030860b,2025-07-12,2025-08-11,1709.76,102.6,1812.36,Issued,SampleGen
INV-43d39d52-821c-4e75-aee7-c6b58192b4b8,ID205497,CID-302,43d39d52-821c-4e75-aee7-c6b58192b4b8,2025-07-11,2025-08-10,3515.78,210.96,3726.74,Issued,SampleGen
INV-cc7f1eb0-3c5f-4f32-a80a-e739d94cb2c0,ID205498,CID-302,cc7f1eb0-3c5f-4f32-a80a-e739d94cb2c0,2025-08-18,2025-09-17,2343.82,140.64,2484.46,Issued,SampleGen
INV-c54c6d2d-ebdc-47bd-aa6e-925cf8b5178c,ID205499,CID-302,c54c6d2d-ebdc-47bd-aa6e-925cf8b5178c,2025-08-19,2025-09-18,3333.78,200.04,3533.82,Issued,SampleGen
INV-28d62bfe-d42f-4a09-ac1e-d8a639859db2,ID205500,CID-302,28d62bfe-d42f-4a09-ac1e-d8a639859db2,2025-09-23,2025-10-23,4927.84,295.68,5223.52,Issued,SampleGen
INV-0f70fe14-c980-4a51-b941-9d71d7b1e8be,ID205501,CID-302,0f70fe14-c980-4a51-b941-9d71d7b1e8be,2025-09-11,2025-10-11,2971.78,178.32,3150.1,Issued,SampleGen
INV-e8bfa2f6-09b3-42cb-b950-c23b42871ff4,ID205502,CID-302,e8bfa2f6-09b3-42cb-b950-c23b42871ff4,2025-10-30,2025-11-29,4495.82,269.76,4765.58,Issued,SampleGen
INV-37c65aec-0b86-4bd8-8016-dd1da23c1c71,ID205503,CID-302,37c65aec-0b86-4bd8-8016-dd1da23c1c71,2025-10-30,2025-11-29,599.9,36.0,635.9,Issued,SampleGen
INV-fc483bda-0d7f-46f3-8805-370e0dd1b305,ID205504,CID-302,fc483bda-0d7f-46f3-8805-370e0dd1b305,2025-11-08,2025-12-08,1695.8,101.76,1797.56,Issued,SampleGen
INV-eb32d871-4152-4394-97cc-ffa1c2b1d43e,ID205505,CID-302,eb32d871-4152-4394-97cc-ffa1c2b1d43e,2025-11-26,2025-12-26,3311.76,198.72,3510.48,Issued,SampleGen
INV-59e1fd4b-9e83-4451-9f72-7dfee355643c,ID205506,CID-302,59e1fd4b-9e83-4451-9f72-7dfee355643c,2025-11-09,2025-12-09,1575.76,94.56,1670.32,Issued,SampleGen
INV-195a07ed-e123-485b-8d89-853b15f98ce7,ID205507,CID-302,195a07ed-e123-485b-8d89-853b15f98ce7,2025-12-11,2026-01-10,6331.78,379.92,6711.7,Issued,SampleGen
INV-ddf2c9d3-1455-495b-8020-fae5f19ea77f,ID205508,CID-302,ddf2c9d3-1455-495b-8020-fae5f19ea77f,2025-12-14,2026-01-13,1047.8,62.88,1110.68,Issued,SampleGen
INV-54511170-529a-4289-95ca-c7a45102ad76,ID205509,CID-302,54511170-529a-4289-95ca-c7a45102ad76,2025-12-17,2026-01-16,1995.88,119.76,2115.64,Issued,SampleGen
INV-81f0769f-7bda-4878-b5b4-432253c07bce,ID205510,CID-302,81f0769f-7bda-4878-b5b4-432253c07bce,2026-01-28,2026-02-27,803.86,48.24,852.1,Issued,SampleGen
INV-b2fa0bbb-e0b1-4eb1-88c6-ff9374d43df6,ID205511,CID-302,b2fa0bbb-e0b1-4eb1-88c6-ff9374d43df6,2026-01-02,2026-02-01,1943.88,116.64,2060.52,Issued,SampleGen
INV-2aec3f4d-ae39-4da1-8f4d-1b520763873c,ID205512,CID-302,2aec3f4d-ae39-4da1-8f4d-1b520763873c,2026-01-10,2026-02-09,2823.74,169.44,2993.18,Issued,SampleGen
INV-d61cb393-6dc3-4da4-a0f4-8054a49acc66,ID205513,CID-302,d61cb393-6dc3-4da4-a0f4-8054a49acc66,2026-02-02,2026-03-04,2443.72,146.64,2590.36,Issued,SampleGen
INV-5a9ace1d-5154-4f05-93fd-dbf95ffba45d,ID205514,CID-302,5a9ace1d-5154-4f05-93fd-dbf95ffba45d,2026-02-20,2026-03-22,3267.78,196.08,3463.86,Issued,SampleGen
INV-00da2eb8-574c-47e3-86c6-72b030fc64a4,ID205515,CID-302,00da2eb8-574c-47e3-86c6-72b030fc64a4,2026-02-26,2026-03-28,2915.72,174.96,3090.68,Issued,SampleGen
INV-c4031721-9049-40d5-8080-b73c7a823d63,ID205516,CID-302,c4031721-9049-40d5-8080-b73c7a823d63,2026-03-25,2026-04-24,1399.82,84.0,1483.82,Issued,SampleGen
INV-9dda2922-708b-483b-ac29-bf1f2153cad6,ID205517,CID-302,9dda2922-708b-483b-ac29-bf1f2153cad6,2026-03-04,2026-04-03,1379.88,82.8,1462.68,Issued,SampleGen
INV-62467cb0-d028-43d6-b328-1886448ae6fe,ID205518,CID-302,62467cb0-d028-43d6-b328-1886448ae6fe,2026-03-21,2026-04-20,1679.88,100.8,1780.68,Issued,SampleGen
INV-b9a89bb4-eb09-47a7-92c7-bab6560045e8,ID205519,CID-302,b9a89bb4-eb09-47a7-92c7-bab6560045e8,2026-05-01,2026-05-31,2059.86,123.6,2183.46,Issued,SampleGen
INV-a1155562-9817-444d-bf05-dbdca6b2c7cb,ID205520,CID-302,a1155562-9817-444d-bf05-dbdca6b2c7cb,2026-04-21,2026-05-21,3815.82,228.96,4044.78,Issued,SampleGen
INV-fbd2c3a8-f9a7-422a-a2a2-e872629cc81a,ID205521,CID-302,fbd2c3a8-f9a7-422a-a2a2-e872629cc81a,2026-04-17,2026-05-17,1167.76,70.08,1237.84,Issued,SampleGen
INV-b255f387-eba8-4efd-9355-d14001515825,ID205522,CID-302,b255f387-eba8-4efd-9355-d14001515825,2026-04-07,2026-05-07,897.82,53.88,951.7,Issued,SampleGen
INV-4b9b08bc-2460-4272-ae7c-40c828af9b72,ID205523,CID-303,4b9b08bc-2460-4272-ae7c-40c828af9b72,2025-04-01,2025-05-01,929.82,55.8,985.62,Issued,SampleGen
INV-b4859648-756c-4ecc-9535-386bb31ba868,ID205524,CID-303,b4859648-756c-4ecc-9535-386bb31ba868,2025-04-17,2025-05-17,2793.82,167.64,2961.46,Issued,SampleGen
INV-26a43e5c-03e1-48f7-bdd5-d9a822cbccb0,ID205525,CID-303,26a43e5c-03e1-48f7-bdd5-d9a822cbccb0,2025-05-18,2025-06-17,5107.78,306.48,5414.26,Issued,SampleGen
INV-a7be5985-9fe2-4ffe-8bf2-1a9e774c1d34,ID205526,CID-303,a7be5985-9fe2-4ffe-8bf2-1a9e774c1d34,2025-06-21,2025-07-21,881.8,52.92,934.72,Issued,SampleGen
INV-c9232709-39fe-4fda-b535-2379331f5cfb,ID205527,CID-303,c9232709-39fe-4fda-b535-2379331f5cfb,2025-07-02,2025-08-01,947.84,56.88,1004.72,Issued,SampleGen
INV-1bf7b91b-0fd2-40df-8236-999dd550c696,ID205528,CID-303,1bf7b91b-0fd2-40df-8236-999dd550c696,2025-08-08,2025-09-07,2267.8,136.08,2403.88,Issued,SampleGen
INV-b7d16502-7657-46c2-97e2-a9b47d080177,ID205529,CID-303,b7d16502-7657-46c2-97e2-a9b47d080177,2025-08-10,2025-09-09,3907.72,234.48,4142.2,Issued,SampleGen
INV-f76bfb02-3265-4c1a-b32c-1281448ca983,ID205530,CID-303,f76bfb02-3265-4c1a-b32c-1281448ca983,2025-09-17,2025-10-17,1355.82,81.36,1437.18,Issued,SampleGen
INV-0bc61643-9571-48bb-aea3-6cb2d8b26b95,ID205531,CID-303,0bc61643-9571-48bb-aea3-6cb2d8b26b95,2025-10-20,2025-11-19,1195.82,71.76,1267.58,Issued,SampleGen
INV-0eb2172c-c011-46de-9ad0-e6858192f4b7,ID205532,CID-303,0eb2172c-c011-46de-9ad0-e6858192f4b7,2025-11-12,2025-12-12,943.92,56.64,1000.56,Issued,SampleGen
INV-343a3184-8c56-4300-a80b-80c290c876d2,ID205533,CID-303,343a3184-8c56-4300-a80b-80c290c876d2,2025-12-08,2026-01-07,1471.9,88.32,1560.22,Issued,SampleGen
INV-505f113e-a461-4ffb-b575-d3d44c3a529b,ID205534,CID-303,505f113e-a461-4ffb-b575-d3d44c3a529b,2026-01-29,2026-02-28,5111.78,306.72,5418.5,Issued,SampleGen
INV-e1ba97ce-03c4-4acd-bb2e-e1b003df6e1d,ID205535,CID-303,e1ba97ce-03c4-4acd-bb2e-e1b003df6e1d,2026-01-23,2026-02-22,2403.86,144.24,2548.1,Issued,SampleGen
INV-976e1d13-74b4-4578-bd26-fb14519fcaf7,ID205536,CID-303,976e1d13-74b4-4578-bd26-fb14519fcaf7,2026-02-06,2026-03-08,1145.82,68.76,1214.58,Issued,SampleGen
INV-e0b73694-6459-4376-9301-e1a979dcecd8,ID205537,CID-303,e0b73694-6459-4376-9301-e1a979dcecd8,2026-02-08,2026-03-10,2975.86,178.56,3154.42,Issued,SampleGen
INV-1e2dd051-b888-4d8c-bfef-dd708ee594c8,ID205538,CID-303,1e2dd051-b888-4d8c-bfef-dd708ee594c8,2026-03-16,2026-04-15,2083.84,125.04,2208.88,Issued,SampleGen
INV-1da36f95-9f90-46b7-a7c6-a00e6f35951e,ID205539,CID-303,1da36f95-9f90-46b7-a7c6-a00e6f35951e,2026-04-24,2026-05-24,4337.78,260.28,4598.06,Issued,SampleGen
INV-49727f0f-0440-4ef0-ac6e-6e664fc36fdb,ID205540,CID-303,49727f0f-0440-4ef0-ac6e-6e664fc36fdb,2026-04-12,2026-05-12,3539.88,212.4,3752.28,Issued,SampleGen
INV-5c164c08-5761-405b-a517-205400f28a26,ID205541,CID-304,5c164c08-5761-405b-a517-205400f28a26,2025-05-02,2025-06-01,1843.82,110.64,1954.46,Issued,SampleGen
INV-aace86f5-bd59-4ed2-836f-13ea6078231d,ID205542,CID-304,aace86f5-bd59-4ed2-836f-13ea6078231d,2025-06-03,2025-07-03,789.7,47.4,837.1,Issued,SampleGen
INV-10f73c17-b9bb-4ec4-bcce-75cc3c46f183,ID205543,CID-304,10f73c17-b9bb-4ec4-bcce-75cc3c46f183,2025-07-09,2025-08-08,1549.76,93.0,1642.76,Issued,SampleGen
INV-13b72db1-8d37-4c47-a241-49d8ee363c81,ID205544,CID-304,13b72db1-8d37-4c47-a241-49d8ee363c81,2025-08-20,2025-09-19,659.8,39.6,699.4,Issued,SampleGen
INV-3fc09169-749a-40af-b798-871ee7e805d2,ID205545,CID-304,3fc09169-749a-40af-b798-871ee7e805d2,2025-09-26,2025-10-26,415.9,24.96,440.86,Issued,SampleGen
INV-41be3c8c-1cca-4e56-8320-f9724959130a,ID205546,CID-304,41be3c8c-1cca-4e56-8320-f9724959130a,2025-10-27,2025-11-26,1693.86,101.64,1795.5,Issued,SampleGen
INV-3a689096-959b-4a2f-aa67-c51a490c4450,ID205547,CID-304,3a689096-959b-4a2f-aa67-c51a490c4450,2025-11-05,2025-12-05,1471.9,88.32,1560.22,Issued,SampleGen
INV-b5a8013f-1580-4d07-abdc-7d16f9b9f9d0,ID205548,CID-304,b5a8013f-1580-4d07-abdc-7d16f9b9f9d0,2025-12-25,2026-01-24,2059.78,123.6,2183.38,Issued,SampleGen
INV-69b100d5-ac3a-4bef-a843-6e4ebef33883,ID205549,CID-304,69b100d5-ac3a-4bef-a843-6e4ebef33883,2026-01-10,2026-02-09,2151.76,129.12,2280.88,Issued,SampleGen
INV-7e23afc0-0e6d-48e9-9a57-63188d43fdc6,ID205550,CID-304,7e23afc0-0e6d-48e9-9a57-63188d43fdc6,2026-02-22,2026-03-24,779.82,46.8,826.62,Issued,SampleGen
INV-61e848e8-7dd7-47fc-b027-03ad98825649,ID205551,CID-304,61e848e8-7dd7-47fc-b027-03ad98825649,2026-03-21,2026-04-20,1197.76,71.88,1269.64,Issued,SampleGen
INV-04f34ae6-ba55-4b11-bd51-c06fbcf16660,ID205552,CID-304,04f34ae6-ba55-4b11-bd51-c06fbcf16660,2026-04-16,2026-05-16,2999.78,180.0,3179.78,Issued,SampleGen
INV-bdb72bd0-b17e-4834-8d51-1ae1a2068a76,ID205553,CID-305,bdb72bd0-b17e-4834-8d51-1ae1a2068a76,2025-01-07,2025-02-06,807.84,48.48,856.32,Issued,SampleGen
INV-ca21e746-a171-481c-b88b-efaacf71b080,ID205554,CID-305,ca21e746-a171-481c-b88b-efaacf71b080,2025-03-08,2025-04-07,1083.86,65.04,1148.9,Issued,SampleGen
INV-9d98332f-9f50-4bc8-a9d8-9e66e3bdeca7,ID205555,CID-305,9d98332f-9f50-4bc8-a9d8-9e66e3bdeca7,2025-04-06,2025-05-06,2455.74,147.36,2603.1,Issued,SampleGen
INV-a7f95f55-7747-48df-8026-9f954d385099,ID205556,CID-305,a7f95f55-7747-48df-8026-9f954d385099,2025-05-16,2025-06-15,3319.72,199.2,3518.92,Issued,SampleGen
INV-04f17aea-8b0f-458a-bcfb-72ef52d6bfbb,ID205557,CID-305,04f17aea-8b0f-458a-bcfb-72ef52d6bfbb,2025-06-23,2025-07-23,281.9,16.92,298.82,Issued,SampleGen
INV-bd7a815b-5507-419f-b996-8031f282efe4,ID205558,CID-305,bd7a815b-5507-419f-b996-8031f282efe4,2025-07-31,2025-08-30,447.88,26.88,474.76,Issued,SampleGen
INV-7cac5dd2-5c2e-4f69-a9d0-3ce684bae641,ID205559,CID-305,7cac5dd2-5c2e-4f69-a9d0-3ce684bae641,2025-08-22,2025-09-21,739.86,44.4,784.26,Issued,SampleGen
INV-989648b3-c31f-407a-9924-21e001a7a5a8,ID205560,CID-305,989648b3-c31f-407a-9924-21e001a7a5a8,2025-10-01,2025-10-31,1259.86,75.6,1335.46,Issued,SampleGen
INV-2b5da6d3-9df2-45cb-accc-e5b33a297794,ID205561,CID-305,2b5da6d3-9df2-45cb-accc-e5b33a297794,2025-11-01,2025-12-01,635.82,38.16,673.98,Issued,SampleGen
INV-58feb9b6-6e63-4eec-8de5-67b240f05b5d,ID205562,CID-305,58feb9b6-6e63-4eec-8de5-67b240f05b5d,2025-11-10,2025-12-10,3409.74,204.6,3614.34,Issued,SampleGen
INV-d172f1fb-196e-480f-b3de-21a99b037d48,ID205563,CID-305,d172f1fb-196e-480f-b3de-21a99b037d48,2025-11-02,2025-12-02,1429.76,85.8,1515.56,Issued,SampleGen
INV-e983286d-7d81-40c7-8463-ce4117251ad1,ID205564,CID-305,e983286d-7d81-40c7-8463-ce4117251ad1,2025-12-16,2026-01-15,857.82,51.48,909.3,Issued,SampleGen
INV-39e2f8e5-7f2d-483d-8d8a-29aea8e5c60f,ID205565,CID-305,39e2f8e5-7f2d-483d-8d8a-29aea8e5c60f,2025-12-14,2026-01-13,699.8,42.0,741.8,Issued,SampleGen
INV-f61574ae-1502-4722-bf2c-dcf199ef1de8,ID205566,CID-305,f61574ae-1502-4722-bf2c-dcf199ef1de8,2026-01-03,2026-02-02,2299.74,138.0,2437.74,Issued,SampleGen
INV-a96233bc-46a4-4888-9486-f0f2c2534a68,ID205567,CID-305,a96233bc-46a4-4888-9486-f0f2c2534a68,2026-01-25,2026-02-24,1183.86,71.04,1254.9,Issued,SampleGen
INV-8907e34f-bd52-45af-a664-3c56fbe37e4c,ID205568,CID-305,8907e34f-bd52-45af-a664-3c56fbe37e4c,2026-02-21,2026-03-23,3113.84,186.84,3300.68,Issued,SampleGen
INV-a9e47a1a-c9f2-47a0-9fba-7da912007b73,ID205569,CID-305,a9e47a1a-c9f2-47a0-9fba-7da912007b73,2026-03-28,2026-04-27,2633.76,158.04,2791.8,Issued,SampleGen
INV-bd5b0d5d-7e5d-4b1d-bea7-23e2b2a73271,ID205570,CID-305,bd5b0d5d-7e5d-4b1d-bea7-23e2b2a73271,2026-04-20,2026-05-20,5375.76,322.56,5698.32,Issued,SampleGen
INV-e84e695a-4d09-4236-97e2-7a5c380c71b0,ID205571,CID-305,e84e695a-4d09-4236-97e2-7a5c380c71b0,2026-04-02,2026-05-02,1839.84,110.4,1950.24,Issued,SampleGen
INV-89de6049-98ee-4ae9-8117-2c7208402b9b,ID205572,CID-306,89de6049-98ee-4ae9-8117-2c7208402b9b,2025-03-07,2025-04-06,1267.74,76.08,1343.82,Issued,SampleGen
INV-50314f15-afc2-4311-b41d-718ce80e6cc5,ID205573,CID-306,50314f15-afc2-4311-b41d-718ce80e6cc5,2025-05-21,2025-06-20,1259.88,75.6,1335.48,Issued,SampleGen
INV-17757fad-d9f1-4e52-8b20-7b73c12d298c,ID205574,CID-306,17757fad-d9f1-4e52-8b20-7b73c12d298c,2025-06-18,2025-07-18,775.82,46.56,822.38,Issued,SampleGen
INV-25ad48e0-e090-4384-a5c9-c4fc66d3de03,ID205575,CID-306,25ad48e0-e090-4384-a5c9-c4fc66d3de03,2025-07-19,2025-08-18,2407.7,144.48,2552.18,Issued,SampleGen
INV-91619d98-157c-453f-83fc-0c8cf4f40176,ID205576,CID-306,91619d98-157c-453f-83fc-0c8cf4f40176,2025-10-15,2025-11-14,957.78,57.48,1015.26,Issued,SampleGen
INV-2d25f452-792b-4920-b5a9-4543fd1e2f6e,ID205577,CID-306,2d25f452-792b-4920-b5a9-4543fd1e2f6e,2025-11-03,2025-12-03,1399.86,84.0,1483.86,Issued,SampleGen
INV-4ee216c9-35ea-4ecc-b95d-c4e6a146a665,ID205578,CID-306,4ee216c9-35ea-4ecc-b95d-c4e6a146a665,2025-12-08,2026-01-07,4639.76,278.4,4918.16,Issued,SampleGen
INV-9cb3621d-20b1-4559-a39c-4a03dca25c29,ID205579,CID-306,9cb3621d-20b1-4559-a39c-4a03dca25c29,2026-02-04,2026-03-06,2421.74,145.32,2567.06,Issued,SampleGen
INV-2e9657d0-a968-4915-a47a-23a6afd5f298,ID205580,CID-306,2e9657d0-a968-4915-a47a-23a6afd5f298,2026-04-20,2026-05-20,3615.76,216.96,3832.72,Issued,SampleGen
INV-586b5d25-5e3c-4bda-8073-523bafdf597f,ID205581,CID-307,586b5d25-5e3c-4bda-8073-523bafdf597f,2025-05-05,2025-06-04,869.8,52.2,922.0,Issued,SampleGen
INV-c3f996bc-6730-4c2f-8912-6c2639c4b7df,ID205582,CID-307,c3f996bc-6730-4c2f-8912-6c2639c4b7df,2025-10-27,2025-11-26,3189.74,191.4,3381.14,Issued,SampleGen
INV-dc6d20fc-1ea0-45ed-b4a5-1e23bf87b59d,ID205583,CID-307,dc6d20fc-1ea0-45ed-b4a5-1e23bf87b59d,2025-11-14,2025-12-14,391.84,23.52,415.36,Issued,SampleGen
INV-0592cef0-f894-49a5-aa1a-d9cc97c9bd75,ID205584,CID-307,0592cef0-f894-49a5-aa1a-d9cc97c9bd75,2026-01-09,2026-02-08,1739.8,104.4,1844.2,Issued,SampleGen
INV-c7ca9eac-c417-4d94-9c87-4caeb3ee0abb,ID205585,CID-307,c7ca9eac-c417-4d94-9c87-4caeb3ee0abb,2026-02-15,2026-03-17,3845.82,230.76,4076.58,Issued,SampleGen
INV-cd9e9ef9-73e2-4855-b068-12112274cdd9,ID205586,CID-307,cd9e9ef9-73e2-4855-b068-12112274cdd9,2026-04-29,2026-05-29,779.88,46.8,826.68,Issued,SampleGen
INV-aec80c60-39fc-45fa-8811-cce56d590a0f,ID205587,CID-308,aec80c60-39fc-45fa-8811-cce56d590a0f,2025-01-19,2025-02-18,667.84,40.08,707.92,Issued,SampleGen
INV-622c4630-4252-4bf1-a5fa-a5ce8541b620,ID205588,CID-308,622c4630-4252-4bf1-a5fa-a5ce8541b620,2025-03-15,2025-04-14,2751.76,165.12,2916.88,Issued,SampleGen
INV-71d1fb68-9865-47bc-b696-182b38b0df43,ID205589,CID-308,71d1fb68-9865-47bc-b696-182b38b0df43,2025-04-30,2025-05-30,4619.76,277.2,4896.96,Issued,SampleGen
INV-b3d86681-0cf6-4d1f-a34f-27a8778055f0,ID205590,CID-308,b3d86681-0cf6-4d1f-a34f-27a8778055f0,2025-05-23,2025-06-22,619.9,37.2,657.1,Issued,SampleGen
INV-dd978874-b24a-4f44-aad9-0c28c70ba805,ID205591,CID-308,dd978874-b24a-4f44-aad9-0c28c70ba805,2025-06-20,2025-07-20,1047.84,62.88,1110.72,Issued,SampleGen
INV-c70f8cb5-5034-4512-b651-77dec12152bb,ID205592,CID-308,c70f8cb5-5034-4512-b651-77dec12152bb,2025-08-06,2025-09-05,1623.78,97.44,1721.22,Issued,SampleGen
INV-1023cf99-6c60-46a6-ae19-d0aa47b21c0c,ID205593,CID-308,1023cf99-6c60-46a6-ae19-d0aa47b21c0c,2025-09-08,2025-10-08,2663.88,159.84,2823.72,Issued,SampleGen
INV-8a82399d-96d7-4903-b523-960ab6822cc5,ID205594,CID-308,8a82399d-96d7-4903-b523-960ab6822cc5,2025-10-06,2025-11-05,623.88,37.44,661.32,Issued,SampleGen
INV-b53b9f66-9062-495d-84a1-46aabd6b8ef6,ID205595,CID-308,b53b9f66-9062-495d-84a1-46aabd6b8ef6,2025-11-10,2025-12-10,623.88,37.44,661.32,Issued,SampleGen
INV-7bf5c586-493f-4674-ad2b-f5507300ac3e,ID205596,CID-308,7bf5c586-493f-4674-ad2b-f5507300ac3e,2025-12-29,2026-01-28,1159.92,69.6,1229.52,Issued,SampleGen
INV-f3af123d-31ee-4582-8ec2-58077ecb3f71,ID205597,CID-308,f3af123d-31ee-4582-8ec2-58077ecb3f71,2026-01-23,2026-02-22,831.74,49.92,881.66,Issued,SampleGen
INV-d4829fef-d4e1-4050-95db-fefbaa1cfde9,ID205598,CID-308,d4829fef-d4e1-4050-95db-fefbaa1cfde9,2026-02-27,2026-03-29,603.84,36.24,640.08,Issued,SampleGen
INV-aa733303-c355-4fe0-aead-38dece6ef03d,ID205599,CID-308,aa733303-c355-4fe0-aead-38dece6ef03d,2026-03-31,2026-04-30,1863.88,111.84,1975.72,Issued,SampleGen
INV-71c45089-d251-466c-90fd-70eeff2cfe34,ID205600,CID-308,71c45089-d251-466c-90fd-70eeff2cfe34,2026-04-03,2026-05-03,1097.76,65.88,1163.64,Issued,SampleGen
INV-9162a15f-7fe9-4da7-be73-395e58c1f48e,ID205601,CID-309,9162a15f-7fe9-4da7-be73-395e58c1f48e,2025-01-03,2025-02-02,2379.78,142.8,2522.58,Issued,SampleGen
INV-8655c978-f292-4b1d-b03e-ef0d22f9a876,ID205602,CID-309,8655c978-f292-4b1d-b03e-ef0d22f9a876,2025-02-11,2025-03-13,1485.78,89.16,1574.94,Issued,SampleGen
INV-fc0073fc-11f0-4ed1-983c-1746f4e092e6,ID205603,CID-309,fc0073fc-11f0-4ed1-983c-1746f4e092e6,2025-03-16,2025-04-15,2151.84,129.12,2280.96,Issued,SampleGen
INV-b604471c-ccd1-4af8-96e8-04fac02e8259,ID205604,CID-309,b604471c-ccd1-4af8-96e8-04fac02e8259,2025-03-21,2025-04-20,811.9,48.72,860.62,Issued,SampleGen
INV-47cac4da-5b6c-452d-af08-2eae36a859cb,ID205605,CID-309,47cac4da-5b6c-452d-af08-2eae36a859cb,2025-04-10,2025-05-10,2239.8,134.4,2374.2,Issued,SampleGen
INV-559f7b50-6080-40a3-8994-61960e977dce,ID205606,CID-309,559f7b50-6080-40a3-8994-61960e977dce,2025-05-23,2025-06-22,2279.88,136.8,2416.68,Issued,SampleGen
INV-4fa34d88-3fb3-4a24-814f-9a2f477983a9,ID205607,CID-309,4fa34d88-3fb3-4a24-814f-9a2f477983a9,2025-06-03,2025-07-03,987.78,59.28,1047.06,Issued,SampleGen
INV-41caa006-722d-421f-8f3e-75addadd5f62,ID205608,CID-309,41caa006-722d-421f-8f3e-75addadd5f62,2025-06-10,2025-07-10,891.8,53.52,945.32,Issued,SampleGen
INV-a6fcb92a-393b-4491-80ba-d318203bfce8,ID205609,CID-309,a6fcb92a-393b-4491-80ba-d318203bfce8,2025-07-03,2025-08-02,3607.84,216.48,3824.32,Issued,SampleGen
INV-b11c92cf-c5bb-4ab6-9ec5-979684f40219,ID205610,CID-309,b11c92cf-c5bb-4ab6-9ec5-979684f40219,2025-09-01,2025-10-01,3375.82,202.56,3578.38,Issued,SampleGen
INV-15be7701-7567-46f8-ac43-653083a03acc,ID205611,CID-309,15be7701-7567-46f8-ac43-653083a03acc,2025-09-24,2025-10-24,899.9,54.0,953.9,Issued,SampleGen
INV-91a463f0-02f5-4a24-b0ed-fb785499a4ad,ID205612,CID-309,91a463f0-02f5-4a24-b0ed-fb785499a4ad,2025-09-09,2025-10-09,3455.8,207.36,3663.16,Issued,SampleGen
INV-2edb31df-c531-4546-b9c4-37ded9fe7ca8,ID205613,CID-309,2edb31df-c531-4546-b9c4-37ded9fe7ca8,2025-10-16,2025-11-15,7799.78,468.0,8267.78,Issued,SampleGen
INV-c7704e87-5a7e-41a7-bbea-82b54cd8090f,ID205614,CID-309,c7704e87-5a7e-41a7-bbea-82b54cd8090f,2025-10-23,2025-11-22,4851.8,291.12,5142.92,Issued,SampleGen
INV-2ef353e1-5a55-4770-8725-b38d79656f12,ID205615,CID-309,2ef353e1-5a55-4770-8725-b38d79656f12,2025-11-07,2025-12-07,3647.86,218.88,3866.74,Issued,SampleGen
INV-be859ab5-1cfc-48a7-a72a-d1fd3ff3b70c,ID205616,CID-309,be859ab5-1cfc-48a7-a72a-d1fd3ff3b70c,2025-11-06,2025-12-06,2239.84,134.4,2374.24,Issued,SampleGen
INV-ceb1dca1-907e-458e-bfe2-9ef98c8318c0,ID205617,CID-309,ceb1dca1-907e-458e-bfe2-9ef98c8318c0,2025-12-05,2026-01-04,1241.72,74.52,1316.24,Issued,SampleGen
INV-9fc07bd3-efa6-45df-b4a8-1d07269449d3,ID205618,CID-309,9fc07bd3-efa6-45df-b4a8-1d07269449d3,2025-12-13,2026-01-12,979.8,58.8,1038.6,Issued,SampleGen
INV-1bb13ece-5335-44c5-a272-143825b283e6,ID205619,CID-309,1bb13ece-5335-44c5-a272-143825b283e6,2026-01-17,2026-02-16,2311.82,138.72,2450.54,Issued,SampleGen
INV-ca0cdd7e-8210-402e-bb69-5b9e81c1ae23,ID205620,CID-309,ca0cdd7e-8210-402e-bb69-5b9e81c1ae23,2026-01-31,2026-03-02,2607.9,156.48,2764.38,Issued,SampleGen
INV-e21c38ef-cc2a-4657-be92-bc3139dc9e9a,ID205621,CID-309,e21c38ef-cc2a-4657-be92-bc3139dc9e9a,2026-02-04,2026-03-06,5079.76,304.8,5384.56,Issued,SampleGen
INV-bcd70d7c-00a4-427b-8cae-fec3e85d4730,ID205622,CID-309,bcd70d7c-00a4-427b-8cae-fec3e85d4730,2026-02-19,2026-03-21,1635.88,98.16,1734.04,Issued,SampleGen
INV-fc82c898-507a-4608-a8d1-9923744b31bd,ID205623,CID-309,fc82c898-507a-4608-a8d1-9923744b31bd,2026-03-14,2026-04-13,1679.74,100.8,1780.54,Issued,SampleGen
INV-5543742e-b68f-4549-8365-e8205c5d6dfb,ID205624,CID-309,5543742e-b68f-4549-8365-e8205c5d6dfb,2026-03-16,2026-04-15,411.88,24.72,436.6,Issued,SampleGen
INV-f98c9208-7122-4932-afea-9916ec34f296,ID205625,CID-309,f98c9208-7122-4932-afea-9916ec34f296,2026-04-29,2026-05-29,535.88,32.16,568.04,Issued,SampleGen
INV-6289bd9e-45b5-44ba-8d91-11fb27fefa5d,ID205626,CID-309,6289bd9e-45b5-44ba-8d91-11fb27fefa5d,2026-04-29,2026-05-29,2463.92,147.84,2611.76,Issued,SampleGen
INV-ead8b362-8aad-440f-9eb4-eb96ce7531ce,ID205627,CID-310,ead8b362-8aad-440f-9eb4-eb96ce7531ce,2025-01-20,2025-02-19,713.8,42.84,756.64,Issued,SampleGen
INV-e7e8884b-82b9-430c-9b2a-66a3979c43f9,ID205628,CID-310,e7e8884b-82b9-430c-9b2a-66a3979c43f9,2025-02-03,2025-03-05,4419.74,265.2,4684.94,Issued,SampleGen
INV-1f68bf61-f5bd-4a14-8265-d6a899c88915,ID205629,CID-310,1f68bf61-f5bd-4a14-8265-d6a899c88915,2025-04-09,2025-05-09,511.86,30.72,542.58,Issued,SampleGen
INV-e57aad6d-6540-472d-b304-f2da3cb96d78,ID205630,CID-310,e57aad6d-6540-472d-b304-f2da3cb96d78,2025-05-29,2025-06-28,2773.76,166.44,2940.2,Issued,SampleGen
INV-765cc858-f9b3-44d1-b8f5-1e05ae58f764,ID205631,CID-310,765cc858-f9b3-44d1-b8f5-1e05ae58f764,2025-07-13,2025-08-12,599.88,36.0,635.88,Issued,SampleGen
INV-c052875a-1900-4d90-842d-11e927831479,ID205632,CID-310,c052875a-1900-4d90-842d-11e927831479,2025-08-22,2025-09-21,2467.72,148.08,2615.8,Issued,SampleGen
INV-56528424-c5c5-4cf9-a5a7-91d2b8a30b37,ID205633,CID-310,56528424-c5c5-4cf9-a5a7-91d2b8a30b37,2025-10-30,2025-11-29,1145.78,68.76,1214.54,Issued,SampleGen
INV-87571f76-385b-484c-b950-4ce36a249512,ID205634,CID-310,87571f76-385b-484c-b950-4ce36a249512,2025-11-15,2025-12-15,3223.88,193.44,3417.32,Issued,SampleGen
INV-5bbd2283-433f-4b9e-81e1-5530f99c66bb,ID205635,CID-310,5bbd2283-433f-4b9e-81e1-5530f99c66bb,2025-12-23,2026-01-22,1927.86,115.68,2043.54,Issued,SampleGen
INV-53e0cc55-863e-4543-9d52-050f800e0046,ID205636,CID-310,53e0cc55-863e-4543-9d52-050f800e0046,2026-01-23,2026-02-22,3947.78,236.88,4184.66,Issued,SampleGen
INV-dcb68a2e-591e-49f2-a78f-59fa7369a986,ID205637,CID-310,dcb68a2e-591e-49f2-a78f-59fa7369a986,2026-02-12,2026-03-14,2623.8,157.44,2781.24,Issued,SampleGen
INV-97fd91e5-e17b-4c8e-8775-917cfc5cef11,ID205638,CID-310,97fd91e5-e17b-4c8e-8775-917cfc5cef11,2026-03-11,2026-04-10,3987.8,239.28,4227.08,Issued,SampleGen
INV-bfb53d61-a84a-4a7d-91cf-27a0447ffee3,ID205639,CID-310,bfb53d61-a84a-4a7d-91cf-27a0447ffee3,2026-04-13,2026-05-13,1579.78,94.8,1674.58,Issued,SampleGen
INV-b4a491d0-6938-4512-b571-dadc981cf12a,ID205640,CID-310,b4a491d0-6938-4512-b571-dadc981cf12a,2026-04-04,2026-05-04,1459.76,87.6,1547.36,Issued,SampleGen
INV-89c5cbe1-126c-421a-8f16-bfa2fd1232f9,ID205641,CID-311,89c5cbe1-126c-421a-8f16-bfa2fd1232f9,2025-04-05,2025-05-05,3193.8,191.64,3385.44,Issued,SampleGen
INV-2a8321a9-08ff-457e-a608-ad6db0f36609,ID205642,CID-311,2a8321a9-08ff-457e-a608-ad6db0f36609,2025-07-02,2025-08-01,619.9,37.2,657.1,Issued,SampleGen
INV-279d8f6a-f837-4a01-811e-df99301a7f2f,ID205643,CID-311,279d8f6a-f837-4a01-811e-df99301a7f2f,2025-09-27,2025-10-27,999.9,60.0,1059.9,Issued,SampleGen
INV-0e649f28-78b2-4ece-b2cf-5bf3cf3b81f4,ID205644,CID-311,0e649f28-78b2-4ece-b2cf-5bf3cf3b81f4,2025-10-16,2025-11-15,3283.82,197.04,3480.86,Issued,SampleGen
INV-812bdf84-44e3-4ea7-8982-7fdb8a2874a7,ID205645,CID-311,812bdf84-44e3-4ea7-8982-7fdb8a2874a7,2025-11-30,2025-12-30,1935.74,116.16,2051.9,Issued,SampleGen
INV-91b9b124-8fc6-46a3-a241-96a0ad56939d,ID205646,CID-311,91b9b124-8fc6-46a3-a241-96a0ad56939d,2025-12-23,2026-01-22,1387.7,83.28,1470.98,Issued,SampleGen
INV-a20e983e-f901-463c-8e9c-9fe967702b00,ID205647,CID-311,a20e983e-f901-463c-8e9c-9fe967702b00,2026-01-13,2026-02-12,777.78,46.68,824.46,Issued,SampleGen
INV-9ba723c6-73c7-4e42-9765-8be21a3a2daa,ID205648,CID-311,9ba723c6-73c7-4e42-9765-8be21a3a2daa,2026-02-14,2026-03-16,1359.8,81.6,1441.4,Issued,SampleGen
INV-3f02e263-23a9-4ad1-a4d0-6c65842b58a3,ID205649,CID-311,3f02e263-23a9-4ad1-a4d0-6c65842b58a3,2026-03-02,2026-04-01,2127.84,127.68,2255.52,Issued,SampleGen
INV-b1e960fc-f244-418a-8a12-9ad2f9bf21eb,ID205650,CID-311,b1e960fc-f244-418a-8a12-9ad2f9bf21eb,2026-04-11,2026-05-11,1383.68,83.04,1466.72,Issued,SampleGen
INV-24971ea1-b387-4cca-ac23-59d048d5c998,ID205651,CID-312,24971ea1-b387-4cca-ac23-59d048d5c998,2025-02-16,2025-03-18,957.9,57.48,1015.38,Issued,SampleGen
INV-0f256c2f-7298-4e18-882a-6d55defb4cd0,ID205652,CID-312,0f256c2f-7298-4e18-882a-6d55defb4cd0,2025-03-05,2025-04-04,493.86,29.64,523.5,Issued,SampleGen
INV-5e4b8539-ad7f-41b9-a2f1-17043f6b741e,ID205653,CID-312,5e4b8539-ad7f-41b9-a2f1-17043f6b741e,2025-04-29,2025-05-29,2985.78,179.16,3164.94,Issued,SampleGen
INV-b08e8bef-795f-4bb4-9ead-9176876c60db,ID205654,CID-312,b08e8bef-795f-4bb4-9ead-9176876c60db,2025-05-25,2025-06-24,703.84,42.24,746.08,Issued,SampleGen
INV-ec0e7e12-f09c-439d-960e-4a41ad5f08ef,ID205655,CID-312,ec0e7e12-f09c-439d-960e-4a41ad5f08ef,2025-06-12,2025-07-12,5111.88,306.72,5418.6,Issued,SampleGen
INV-91b3f16a-048a-4046-9f1e-d699eaed97a0,ID205656,CID-312,91b3f16a-048a-4046-9f1e-d699eaed97a0,2025-07-22,2025-08-21,1047.8,62.88,1110.68,Issued,SampleGen
INV-2e929b68-42ef-45d0-86f4-7c3d0e07d53c,ID205657,CID-312,2e929b68-42ef-45d0-86f4-7c3d0e07d53c,2025-09-14,2025-10-14,951.7,57.12,1008.82,Issued,SampleGen
INV-ed5a932d-e22d-4418-ab2a-fbbdefc6e050,ID205658,CID-312,ed5a932d-e22d-4418-ab2a-fbbdefc6e050,2025-10-11,2025-11-10,1503.72,90.24,1593.96,Issued,SampleGen
INV-ecc7b860-f9ef-4af8-a5bf-d3e87cfd42ff,ID205659,CID-312,ecc7b860-f9ef-4af8-a5bf-d3e87cfd42ff,2025-11-22,2025-12-22,771.86,46.32,818.18,Issued,SampleGen
INV-80163647-6a9e-4928-a93e-93029643d7b5,ID205660,CID-312,80163647-6a9e-4928-a93e-93029643d7b5,2025-12-26,2026-01-25,6507.78,390.48,6898.26,Issued,SampleGen
INV-ebfb5a75-de48-4c19-a055-be2b7f22cd88,ID205661,CID-312,ebfb5a75-de48-4c19-a055-be2b7f22cd88,2026-01-08,2026-02-07,1783.84,107.04,1890.88,Issued,SampleGen
INV-87a56710-870f-4976-a7ac-9c6c1b325332,ID205662,CID-312,87a56710-870f-4976-a7ac-9c6c1b325332,2026-02-11,2026-03-13,3567.88,214.08,3781.96,Issued,SampleGen
INV-96099b6f-a91d-49b7-8a5f-fef1cd8d283c,ID205663,CID-312,96099b6f-a91d-49b7-8a5f-fef1cd8d283c,2026-03-20,2026-04-19,4097.78,245.88,4343.66,Issued,SampleGen
INV-3ec1ccfc-0f0e-43b9-b8d4-9590f7b5713a,ID205664,CID-312,3ec1ccfc-0f0e-43b9-b8d4-9590f7b5713a,2026-03-17,2026-04-16,783.86,47.04,830.9,Issued,SampleGen
INV-bfdde5c1-3e5f-4090-a928-643b4436e76d,ID205665,CID-312,bfdde5c1-3e5f-4090-a928-643b4436e76d,2026-04-08,2026-05-08,3113.84,186.84,3300.68,Issued,SampleGen
INV-09e9f35b-058b-4983-ae21-a304f0538ec4,ID205666,CID-313,09e9f35b-058b-4983-ae21-a304f0538ec4,2025-01-14,2025-02-13,1039.74,62.4,1102.14,Issued,SampleGen
INV-f608b779-679d-4e62-ae1f-7ce222697258,ID205667,CID-313,f608b779-679d-4e62-ae1f-7ce222697258,2025-02-23,2025-03-25,2201.82,132.12,2333.94,Issued,SampleGen
INV-0315b368-c9a0-42c1-925d-28518c4615ef,ID205668,CID-313,0315b368-c9a0-42c1-925d-28518c4615ef,2025-03-08,2025-04-07,2719.78,163.2,2882.98,Issued,SampleGen
INV-eef449f6-6985-4ea0-a27e-59f96d8bf90e,ID205669,CID-313,eef449f6-6985-4ea0-a27e-59f96d8bf90e,2025-03-06,2025-04-05,607.76,36.48,644.24,Issued,SampleGen
INV-7567bec4-3e76-4882-992b-e392fd0a5c52,ID205670,CID-313,7567bec4-3e76-4882-992b-e392fd0a5c52,2025-04-25,2025-05-25,779.88,46.8,826.68,Issued,SampleGen
INV-a3f928df-d4fe-4eeb-8fff-f6c7e76f8d5b,ID205671,CID-313,a3f928df-d4fe-4eeb-8fff-f6c7e76f8d5b,2025-04-14,2025-05-14,355.9,21.36,377.26,Issued,SampleGen
INV-f88d63be-5278-4c72-ae91-2c58cf59619a,ID205672,CID-313,f88d63be-5278-4c72-ae91-2c58cf59619a,2025-05-02,2025-06-01,703.88,42.24,746.12,Issued,SampleGen
INV-48444bb8-e4a6-46df-93f5-5da44456c669,ID205673,CID-313,48444bb8-e4a6-46df-93f5-5da44456c669,2025-05-25,2025-06-24,1349.88,81.0,1430.88,Issued,SampleGen
INV-e6f2a50c-600e-4988-b525-2fe993d385a0,ID205674,CID-313,e6f2a50c-600e-4988-b525-2fe993d385a0,2025-06-28,2025-07-28,2641.78,158.52,2800.3,Issued,SampleGen
INV-cccb527e-a17c-4543-aa7c-1ecad4b51fe2,ID205675,CID-313,cccb527e-a17c-4543-aa7c-1ecad4b51fe2,2025-06-27,2025-07-27,4363.74,261.84,4625.58,Issued,SampleGen
INV-2f5e34de-cb4a-4f69-bf92-affb9f5f6dc0,ID205676,CID-313,2f5e34de-cb4a-4f69-bf92-affb9f5f6dc0,2025-07-31,2025-08-30,1819.92,109.2,1929.12,Issued,SampleGen
INV-91087de2-8dc3-425b-b737-4b69d64d4960,ID205677,CID-313,91087de2-8dc3-425b-b737-4b69d64d4960,2025-07-19,2025-08-18,2199.76,132.0,2331.76,Issued,SampleGen
INV-2307b870-edfa-4858-9310-c6254816527d,ID205678,CID-313,2307b870-edfa-4858-9310-c6254816527d,2025-07-25,2025-08-24,1323.76,79.44,1403.2,Issued,SampleGen
INV-e6e4dcb8-616e-4201-abcd-784262ca969b,ID205679,CID-313,e6e4dcb8-616e-4201-abcd-784262ca969b,2025-08-20,2025-09-19,527.88,31.68,559.56,Issued,SampleGen
INV-c0786817-c909-438e-aa5f-011ddd2ffb54,ID205680,CID-313,c0786817-c909-438e-aa5f-011ddd2ffb54,2025-08-05,2025-09-04,2297.76,137.88,2435.64,Issued,SampleGen
INV-e8edcbb5-2d23-4986-ab0f-e705bd99bc0d,ID205681,CID-313,e8edcbb5-2d23-4986-ab0f-e705bd99bc0d,2025-09-01,2025-10-01,411.84,24.72,436.56,Issued,SampleGen
INV-619f3d86-5d9c-4987-b710-2977b4645bdd,ID205682,CID-313,619f3d86-5d9c-4987-b710-2977b4645bdd,2025-09-22,2025-10-22,3521.76,211.32,3733.08,Issued,SampleGen
INV-252a1dd7-a0fc-4229-bd0e-ef8005791bac,ID205683,CID-313,252a1dd7-a0fc-4229-bd0e-ef8005791bac,2025-09-23,2025-10-23,3591.88,215.52,3807.4,Issued,SampleGen
INV-961be01c-08f2-4ca1-afc0-cf769cd4bdf4,ID205684,CID-313,961be01c-08f2-4ca1-afc0-cf769cd4bdf4,2025-09-27,2025-10-27,2623.88,157.44,2781.32,Issued,SampleGen
INV-55105099-80f1-43ad-b398-aec0e49d2643,ID205685,CID-313,55105099-80f1-43ad-b398-aec0e49d2643,2025-10-25,2025-11-24,4795.78,287.76,5083.54,Issued,SampleGen
INV-dd8bd775-9273-4dcc-b91b-42aacdb9b15d,ID205686,CID-313,dd8bd775-9273-4dcc-b91b-42aacdb9b15d,2025-10-16,2025-11-15,3567.84,214.08,3781.92,Issued,SampleGen
INV-e3ae4d07-624c-4883-95e7-9c6969a396aa,ID205687,CID-313,e3ae4d07-624c-4883-95e7-9c6969a396aa,2025-10-29,2025-11-28,6631.8,397.92,7029.72,Issued,SampleGen
INV-85759346-4051-472e-9ea5-642fec677b69,ID205688,CID-313,85759346-4051-472e-9ea5-642fec677b69,2025-11-09,2025-12-09,3063.8,183.84,3247.64,Issued,SampleGen
INV-14423397-54f5-4a89-b375-ca33bd741ffc,ID205689,CID-313,14423397-54f5-4a89-b375-ca33bd741ffc,2025-12-01,2025-12-31,441.86,26.52,468.38,Issued,SampleGen
INV-19cb7f82-7169-4b29-ad82-6fd94c534711,ID205690,CID-313,19cb7f82-7169-4b29-ad82-6fd94c534711,2025-11-27,2025-12-27,3667.78,220.08,3887.86,Issued,SampleGen
INV-41756be4-a906-4eb5-a7f5-258022f2db22,ID205691,CID-313,41756be4-a906-4eb5-a7f5-258022f2db22,2025-12-31,2026-01-30,543.92,32.64,576.56,Issued,SampleGen
INV-a00fb44c-aab0-432e-a1d8-3f5501fd3d56,ID205692,CID-313,a00fb44c-aab0-432e-a1d8-3f5501fd3d56,2025-12-31,2026-01-30,1699.88,102.0,1801.88,Issued,SampleGen
INV-fac79fba-e57a-4b2f-a09f-aa49b17a3d1c,ID205693,CID-313,fac79fba-e57a-4b2f-a09f-aa49b17a3d1c,2025-12-25,2026-01-24,2353.78,141.24,2495.02,Issued,SampleGen
INV-5cf1c63f-d39b-43ba-819c-d6c20b1429f5,ID205694,CID-313,5cf1c63f-d39b-43ba-819c-d6c20b1429f5,2026-01-24,2026-02-23,1107.84,66.48,1174.32,Issued,SampleGen
INV-70975586-eb49-4dc3-b6fc-c932ac262d85,ID205695,CID-313,70975586-eb49-4dc3-b6fc-c932ac262d85,2026-01-14,2026-02-13,4157.74,249.48,4407.22,Issued,SampleGen
INV-97bd6d4b-4469-4a1c-b745-bf2d464068fb,ID205696,CID-313,97bd6d4b-4469-4a1c-b745-bf2d464068fb,2026-01-06,2026-02-05,7107.76,426.48,7534.24,Issued,SampleGen
INV-ec0e669c-740c-489d-ac89-f0864cec5146,ID205697,CID-313,ec0e669c-740c-489d-ac89-f0864cec5146,2026-02-15,2026-03-17,973.9,58.44,1032.34,Issued,SampleGen
INV-b82c397d-0ec2-4791-8b0c-05d4cc038349,ID205698,CID-313,b82c397d-0ec2-4791-8b0c-05d4cc038349,2026-02-21,2026-03-23,2031.78,121.92,2153.7,Issued,SampleGen
INV-8ddb5e86-e9ed-4f29-b560-2393e2b4bbe9,ID205699,CID-313,8ddb5e86-e9ed-4f29-b560-2393e2b4bbe9,2026-02-06,2026-03-08,1257.78,75.48,1333.26,Issued,SampleGen
INV-bd1a1345-9d7d-4590-b48c-eebaf243dafa,ID205700,CID-313,bd1a1345-9d7d-4590-b48c-eebaf243dafa,2026-02-18,2026-03-20,871.78,52.32,924.1,Issued,SampleGen
INV-59ce980b-df31-47d1-b42b-8346da91c584,ID205701,CID-313,59ce980b-df31-47d1-b42b-8346da91c584,2026-03-19,2026-04-18,323.92,19.44,343.36,Issued,SampleGen
INV-9e59b41f-4908-4d39-a5fa-7f3e19ef2510,ID205702,CID-313,9e59b41f-4908-4d39-a5fa-7f3e19ef2510,2026-03-03,2026-04-02,3039.82,182.4,3222.22,Issued,SampleGen
INV-0f32d12e-8e17-4ffc-9127-faac103654f1,ID205703,CID-313,0f32d12e-8e17-4ffc-9127-faac103654f1,2026-03-05,2026-04-04,1247.84,74.88,1322.72,Issued,SampleGen
INV-4070e219-de1f-4a29-909f-321aed6f3506,ID205704,CID-313,4070e219-de1f-4a29-909f-321aed6f3506,2026-03-02,2026-04-01,2567.72,154.08,2721.8,Issued,SampleGen
INV-b6fa8a91-611d-48b3-8ccc-ab6c5349ecd4,ID205705,CID-313,b6fa8a91-611d-48b3-8ccc-ab6c5349ecd4,2026-03-15,2026-04-14,907.86,54.48,962.34,Issued,SampleGen
INV-e754d697-a801-46c0-a458-1d946facce20,ID205706,CID-313,e754d697-a801-46c0-a458-1d946facce20,2026-04-27,2026-05-27,799.88,48.0,847.88,Issued,SampleGen
INV-89805528-beba-4af6-992d-2926c4382da6,ID205707,CID-313,89805528-beba-4af6-992d-2926c4382da6,2026-04-29,2026-05-29,1601.8,96.12,1697.92,Issued,SampleGen
INV-5f3108f5-13a0-4419-a527-c63320ac6750,ID205708,CID-313,5f3108f5-13a0-4419-a527-c63320ac6750,2026-04-25,2026-05-25,3003.82,180.24,3184.06,Issued,SampleGen
INV-005a9852-4819-41b9-be0e-85fecc2f2cd9,ID205709,CID-313,005a9852-4819-41b9-be0e-85fecc2f2cd9,2026-04-27,2026-05-27,3315.9,198.96,3514.86,Issued,SampleGen
INV-b75f8f6f-17f6-4652-8820-2e61ff953a72,ID205710,CID-314,b75f8f6f-17f6-4652-8820-2e61ff953a72,2025-02-11,2025-03-13,2137.8,128.28,2266.08,Issued,SampleGen
INV-c0378bde-2580-4aea-af70-11599dec20d6,ID205711,CID-314,c0378bde-2580-4aea-af70-11599dec20d6,2026-02-23,2026-03-25,3785.76,227.16,4012.92,Issued,SampleGen
INV-2ac42db9-0157-4196-b1be-1161ae74fa36,ID205712,CID-315,2ac42db9-0157-4196-b1be-1161ae74fa36,2025-01-26,2025-02-25,2963.74,177.84,3141.58,Issued,SampleGen
INV-70d042c4-6452-498a-bc68-383aec21c8b2,ID205713,CID-315,70d042c4-6452-498a-bc68-383aec21c8b2,2025-02-08,2025-03-10,1079.88,64.8,1144.68,Issued,SampleGen
INV-46fa6674-621f-4ca2-8ecd-1ece227cf68c,ID205714,CID-315,46fa6674-621f-4ca2-8ecd-1ece227cf68c,2025-04-21,2025-05-21,407.88,24.48,432.36,Issued,SampleGen
INV-8b065671-f204-41ef-8839-99d3c33a6c45,ID205715,CID-315,8b065671-f204-41ef-8839-99d3c33a6c45,2025-05-13,2025-06-12,2607.9,156.48,2764.38,Issued,SampleGen
INV-6ad35806-dac8-4c64-a93c-5143d906e1b0,ID205716,CID-315,6ad35806-dac8-4c64-a93c-5143d906e1b0,2025-06-15,2025-07-15,4131.82,247.92,4379.74,Issued,SampleGen
INV-d569cdbd-9758-40cd-b0ce-d74cf3eaae7c,ID205717,CID-315,d569cdbd-9758-40cd-b0ce-d74cf3eaae7c,2025-07-10,2025-08-09,4423.72,265.44,4689.16,Issued,SampleGen
INV-8754b530-921a-4edc-b29f-60613c3113a5,ID205718,CID-315,8754b530-921a-4edc-b29f-60613c3113a5,2025-08-08,2025-09-07,2509.7,150.6,2660.3,Issued,SampleGen
INV-37f97260-5e3c-4ea0-9303-c183d449b5f6,ID205719,CID-315,37f97260-5e3c-4ea0-9303-c183d449b5f6,2025-09-13,2025-10-13,751.86,45.12,796.98,Issued,SampleGen
INV-35ca5885-f465-4ace-909a-e61fc7e98270,ID205720,CID-315,35ca5885-f465-4ace-909a-e61fc7e98270,2025-11-01,2025-12-01,1329.78,79.8,1409.58,Issued,SampleGen
INV-397cd2da-0d60-485a-9c82-86f55c5677e0,ID205721,CID-315,397cd2da-0d60-485a-9c82-86f55c5677e0,2025-11-30,2025-12-30,1079.8,64.8,1144.6,Issued,SampleGen
INV-a607efc5-98d4-4221-b49f-9c0aaf3f7518,ID205722,CID-315,a607efc5-98d4-4221-b49f-9c0aaf3f7518,2025-12-25,2026-01-24,1957.7,117.48,2075.18,Issued,SampleGen
INV-92809281-7ca2-4b32-902f-686ca5746c5c,ID205723,CID-315,92809281-7ca2-4b32-902f-686ca5746c5c,2026-01-19,2026-02-18,947.88,56.88,1004.76,Issued,SampleGen
INV-703b9e40-ba79-4538-b4cc-8d8ed1e44972,ID205724,CID-315,703b9e40-ba79-4538-b4cc-8d8ed1e44972,2026-02-07,2026-03-09,2967.86,178.08,3145.94,Issued,SampleGen
INV-c6476529-b806-43cb-b8b4-bb5eab1e96ec,ID205725,CID-315,c6476529-b806-43cb-b8b4-bb5eab1e96ec,2026-03-19,2026-04-18,3947.86,236.88,4184.74,Issued,SampleGen
INV-e4bd9d17-56eb-4bd2-84fb-610fa8d5fde9,ID205726,CID-315,e4bd9d17-56eb-4bd2-84fb-610fa8d5fde9,2026-04-26,2026-05-26,1521.74,91.32,1613.06,Issued,SampleGen
INV-ec647c14-7140-4c67-98eb-3406d99362f7,ID205727,CID-315,ec647c14-7140-4c67-98eb-3406d99362f7,2026-04-03,2026-05-03,1809.86,108.6,1918.46,Issued,SampleGen
INV-9267b09b-5920-4741-840a-4557b96a820a,ID205728,CID-316,9267b09b-5920-4741-840a-4557b96a820a,2025-01-02,2025-02-01,1899.9,114.0,2013.9,Issued,SampleGen
INV-4c9477ab-6e7d-4507-a431-70dfc27da9a8,ID205729,CID-316,4c9477ab-6e7d-4507-a431-70dfc27da9a8,2025-02-24,2025-03-26,1635.88,98.16,1734.04,Issued,SampleGen
INV-9b0af68c-52d4-49c8-9c2b-c75ef31a3f6f,ID205730,CID-316,9b0af68c-52d4-49c8-9c2b-c75ef31a3f6f,2025-04-20,2025-05-20,6863.76,411.84,7275.6,Issued,SampleGen
INV-524cda13-2f3b-43ef-9762-1498a7e52010,ID205731,CID-316,524cda13-2f3b-43ef-9762-1498a7e52010,2025-05-07,2025-06-06,699.82,42.0,741.82,Issued,SampleGen
INV-1d5cce53-55dc-438e-8804-8c32d392b4bd,ID205732,CID-316,1d5cce53-55dc-438e-8804-8c32d392b4bd,2025-06-05,2025-07-05,3359.76,201.6,3561.36,Issued,SampleGen
INV-6b20dec3-1fa9-4e91-a5e0-91cb93428c9b,ID205733,CID-316,6b20dec3-1fa9-4e91-a5e0-91cb93428c9b,2025-07-27,2025-08-26,5331.72,319.92,5651.64,Issued,SampleGen
INV-73256056-944d-4075-ae54-fcd6764f6880,ID205734,CID-316,73256056-944d-4075-ae54-fcd6764f6880,2025-08-05,2025-09-04,4547.86,272.88,4820.74,Issued,SampleGen
INV-79b5fdf4-87e9-4ed0-b92c-ea1672cd9468,ID205735,CID-316,79b5fdf4-87e9-4ed0-b92c-ea1672cd9468,2025-08-06,2025-09-05,4055.8,243.36,4299.16,Issued,SampleGen
INV-a14bca92-cc4a-4265-97d0-3532335ad2dd,ID205736,CID-316,a14bca92-cc4a-4265-97d0-3532335ad2dd,2025-09-18,2025-10-18,445.86,26.76,472.62,Issued,SampleGen
INV-26544efd-8ae2-4f97-bac8-3c9186969837,ID205737,CID-316,26544efd-8ae2-4f97-bac8-3c9186969837,2025-09-06,2025-10-06,2403.76,144.24,2548.0,Issued,SampleGen
INV-f9a0045e-7eef-45b7-b876-d89749a49a23,ID205738,CID-316,f9a0045e-7eef-45b7-b876-d89749a49a23,2025-10-10,2025-11-09,3155.78,189.36,3345.14,Issued,SampleGen
INV-75488746-fb48-4183-abad-610d1d4183f0,ID205739,CID-316,75488746-fb48-4183-abad-610d1d4183f0,2025-11-12,2025-12-12,315.88,18.96,334.84,Issued,SampleGen
INV-9a027123-4f0f-4b6c-a6b8-0ea1f6a9ea6f,ID205740,CID-316,9a027123-4f0f-4b6c-a6b8-0ea1f6a9ea6f,2025-12-16,2026-01-15,471.84,28.32,500.16,Issued,SampleGen
INV-b5a776de-4230-45ca-9dc3-5f0045729c0a,ID205741,CID-316,b5a776de-4230-45ca-9dc3-5f0045729c0a,2025-12-30,2026-01-29,4303.78,258.24,4562.02,Issued,SampleGen
INV-6a8e9a62-5fd5-4783-8702-cf6c67ce297d,ID205742,CID-316,6a8e9a62-5fd5-4783-8702-cf6c67ce297d,2026-01-24,2026-02-23,3767.88,226.08,3993.96,Issued,SampleGen
INV-67438a33-d83c-4798-a610-bf1121ef54a2,ID205743,CID-316,67438a33-d83c-4798-a610-bf1121ef54a2,2026-01-20,2026-02-19,967.8,58.08,1025.88,Issued,SampleGen
INV-03373bf1-45c7-43ca-9f92-b1f9110dda8c,ID205744,CID-316,03373bf1-45c7-43ca-9f92-b1f9110dda8c,2026-02-16,2026-03-18,309.86,18.6,328.46,Issued,SampleGen
INV-d4cafe6e-4280-4094-af48-1ac11e4716a8,ID205745,CID-316,d4cafe6e-4280-4094-af48-1ac11e4716a8,2026-02-08,2026-03-10,1339.86,80.4,1420.26,Issued,SampleGen
INV-55c63b56-b5bb-4544-94fa-52f76d81942d,ID205746,CID-316,55c63b56-b5bb-4544-94fa-52f76d81942d,2026-03-05,2026-04-04,769.78,46.2,815.98,Issued,SampleGen
INV-ca69db3b-65e3-438d-87cf-6c2ddfcfcb02,ID205747,CID-316,ca69db3b-65e3-438d-87cf-6c2ddfcfcb02,2026-03-09,2026-04-08,945.78,56.76,1002.54,Issued,SampleGen
INV-2da32995-863d-43d5-aace-88d3458129b8,ID205748,CID-316,2da32995-863d-43d5-aace-88d3458129b8,2026-04-05,2026-05-05,569.9,34.2,604.1,Issued,SampleGen
INV-9510a962-5acf-442d-b5fa-c209a2d902be,ID205749,CID-316,9510a962-5acf-442d-b5fa-c209a2d902be,2026-04-26,2026-05-26,2135.74,128.16,2263.9,Issued,SampleGen
INV-173448fb-4fe4-4ec4-9549-d09e7327bf59,ID205750,CID-317,173448fb-4fe4-4ec4-9549-d09e7327bf59,2025-01-04,2025-02-03,329.9,19.8,349.7,Issued,SampleGen
INV-bfc8f22c-7f40-4757-b7dc-107e1af2fd55,ID205751,CID-317,bfc8f22c-7f40-4757-b7dc-107e1af2fd55,2025-02-27,2025-03-29,843.84,50.64,894.48,Issued,SampleGen
INV-c40270aa-7a5a-476b-909c-7f288c8d4ef8,ID205752,CID-317,c40270aa-7a5a-476b-909c-7f288c8d4ef8,2025-04-06,2025-05-06,2519.84,151.2,2671.04,Issued,SampleGen
INV-07580c77-33b7-486a-a39a-b43da309d31a,ID205753,CID-317,07580c77-33b7-486a-a39a-b43da309d31a,2025-05-06,2025-06-05,3041.76,182.52,3224.28,Issued,SampleGen
INV-cde39c67-78ab-4a51-8c64-6f7c52b5d1e1,ID205754,CID-317,cde39c67-78ab-4a51-8c64-6f7c52b5d1e1,2025-06-04,2025-07-04,527.84,31.68,559.52,Issued,SampleGen
INV-344f30d6-c142-4346-a03e-56f0dd03f0eb,ID205755,CID-317,344f30d6-c142-4346-a03e-56f0dd03f0eb,2025-08-23,2025-09-22,3507.88,210.48,3718.36,Issued,SampleGen
INV-1b20af11-6b0f-42d7-9e67-958c4f6d1b82,ID205756,CID-317,1b20af11-6b0f-42d7-9e67-958c4f6d1b82,2025-10-29,2025-11-28,1783.92,107.04,1890.96,Issued,SampleGen
INV-13171d5d-de65-4ba7-b335-4296b7574e18,ID205757,CID-317,13171d5d-de65-4ba7-b335-4296b7574e18,2025-11-02,2025-12-02,2959.8,177.6,3137.4,Issued,SampleGen
INV-90dd0982-40af-4b67-a962-901b4bfd881e,ID205758,CID-317,90dd0982-40af-4b67-a962-901b4bfd881e,2025-12-02,2026-01-01,5227.84,313.68,5541.52,Issued,SampleGen
INV-9043e3af-3a1b-46a8-b23d-2b4dd1e80136,ID205759,CID-317,9043e3af-3a1b-46a8-b23d-2b4dd1e80136,2026-01-14,2026-02-13,4223.74,253.44,4477.18,Issued,SampleGen
INV-c9d49333-a1f3-428b-833d-5de3eb91a659,ID205760,CID-317,c9d49333-a1f3-428b-833d-5de3eb91a659,2026-02-21,2026-03-23,1791.88,107.52,1899.4,Issued,SampleGen
INV-4d35b125-14c3-4c65-a008-11b3679463d0,ID205761,CID-317,4d35b125-14c3-4c65-a008-11b3679463d0,2026-03-25,2026-04-24,699.9,42.0,741.9,Issued,SampleGen
INV-9ea0ffa2-3ede-4c83-8e31-5bf388b431f4,ID205762,CID-317,9ea0ffa2-3ede-4c83-8e31-5bf388b431f4,2026-04-23,2026-05-23,437.88,26.28,464.16,Issued,SampleGen
INV-76f0695a-370b-44d1-bd71-b490007dc073,ID205763,CID-318,76f0695a-370b-44d1-bd71-b490007dc073,2025-01-18,2025-02-17,1119.92,67.2,1187.12,Issued,SampleGen
INV-46bc922b-0fb9-41bf-85c7-4e9130a1fb70,ID205764,CID-318,46bc922b-0fb9-41bf-85c7-4e9130a1fb70,2025-03-19,2025-04-18,2071.88,124.32,2196.2,Issued,SampleGen
INV-c49f5ac9-58fc-4430-bad0-1f811e203c2a,ID205765,CID-318,c49f5ac9-58fc-4430-bad0-1f811e203c2a,2025-05-25,2025-06-24,2775.82,166.56,2942.38,Issued,SampleGen
INV-1d0f6816-0fe0-4ee1-b92e-899e58431453,ID205766,CID-318,1d0f6816-0fe0-4ee1-b92e-899e58431453,2025-06-25,2025-07-25,559.88,33.6,593.48,Issued,SampleGen
INV-c7796faf-f8e4-4a97-9e2b-666ee3036f21,ID205767,CID-318,c7796faf-f8e4-4a97-9e2b-666ee3036f21,2025-09-01,2025-10-01,589.8,35.4,625.2,Issued,SampleGen
INV-16d49337-746c-4a48-b52c-e6325f07cd7a,ID205768,CID-318,16d49337-746c-4a48-b52c-e6325f07cd7a,2025-09-16,2025-10-16,2063.84,123.84,2187.68,Issued,SampleGen
INV-f44f785e-f794-488c-b328-91dc7b8bdb04,ID205769,CID-318,f44f785e-f794-488c-b328-91dc7b8bdb04,2025-10-07,2025-11-06,2279.88,136.8,2416.68,Issued,SampleGen
INV-540b3bb6-e8ad-4a04-bb4f-1276b0ebc82d,ID205770,CID-318,540b3bb6-e8ad-4a04-bb4f-1276b0ebc82d,2025-11-17,2025-12-17,893.78,53.64,947.42,Issued,SampleGen
INV-687ca277-3acb-4908-95b7-812a88751d27,ID205771,CID-318,687ca277-3acb-4908-95b7-812a88751d27,2025-12-08,2026-01-07,2787.86,167.28,2955.14,Issued,SampleGen
INV-f03e8b06-9095-4953-9c7d-46b39d7c7402,ID205772,CID-318,f03e8b06-9095-4953-9c7d-46b39d7c7402,2026-01-12,2026-02-11,4311.8,258.72,4570.52,Issued,SampleGen
INV-94912599-de43-4fa4-b7af-f88c87044113,ID205773,CID-318,94912599-de43-4fa4-b7af-f88c87044113,2026-02-15,2026-03-17,3107.82,186.48,3294.3,Issued,SampleGen
INV-b636d2e3-da0b-42cf-88c3-dadd51a26e1d,ID205774,CID-318,b636d2e3-da0b-42cf-88c3-dadd51a26e1d,2026-03-02,2026-04-01,565.84,33.96,599.8,Issued,SampleGen
INV-923b7d7d-86dc-4aeb-8c5f-8d987e45614f,ID205775,CID-318,923b7d7d-86dc-4aeb-8c5f-8d987e45614f,2026-04-26,2026-05-26,2023.88,121.44,2145.32,Issued,SampleGen
INV-67c335e0-dd8a-407f-a61f-255856c677c8,ID205776,CID-319,67c335e0-dd8a-407f-a61f-255856c677c8,2025-01-30,2025-03-01,3651.74,219.12,3870.86,Issued,SampleGen
INV-e0e0c30f-a8da-4959-b353-5c862f64cedc,ID205777,CID-319,e0e0c30f-a8da-4959-b353-5c862f64cedc,2025-05-10,2025-06-09,397.86,23.88,421.74,Issued,SampleGen
INV-1bab2323-9ae2-4e23-807a-afd4b7285a58,ID205778,CID-319,1bab2323-9ae2-4e23-807a-afd4b7285a58,2025-06-15,2025-07-15,2047.8,122.88,2170.68,Issued,SampleGen
INV-84850e59-0418-4e1f-ac45-9926bb5925ce,ID205779,CID-319,84850e59-0418-4e1f-ac45-9926bb5925ce,2025-07-28,2025-08-27,2183.78,131.04,2314.82,Issued,SampleGen
INV-1b68d243-a17f-45d3-9663-b203879dbc0f,ID205780,CID-319,1b68d243-a17f-45d3-9663-b203879dbc0f,2025-08-20,2025-09-19,1069.86,64.2,1134.06,Issued,SampleGen
INV-b0969c0c-349d-4fad-bea9-380a637b365c,ID205781,CID-319,b0969c0c-349d-4fad-bea9-380a637b365c,2025-09-20,2025-10-20,5383.76,323.04,5706.8,Issued,SampleGen
INV-1a5bbd63-7f9b-45a0-a09e-96ab04116e88,ID205782,CID-319,1a5bbd63-7f9b-45a0-a09e-96ab04116e88,2025-10-25,2025-11-24,3675.74,220.56,3896.3,Issued,SampleGen
INV-d7c1975d-a2e5-4992-b263-644a6c716c2f,ID205783,CID-319,d7c1975d-a2e5-4992-b263-644a6c716c2f,2025-11-23,2025-12-23,3163.8,189.84,3353.64,Issued,SampleGen
INV-9a0a0b66-4295-4cf1-9fd1-67efa82c9396,ID205784,CID-319,9a0a0b66-4295-4cf1-9fd1-67efa82c9396,2025-12-21,2026-01-20,2159.78,129.6,2289.38,Issued,SampleGen
INV-b72ddacb-ac8e-45a4-9843-b45f9a76561c,ID205785,CID-319,b72ddacb-ac8e-45a4-9843-b45f9a76561c,2026-01-22,2026-02-21,1203.8,72.24,1276.04,Issued,SampleGen
INV-511508f6-c243-417d-9b15-83ff4aed149b,ID205786,CID-319,511508f6-c243-417d-9b15-83ff4aed149b,2026-02-12,2026-03-14,1031.76,61.92,1093.68,Issued,SampleGen
INV-14158952-c50a-4820-8915-af3f6e8b1de3,ID205787,CID-319,14158952-c50a-4820-8915-af3f6e8b1de3,2026-03-10,2026-04-09,1493.74,89.64,1583.38,Issued,SampleGen
INV-105eca35-ca2a-4289-a66e-0fa2b26f6593,ID205788,CID-319,105eca35-ca2a-4289-a66e-0fa2b26f6593,2026-04-21,2026-05-21,1289.8,77.4,1367.2,Issued,SampleGen
INV-7cc6442b-3769-436d-abe8-5586b1ee7c06,ID205789,CID-320,7cc6442b-3769-436d-abe8-5586b1ee7c06,2025-04-08,2025-05-08,269.88,16.2,286.08,Issued,SampleGen
INV-b6ae79b4-05fe-49fa-8f9f-cf2b34573db9,ID205790,CID-320,b6ae79b4-05fe-49fa-8f9f-cf2b34573db9,2025-05-07,2025-06-06,599.84,36.0,635.84,Issued,SampleGen
INV-d98d1da3-ade6-4494-a139-c687f66f8e22,ID205791,CID-320,d98d1da3-ade6-4494-a139-c687f66f8e22,2025-06-02,2025-07-02,1501.7,90.12,1591.82,Issued,SampleGen
INV-b6d30300-24c9-467f-b624-b2bdd8c0ec6a,ID205792,CID-320,b6d30300-24c9-467f-b624-b2bdd8c0ec6a,2025-07-03,2025-08-02,997.9,59.88,1057.78,Issued,SampleGen
INV-dc0a1da5-953d-47ef-bc50-a2dbe01978e9,ID205793,CID-320,dc0a1da5-953d-47ef-bc50-a2dbe01978e9,2025-08-07,2025-09-06,831.84,49.92,881.76,Issued,SampleGen
INV-6618f47c-a3e8-4d4d-9718-54ec5629bae1,ID205794,CID-320,6618f47c-a3e8-4d4d-9718-54ec5629bae1,2025-09-11,2025-10-11,2135.88,128.16,2264.04,Issued,SampleGen
INV-a89f4f82-991d-4a79-bd33-dbed8fe29af4,ID205795,CID-320,a89f4f82-991d-4a79-bd33-dbed8fe29af4,2025-10-28,2025-11-27,815.88,48.96,864.84,Issued,SampleGen
INV-4940f233-ce66-492e-bc67-5093a4dd3bed,ID205796,CID-320,4940f233-ce66-492e-bc67-5093a4dd3bed,2025-11-15,2025-12-15,3081.76,184.92,3266.68,Issued,SampleGen
INV-26b9c79a-4fe5-4f88-a4ae-003c85128519,ID205797,CID-320,26b9c79a-4fe5-4f88-a4ae-003c85128519,2025-12-19,2026-01-18,931.82,55.92,987.74,Issued,SampleGen
INV-10756a25-5baa-41b6-8e01-cbec8b871728,ID205798,CID-320,10756a25-5baa-41b6-8e01-cbec8b871728,2026-01-14,2026-02-13,937.78,56.28,994.06,Issued,SampleGen
INV-f265b5a1-b400-4dab-b4f5-ae83845f1db0,ID205799,CID-320,f265b5a1-b400-4dab-b4f5-ae83845f1db0,2026-03-01,2026-03-31,1173.82,70.44,1244.26,Issued,SampleGen
INV-848a1e63-4dcf-4518-94a7-11fc72b4d40a,ID205800,CID-320,848a1e63-4dcf-4518-94a7-11fc72b4d40a,2026-03-17,2026-04-16,1683.76,101.04,1784.8,Issued,SampleGen
INV-be14075f-ce38-4506-8567-b5eb2d643f58,ID205801,CID-320,be14075f-ce38-4506-8567-b5eb2d643f58,2026-04-10,2026-05-10,1263.84,75.84,1339.68,Issued,SampleGen
INV-548c46bc-3a2d-4080-918d-a70698568d64,ID205802,CID-320,548c46bc-3a2d-4080-918d-a70698568d64,2026-04-03,2026-05-03,473.86,28.44,502.3,Issued,SampleGen
INV-577a4362-d63f-4629-a97c-3321af70faa5,ID205803,CID-321,577a4362-d63f-4629-a97c-3321af70faa5,2025-02-11,2025-03-13,3487.78,209.28,3697.06,Issued,SampleGen
INV-70c2aa8b-8a32-455d-8156-6f3175d71c65,ID205804,CID-321,70c2aa8b-8a32-455d-8156-6f3175d71c65,2025-03-25,2025-04-24,2483.82,149.04,2632.86,Issued,SampleGen
INV-a72142b7-bb6c-4077-88fa-2c6b734dea06,ID205805,CID-321,a72142b7-bb6c-4077-88fa-2c6b734dea06,2025-08-17,2025-09-16,1015.8,60.96,1076.76,Issued,SampleGen
INV-7b25d55b-0967-4e3b-b35f-d3ce612537fb,ID205806,CID-321,7b25d55b-0967-4e3b-b35f-d3ce612537fb,2025-10-16,2025-11-15,3039.84,182.4,3222.24,Issued,SampleGen
INV-41c5d9e1-525e-4e7b-a87e-87ce83e69d98,ID205807,CID-321,41c5d9e1-525e-4e7b-a87e-87ce83e69d98,2025-11-08,2025-12-08,1135.8,68.16,1203.96,Issued,SampleGen
INV-b9c0c26b-f994-4762-b135-372f4dec094f,ID205808,CID-321,b9c0c26b-f994-4762-b135-372f4dec094f,2025-12-07,2026-01-06,1297.78,77.88,1375.66,Issued,SampleGen
INV-08b39139-60b6-4043-b4c2-647a168c0968,ID205809,CID-321,08b39139-60b6-4043-b4c2-647a168c0968,2026-01-05,2026-02-04,767.86,46.08,813.94,Issued,SampleGen
INV-45ee513e-e11d-40d9-bde4-89dbb74d2767,ID205810,CID-321,45ee513e-e11d-40d9-bde4-89dbb74d2767,2026-04-27,2026-05-27,1043.84,62.64,1106.48,Issued,SampleGen
INV-33ae66c2-9370-4e1b-9313-8472df2a605a,ID205811,CID-322,33ae66c2-9370-4e1b-9313-8472df2a605a,2025-01-22,2025-02-21,1179.82,70.8,1250.62,Issued,SampleGen
INV-9e3f7a60-ee0b-45c9-adc7-4accee703fcd,ID205812,CID-322,9e3f7a60-ee0b-45c9-adc7-4accee703fcd,2025-02-13,2025-03-15,2235.74,134.16,2369.9,Issued,SampleGen
INV-3a584ad2-f05d-4c26-ac96-22cbb946d1c9,ID205813,CID-322,3a584ad2-f05d-4c26-ac96-22cbb946d1c9,2025-03-06,2025-04-05,2753.88,165.24,2919.12,Issued,SampleGen
INV-3080ecdb-271c-439c-98f3-1b76e4b976df,ID205814,CID-322,3080ecdb-271c-439c-98f3-1b76e4b976df,2025-04-20,2025-05-20,1147.74,68.88,1216.62,Issued,SampleGen
INV-a650a084-dc5f-46ad-b576-03b66f73b12b,ID205815,CID-322,a650a084-dc5f-46ad-b576-03b66f73b12b,2025-04-27,2025-05-27,343.92,20.64,364.56,Issued,SampleGen
INV-516e5488-4cad-4b35-b013-27b10505d347,ID205816,CID-322,516e5488-4cad-4b35-b013-27b10505d347,2025-05-17,2025-06-16,2821.74,169.32,2991.06,Issued,SampleGen
INV-29815c48-6f0f-4936-852c-a22b3f5da02f,ID205817,CID-322,29815c48-6f0f-4936-852c-a22b3f5da02f,2025-05-21,2025-06-20,963.76,57.84,1021.6,Issued,SampleGen
INV-30be124b-a5b6-4777-ac3b-e09a4a4b05e1,ID205818,CID-322,30be124b-a5b6-4777-ac3b-e09a4a4b05e1,2025-07-01,2025-07-31,659.88,39.6,699.48,Issued,SampleGen
INV-ce7b9b65-12a6-4711-900a-1bb8b3d58587,ID205819,CID-322,ce7b9b65-12a6-4711-900a-1bb8b3d58587,2025-06-10,2025-07-10,1191.8,71.52,1263.32,Issued,SampleGen
INV-ec657c84-fd68-42e6-8da1-8b4f1d9b5d94,ID205820,CID-322,ec657c84-fd68-42e6-8da1-8b4f1d9b5d94,2025-07-14,2025-08-13,3255.8,195.36,3451.16,Issued,SampleGen
INV-b2cd2c7c-034c-4d92-8a94-faa77140c8e6,ID205821,CID-322,b2cd2c7c-034c-4d92-8a94-faa77140c8e6,2025-07-16,2025-08-15,487.86,29.28,517.14,Issued,SampleGen
INV-e079cfcd-75cc-4086-b0ac-a92c52ed04f6,ID205822,CID-322,e079cfcd-75cc-4086-b0ac-a92c52ed04f6,2025-08-20,2025-09-19,3123.8,187.44,3311.24,Issued,SampleGen
INV-01428e6d-2d4a-4ded-af0c-c69ba92c4511,ID205823,CID-322,01428e6d-2d4a-4ded-af0c-c69ba92c4511,2025-09-15,2025-10-15,1119.76,67.2,1186.96,Issued,SampleGen
INV-4540887a-9e15-442d-9527-3cdf6a744399,ID205824,CID-322,4540887a-9e15-442d-9527-3cdf6a744399,2025-09-03,2025-10-03,1061.8,63.72,1125.52,Issued,SampleGen
INV-b36d84bb-2dad-4538-b89c-c023f9f781fa,ID205825,CID-322,b36d84bb-2dad-4538-b89c-c023f9f781fa,2025-10-08,2025-11-07,519.84,31.2,551.04,Issued,SampleGen
INV-2e5f41a5-3b58-4acc-ad9a-b9a7b61ef347,ID205826,CID-322,2e5f41a5-3b58-4acc-ad9a-b9a7b61ef347,2025-10-13,2025-11-12,529.86,31.8,561.66,Issued,SampleGen
INV-24efba3e-440c-492b-b779-11964e1e0446,ID205827,CID-322,24efba3e-440c-492b-b779-11964e1e0446,2025-11-18,2025-12-18,597.86,35.88,633.74,Issued,SampleGen
INV-78dca414-cfcb-4b8e-a290-77605d3696d0,ID205828,CID-322,78dca414-cfcb-4b8e-a290-77605d3696d0,2025-11-24,2025-12-24,3047.84,182.88,3230.72,Issued,SampleGen
INV-76f83e75-9865-4f5b-a99b-86a26eeebbe5,ID205829,CID-322,76f83e75-9865-4f5b-a99b-86a26eeebbe5,2025-12-10,2026-01-09,2409.8,144.6,2554.4,Issued,SampleGen
INV-b366df3e-0b39-457b-abb8-1428ab1d78a6,ID205830,CID-322,b366df3e-0b39-457b-abb8-1428ab1d78a6,2025-12-04,2026-01-03,551.88,33.12,585.0,Issued,SampleGen
INV-921e53bc-8711-452f-af93-ef211c403e71,ID205831,CID-322,921e53bc-8711-452f-af93-ef211c403e71,2026-01-18,2026-02-17,891.82,53.52,945.34,Issued,SampleGen
INV-a6e09414-72be-4fe1-a22d-145d2ca79a5b,ID205832,CID-322,a6e09414-72be-4fe1-a22d-145d2ca79a5b,2026-01-14,2026-02-13,2883.8,173.04,3056.84,Issued,SampleGen
INV-be82951b-452d-4000-9a99-35d735a4b928,ID205833,CID-322,be82951b-452d-4000-9a99-35d735a4b928,2026-02-24,2026-03-26,483.88,29.04,512.92,Issued,SampleGen
INV-e3121968-ca2a-4e0c-91da-deb322228d1d,ID205834,CID-322,e3121968-ca2a-4e0c-91da-deb322228d1d,2026-02-21,2026-03-23,1759.74,105.6,1865.34,Issued,SampleGen
INV-28df4994-9764-4791-ba40-66e890ffe330,ID205835,CID-322,28df4994-9764-4791-ba40-66e890ffe330,2026-03-04,2026-04-03,2279.88,136.8,2416.68,Issued,SampleGen
INV-5fa60344-54dd-4dc2-b44b-39b59fb6f168,ID205836,CID-322,5fa60344-54dd-4dc2-b44b-39b59fb6f168,2026-03-21,2026-04-20,4259.9,255.6,4515.5,Issued,SampleGen
INV-ef4ba61b-019a-4378-8650-63ee2328eb82,ID205837,CID-322,ef4ba61b-019a-4378-8650-63ee2328eb82,2026-03-16,2026-04-15,2607.76,156.48,2764.24,Issued,SampleGen
INV-233d480f-f42a-48f3-85c8-8d15db1cfe38,ID205838,CID-322,233d480f-f42a-48f3-85c8-8d15db1cfe38,2026-04-11,2026-05-11,995.86,59.76,1055.62,Issued,SampleGen
INV-8897a9e7-4001-413b-963f-035b4a0da998,ID205839,CID-322,8897a9e7-4001-413b-963f-035b4a0da998,2026-04-10,2026-05-10,399.9,24.0,423.9,Issued,SampleGen
INV-e6d6dcaa-c42b-4c5f-a098-797894bf5f32,ID205840,CID-322,e6d6dcaa-c42b-4c5f-a098-797894bf5f32,2026-04-15,2026-05-15,1863.92,111.84,1975.76,Issued,SampleGen
INV-31db0ad0-2ab7-43ff-b3f9-b0ddb97d5d10,ID205841,CID-323,31db0ad0-2ab7-43ff-b3f9-b0ddb97d5d10,2025-01-11,2025-02-10,3767.88,226.08,3993.96,Issued,SampleGen
INV-bfe2f2a8-113a-4e93-85f4-ae164ac88747,ID205842,CID-323,bfe2f2a8-113a-4e93-85f4-ae164ac88747,2025-02-27,2025-03-29,3647.86,218.88,3866.74,Issued,SampleGen
INV-b580d6df-8209-4854-a92c-60b137351b09,ID205843,CID-323,b580d6df-8209-4854-a92c-60b137351b09,2025-04-28,2025-05-28,4237.78,254.28,4492.06,Issued,SampleGen
INV-e4c87f28-0ac8-40de-81f5-b06fe1db34a6,ID205844,CID-323,e4c87f28-0ac8-40de-81f5-b06fe1db34a6,2025-05-12,2025-06-11,1913.9,114.84,2028.74,Issued,SampleGen
INV-37cb4cad-61b1-4461-ab99-86d8ae0539c5,ID205845,CID-323,37cb4cad-61b1-4461-ab99-86d8ae0539c5,2025-06-30,2025-07-30,841.8,50.52,892.32,Issued,SampleGen
INV-2c0e3774-afdf-4239-8418-8b5d7f49df6f,ID205846,CID-323,2c0e3774-afdf-4239-8418-8b5d7f49df6f,2025-07-08,2025-08-07,1389.74,83.4,1473.14,Issued,SampleGen
INV-eb44ccc5-8e02-4ecf-b2fb-a42a7a9db1a8,ID205847,CID-323,eb44ccc5-8e02-4ecf-b2fb-a42a7a9db1a8,2025-08-22,2025-09-21,1415.76,84.96,1500.72,Issued,SampleGen
INV-e507b10c-a9f8-482c-878a-7e0eda5dc987,ID205848,CID-323,e507b10c-a9f8-482c-878a-7e0eda5dc987,2025-11-30,2025-12-30,4487.8,269.28,4757.08,Issued,SampleGen
INV-93d856d6-0405-4e15-8aca-d45a94503fa7,ID205849,CID-323,93d856d6-0405-4e15-8aca-d45a94503fa7,2025-12-06,2026-01-05,2075.78,124.56,2200.34,Issued,SampleGen
INV-8d9ede55-35df-4d13-967e-1189c44e8cab,ID205850,CID-323,8d9ede55-35df-4d13-967e-1189c44e8cab,2026-01-06,2026-02-05,1479.88,88.8,1568.68,Issued,SampleGen
INV-df480677-a6c4-4c9f-94fa-ee297df55690,ID205851,CID-323,df480677-a6c4-4c9f-94fa-ee297df55690,2026-02-13,2026-03-15,1955.86,117.36,2073.22,Issued,SampleGen
INV-94dbc185-8a32-4c08-8197-46bad342a2d1,ID205852,CID-323,94dbc185-8a32-4c08-8197-46bad342a2d1,2026-03-24,2026-04-23,943.8,56.64,1000.44,Issued,SampleGen
INV-aa0f1fda-f67e-4c30-ab29-e6d00615f0bf,ID205853,CID-323,aa0f1fda-f67e-4c30-ab29-e6d00615f0bf,2026-04-07,2026-05-07,929.74,55.8,985.54,Issued,SampleGen
INV-624b3e8a-670a-40a2-91c1-9ff4512d30b9,ID205854,CID-324,624b3e8a-670a-40a2-91c1-9ff4512d30b9,2025-01-10,2025-02-09,3617.86,217.08,3834.94,Issued,SampleGen
INV-4161774b-989e-4d7f-9557-9c39ca734b21,ID205855,CID-324,4161774b-989e-4d7f-9557-9c39ca734b21,2025-02-12,2025-03-14,2191.82,131.52,2323.34,Issued,SampleGen
INV-d97d6def-a138-46dc-ac88-8b515dc9b806,ID205856,CID-324,d97d6def-a138-46dc-ac88-8b515dc9b806,2025-03-08,2025-04-07,2843.9,170.64,3014.54,Issued,SampleGen
INV-9057996e-2cc3-4d2b-b980-9a8699eb1046,ID205857,CID-324,9057996e-2cc3-4d2b-b980-9a8699eb1046,2025-04-29,2025-05-29,1285.84,77.16,1363.0,Issued,SampleGen
INV-2f188d32-4305-4e59-b1de-5b4d62c3edd4,ID205858,CID-324,2f188d32-4305-4e59-b1de-5b4d62c3edd4,2025-05-07,2025-06-06,1579.7,94.8,1674.5,Issued,SampleGen
INV-8e41aced-b1b8-4ae3-89c0-2b51217a3157,ID205859,CID-324,8e41aced-b1b8-4ae3-89c0-2b51217a3157,2025-06-27,2025-07-27,4847.74,290.88,5138.62,Issued,SampleGen
INV-30ddc7c7-464b-4c92-b04e-ea107fade20b,ID205860,CID-324,30ddc7c7-464b-4c92-b04e-ea107fade20b,2025-06-11,2025-07-11,3373.74,202.44,3576.18,Issued,SampleGen
INV-4a294e5e-082b-465e-bb1f-d6947a5fbb30,ID205861,CID-324,4a294e5e-082b-465e-bb1f-d6947a5fbb30,2025-08-01,2025-08-31,1949.78,117.0,2066.78,Issued,SampleGen
INV-1de994af-622e-42b6-a6d6-0fe552e9c316,ID205862,CID-324,1de994af-622e-42b6-a6d6-0fe552e9c316,2025-07-19,2025-08-18,767.9,46.08,813.98,Issued,SampleGen
INV-f4f242a3-08e7-4717-80ec-a46e3dbe550c,ID205863,CID-324,f4f242a3-08e7-4717-80ec-a46e3dbe550c,2025-08-31,2025-09-30,395.88,23.76,419.64,Issued,SampleGen
INV-3c531bc7-4f17-450f-b229-4efb10a0e991,ID205864,CID-324,3c531bc7-4f17-450f-b229-4efb10a0e991,2025-09-09,2025-10-09,3965.82,237.96,4203.78,Issued,SampleGen
INV-3f44ac27-9542-48a4-8286-36cc7a812c1e,ID205865,CID-324,3f44ac27-9542-48a4-8286-36cc7a812c1e,2025-09-24,2025-10-24,271.92,16.32,288.24,Issued,SampleGen
INV-d0a29880-d8d1-4fbc-9a9c-afee5860ed55,ID205866,CID-324,d0a29880-d8d1-4fbc-9a9c-afee5860ed55,2025-10-11,2025-11-10,2747.78,164.88,2912.66,Issued,SampleGen
INV-6d8a4027-f7ab-4a95-bec6-c620d0b6fd7a,ID205867,CID-324,6d8a4027-f7ab-4a95-bec6-c620d0b6fd7a,2025-10-21,2025-11-20,639.84,38.4,678.24,Issued,SampleGen
INV-291787aa-a0e5-4979-9a0f-458a96bd604c,ID205868,CID-324,291787aa-a0e5-4979-9a0f-458a96bd604c,2025-11-29,2025-12-29,2835.86,170.16,3006.02,Issued,SampleGen
INV-bb9ef353-9644-4422-9f53-6dd0b8d6b905,ID205869,CID-324,bb9ef353-9644-4422-9f53-6dd0b8d6b905,2025-11-24,2025-12-24,4343.72,260.64,4604.36,Issued,SampleGen
INV-ceaad6ce-387e-47df-8fb0-553d78ed6fd4,ID205870,CID-324,ceaad6ce-387e-47df-8fb0-553d78ed6fd4,2025-12-28,2026-01-27,289.9,17.4,307.3,Issued,SampleGen
INV-4d05a09c-e672-4243-9d3b-9b700b267ec9,ID205871,CID-324,4d05a09c-e672-4243-9d3b-9b700b267ec9,2025-12-11,2026-01-10,2047.82,122.88,2170.7,Issued,SampleGen
INV-f6bb9a7c-1f4e-4ccc-b1e9-f10257aa5067,ID205872,CID-324,f6bb9a7c-1f4e-4ccc-b1e9-f10257aa5067,2026-01-05,2026-02-04,3075.82,184.56,3260.38,Issued,SampleGen
INV-75309f5d-577d-4ee8-91d3-5457c3c8fde8,ID205873,CID-324,75309f5d-577d-4ee8-91d3-5457c3c8fde8,2026-01-15,2026-02-14,1877.9,112.68,1990.58,Issued,SampleGen
INV-10c4228e-52d4-4340-aba5-2690c8165254,ID205874,CID-324,10c4228e-52d4-4340-aba5-2690c8165254,2026-02-06,2026-03-08,2671.9,160.32,2832.22,Issued,SampleGen
INV-a6505954-e969-4665-bcb9-a9a489812642,ID205875,CID-324,a6505954-e969-4665-bcb9-a9a489812642,2026-02-18,2026-03-20,3099.86,186.0,3285.86,Issued,SampleGen
INV-e86488a4-5d22-40f5-8906-8700836bd2fc,ID205876,CID-324,e86488a4-5d22-40f5-8906-8700836bd2fc,2026-03-20,2026-04-19,1805.76,108.36,1914.12,Issued,SampleGen
INV-3774d552-3664-40ec-8b3e-1873340541ad,ID205877,CID-324,3774d552-3664-40ec-8b3e-1873340541ad,2026-03-10,2026-04-09,1163.76,69.84,1233.6,Issued,SampleGen
INV-9c70a930-d409-465d-9b28-79d25a84bed0,ID205878,CID-324,9c70a930-d409-465d-9b28-79d25a84bed0,2026-04-23,2026-05-23,2335.8,140.16,2475.96,Issued,SampleGen
INV-12bb978a-ec89-49fc-b8b6-a883aae0d028,ID205879,CID-324,12bb978a-ec89-49fc-b8b6-a883aae0d028,2026-04-11,2026-05-11,2903.9,174.24,3078.14,Issued,SampleGen
INV-6e1edc6f-cd0f-4d10-a31a-d2792a735110,ID205880,CID-324,6e1edc6f-cd0f-4d10-a31a-d2792a735110,2026-04-11,2026-05-11,291.92,17.52,309.44,Issued,SampleGen
INV-6385ebd2-0640-45fa-adfc-a86cfdc16826,ID205881,CID-325,6385ebd2-0640-45fa-adfc-a86cfdc16826,2025-03-12,2025-04-11,1039.88,62.4,1102.28,Issued,SampleGen
INV-a07a9187-0c35-4cf1-85c7-6b5aa2deb2a2,ID205882,CID-326,a07a9187-0c35-4cf1-85c7-6b5aa2deb2a2,2025-02-09,2025-03-11,1517.82,91.08,1608.9,Issued,SampleGen
INV-d5c044f1-3300-4bc0-8e92-4e1506b8305d,ID205883,CID-326,d5c044f1-3300-4bc0-8e92-4e1506b8305d,2025-06-01,2025-07-01,737.88,44.28,782.16,Issued,SampleGen
INV-c8c0a31f-b9ef-40d6-9bf0-cfb34c3272a6,ID205884,CID-326,c8c0a31f-b9ef-40d6-9bf0-cfb34c3272a6,2025-06-08,2025-07-08,3041.82,182.52,3224.34,Issued,SampleGen
INV-412dffbd-9f51-4a0c-bbba-ad0b3ffece14,ID205885,CID-326,412dffbd-9f51-4a0c-bbba-ad0b3ffece14,2025-07-18,2025-08-17,3867.84,232.08,4099.92,Issued,SampleGen
INV-62f45b7e-6e41-4aba-871a-385876e54f80,ID205886,CID-326,62f45b7e-6e41-4aba-871a-385876e54f80,2025-08-10,2025-09-09,1811.76,108.72,1920.48,Issued,SampleGen
INV-d54b0095-1b25-4a89-8f48-0c6bbb31bc1b,ID205887,CID-326,d54b0095-1b25-4a89-8f48-0c6bbb31bc1b,2025-09-03,2025-10-03,2131.82,127.92,2259.74,Issued,SampleGen
INV-b7aea7f6-43e2-449e-bdd4-c954a9d2751b,ID205888,CID-326,b7aea7f6-43e2-449e-bdd4-c954a9d2751b,2025-10-22,2025-11-21,2911.84,174.72,3086.56,Issued,SampleGen
INV-dd13dee9-13ca-44f9-bc4c-bbb01129158a,ID205889,CID-326,dd13dee9-13ca-44f9-bc4c-bbb01129158a,2025-11-02,2025-12-02,2855.86,171.36,3027.22,Issued,SampleGen
INV-5c432678-80db-4941-b26c-de78ac390000,ID205890,CID-326,5c432678-80db-4941-b26c-de78ac390000,2025-12-23,2026-01-22,3443.78,206.64,3650.42,Issued,SampleGen
INV-0c3d2859-9815-4801-a965-eef05cf34f75,ID205891,CID-326,0c3d2859-9815-4801-a965-eef05cf34f75,2026-01-12,2026-02-11,787.8,47.28,835.08,Issued,SampleGen
INV-6086ab71-f547-4ec7-b94d-794a2b738fb1,ID205892,CID-326,6086ab71-f547-4ec7-b94d-794a2b738fb1,2026-02-07,2026-03-09,4455.84,267.36,4723.2,Issued,SampleGen
INV-79dc2f5b-edf0-453b-9950-46f0a57b870c,ID205893,CID-326,79dc2f5b-edf0-453b-9950-46f0a57b870c,2026-02-27,2026-03-29,3863.76,231.84,4095.6,Issued,SampleGen
INV-85ed8535-6d46-4850-bbd9-3ce64f8af644,ID205894,CID-326,85ed8535-6d46-4850-bbd9-3ce64f8af644,2026-03-04,2026-04-03,2247.88,134.88,2382.76,Issued,SampleGen
INV-70ad4836-b78a-4c5d-a41c-8e0af40848ea,ID205895,CID-326,70ad4836-b78a-4c5d-a41c-8e0af40848ea,2026-04-15,2026-05-15,811.9,48.72,860.62,Issued,SampleGen
INV-f3d524a3-8553-4e66-817a-d2a3656bcc5d,ID205896,CID-326,f3d524a3-8553-4e66-817a-d2a3656bcc5d,2026-04-25,2026-05-25,589.8,35.4,625.2,Issued,SampleGen
INV-7c85b883-6888-435f-9781-52345484bd42,ID205897,CID-327,7c85b883-6888-435f-9781-52345484bd42,2025-04-08,2025-05-08,3589.72,215.4,3805.12,Issued,SampleGen
INV-bf5ea89d-d779-43c0-8be0-2563dcb9c195,ID205898,CID-327,bf5ea89d-d779-43c0-8be0-2563dcb9c195,2025-05-31,2025-06-30,635.78,38.16,673.94,Issued,SampleGen
INV-bd76bd1a-366a-410f-89bc-38c22e61ef1e,ID205899,CID-327,bd76bd1a-366a-410f-89bc-38c22e61ef1e,2025-07-24,2025-08-23,3299.72,198.0,3497.72,Issued,SampleGen
INV-79a4deab-e75a-492b-8da6-dac93e4ccce9,ID205900,CID-327,79a4deab-e75a-492b-8da6-dac93e4ccce9,2025-08-21,2025-09-20,1971.8,118.32,2090.12,Issued,SampleGen
INV-35fc7101-e77d-4b0a-a45a-d38f918ecd06,ID205901,CID-327,35fc7101-e77d-4b0a-a45a-d38f918ecd06,2025-09-30,2025-10-30,2319.88,139.2,2459.08,Issued,SampleGen
INV-c072806d-1d58-40d5-9c2b-142405202bd4,ID205902,CID-327,c072806d-1d58-40d5-9c2b-142405202bd4,2025-10-17,2025-11-16,3163.8,189.84,3353.64,Issued,SampleGen
INV-2ab593b8-fa90-4325-9fb0-1008043f8966,ID205903,CID-327,2ab593b8-fa90-4325-9fb0-1008043f8966,2025-11-08,2025-12-08,1547.88,92.88,1640.76,Issued,SampleGen
INV-318b39b8-1ba6-4e97-82f2-38e5fc512e12,ID205904,CID-327,318b39b8-1ba6-4e97-82f2-38e5fc512e12,2025-12-07,2026-01-06,4377.72,262.68,4640.4,Issued,SampleGen
INV-8f557fbd-c323-4482-b1bb-068d3f5dc5ab,ID205905,CID-327,8f557fbd-c323-4482-b1bb-068d3f5dc5ab,2026-01-02,2026-02-01,2015.76,120.96,2136.72,Issued,SampleGen
INV-e6e63391-fce3-4784-804d-523cbdfa9433,ID205906,CID-327,e6e63391-fce3-4784-804d-523cbdfa9433,2026-02-07,2026-03-09,799.84,48.0,847.84,Issued,SampleGen
INV-7c542b03-50d8-4905-aa44-8b272790c738,ID205907,CID-327,7c542b03-50d8-4905-aa44-8b272790c738,2026-03-12,2026-04-11,1087.84,65.28,1153.12,Issued,SampleGen
INV-4addd4c3-d511-4416-9175-772fddcbc527,ID205908,CID-327,4addd4c3-d511-4416-9175-772fddcbc527,2026-04-30,2026-05-30,3567.88,214.08,3781.96,Issued,SampleGen
INV-ca90535f-7ed8-4d52-84c2-f650ad7a1d77,ID205909,CID-328,ca90535f-7ed8-4d52-84c2-f650ad7a1d77,2025-08-20,2025-09-19,1547.88,92.88,1640.76,Issued,SampleGen
INV-9609d8af-c589-4358-9f2a-df12cc78a39f,ID205910,CID-328,9609d8af-c589-4358-9f2a-df12cc78a39f,2025-09-28,2025-10-28,7561.72,453.72,8015.44,Issued,SampleGen
INV-d9cb7c69-2ad7-4846-bc16-5a5632c709a6,ID205911,CID-328,d9cb7c69-2ad7-4846-bc16-5a5632c709a6,2026-05-01,2026-05-31,4315.78,258.96,4574.74,Issued,SampleGen
INV-bf18851a-e281-463e-835f-2c9722cb39c5,ID205912,CID-329,bf18851a-e281-463e-835f-2c9722cb39c5,2025-02-01,2025-03-03,2361.72,141.72,2503.44,Issued,SampleGen
INV-559b158c-9bbe-4c3c-b7d8-f3811733934e,ID205913,CID-329,559b158c-9bbe-4c3c-b7d8-f3811733934e,2025-06-20,2025-07-20,1889.78,113.4,2003.18,Issued,SampleGen
INV-ddf7edd1-80a4-454a-a2bf-25d8d50a947e,ID205914,CID-329,ddf7edd1-80a4-454a-a2bf-25d8d50a947e,2025-07-21,2025-08-20,1289.74,77.4,1367.14,Issued,SampleGen
INV-1fe8a17b-167d-49f8-aa1b-a88d0b6e8372,ID205915,CID-329,1fe8a17b-167d-49f8-aa1b-a88d0b6e8372,2025-08-28,2025-09-27,2915.9,174.96,3090.86,Issued,SampleGen
INV-ce42e220-f6c6-4b72-863d-9e303faddebd,ID205916,CID-329,ce42e220-f6c6-4b72-863d-9e303faddebd,2025-09-02,2025-10-02,813.8,48.84,862.64,Issued,SampleGen
INV-e3d95975-663e-4000-bef6-f49078bd6689,ID205917,CID-329,e3d95975-663e-4000-bef6-f49078bd6689,2025-10-25,2025-11-24,2419.82,145.2,2565.02,Issued,SampleGen
INV-11d0b527-6234-4da2-96f0-a332ec0b98c5,ID205918,CID-329,11d0b527-6234-4da2-96f0-a332ec0b98c5,2025-11-08,2025-12-08,951.84,57.12,1008.96,Issued,SampleGen
INV-fe206eb1-8835-4c53-abb2-35e5992c25c5,ID205919,CID-329,fe206eb1-8835-4c53-abb2-35e5992c25c5,2025-12-30,2026-01-29,2179.78,130.8,2310.58,Issued,SampleGen
INV-c602ee76-9dc6-4bf5-abef-b8d6c8a4ebbb,ID205920,CID-329,c602ee76-9dc6-4bf5-abef-b8d6c8a4ebbb,2026-01-16,2026-02-15,2715.76,162.96,2878.72,Issued,SampleGen
INV-838314e3-4214-4808-8234-933f7b15bc60,ID205921,CID-329,838314e3-4214-4808-8234-933f7b15bc60,2026-02-09,2026-03-11,4151.74,249.12,4400.86,Issued,SampleGen
INV-8e987131-d859-4e7e-8a02-2dc98907ea6e,ID205922,CID-329,8e987131-d859-4e7e-8a02-2dc98907ea6e,2026-03-24,2026-04-23,479.88,28.8,508.68,Issued,SampleGen
INV-a1889fad-47e7-435b-9c59-dc45966e6b04,ID205923,CID-329,a1889fad-47e7-435b-9c59-dc45966e6b04,2026-04-09,2026-05-09,1103.8,66.24,1170.04,Issued,SampleGen
INV-9366d478-6128-4794-a139-5845a6034720,ID205924,CID-330,9366d478-6128-4794-a139-5845a6034720,2025-01-17,2025-02-16,2047.76,122.88,2170.64,Issued,SampleGen
INV-3acc48b7-43c8-4512-b8f5-7c393bac857d,ID205925,CID-330,3acc48b7-43c8-4512-b8f5-7c393bac857d,2025-03-17,2025-04-16,3989.74,239.4,4229.14,Issued,SampleGen
INV-d697bbd7-7e54-444b-bf29-aff3140cbdc3,ID205926,CID-330,d697bbd7-7e54-444b-bf29-aff3140cbdc3,2025-06-14,2025-07-14,1879.84,112.8,1992.64,Issued,SampleGen
INV-fa1e3c56-bacc-4107-923e-3b584b907989,ID205927,CID-330,fa1e3c56-bacc-4107-923e-3b584b907989,2025-07-29,2025-08-28,4523.82,271.44,4795.26,Issued,SampleGen
INV-8f433843-e72d-40c1-b56f-16593a148bca,ID205928,CID-330,8f433843-e72d-40c1-b56f-16593a148bca,2025-11-08,2025-12-08,3057.76,183.48,3241.24,Issued,SampleGen
INV-76d26070-0b49-4c32-8406-9700ccd5ce61,ID205929,CID-330,76d26070-0b49-4c32-8406-9700ccd5ce61,2025-12-04,2026-01-03,3643.78,218.64,3862.42,Issued,SampleGen
INV-906050f8-da30-46e6-b5c6-162348d6843f,ID205930,CID-330,906050f8-da30-46e6-b5c6-162348d6843f,2026-01-04,2026-02-03,1803.92,108.24,1912.16,Issued,SampleGen
INV-c8f13307-103f-485c-b7dc-cad7f60ae7fb,ID205931,CID-330,c8f13307-103f-485c-b7dc-cad7f60ae7fb,2026-02-21,2026-03-23,537.82,32.28,570.1,Issued,SampleGen
INV-8a9ea869-6b96-4a8f-8b5e-61215e468717,ID205932,CID-330,8a9ea869-6b96-4a8f-8b5e-61215e468717,2026-03-07,2026-04-06,2191.8,131.52,2323.32,Issued,SampleGen
INV-559bd02a-336c-40fb-8179-2272aaa2547c,ID205933,CID-330,559bd02a-336c-40fb-8179-2272aaa2547c,2026-04-18,2026-05-18,473.86,28.44,502.3,Issued,SampleGen
INV-61a5e0aa-fca0-4b36-a943-17de65ce00a5,ID205934,CID-331,61a5e0aa-fca0-4b36-a943-17de65ce00a5,2025-01-31,2025-03-02,1657.8,99.48,1757.28,Issued,SampleGen
INV-f5b3eb88-2bdf-4ba4-8b8f-a94c0676c2a3,ID205935,CID-331,f5b3eb88-2bdf-4ba4-8b8f-a94c0676c2a3,2025-01-11,2025-02-10,1487.82,89.28,1577.1,Issued,SampleGen
INV-f45a2924-7091-4301-931a-24858eb85ca0,ID205936,CID-331,f45a2924-7091-4301-931a-24858eb85ca0,2025-02-13,2025-03-15,1079.88,64.8,1144.68,Issued,SampleGen
INV-9151991b-459b-4878-9a96-9c60fcd0254f,ID205937,CID-331,9151991b-459b-4878-9a96-9c60fcd0254f,2025-02-26,2025-03-28,5279.8,316.8,5596.6,Issued,SampleGen
INV-2408b3ca-dbe2-4d3a-9f30-14fd43b53cf5,ID205938,CID-331,2408b3ca-dbe2-4d3a-9f30-14fd43b53cf5,2025-03-11,2025-04-10,1887.84,113.28,2001.12,Issued,SampleGen
INV-acf161cd-cb24-43e2-914e-1129e0378c11,ID205939,CID-331,acf161cd-cb24-43e2-914e-1129e0378c11,2025-03-07,2025-04-06,947.88,56.88,1004.76,Issued,SampleGen
INV-f1197fac-9b64-4542-bf2d-bbc1396d863a,ID205940,CID-331,f1197fac-9b64-4542-bf2d-bbc1396d863a,2025-04-08,2025-05-08,4847.78,290.88,5138.66,Issued,SampleGen
INV-ec3cbf11-9be8-4e95-b4c7-930f72c67ab9,ID205941,CID-331,ec3cbf11-9be8-4e95-b4c7-930f72c67ab9,2025-04-15,2025-05-15,411.92,24.72,436.64,Issued,SampleGen
INV-40b67578-dd84-4b96-a21c-10ae4addb31b,ID205942,CID-331,40b67578-dd84-4b96-a21c-10ae4addb31b,2025-05-26,2025-06-25,1751.84,105.12,1856.96,Issued,SampleGen
INV-9b9b0df9-71f6-4666-b727-189f68c9f6bb,ID205943,CID-331,9b9b0df9-71f6-4666-b727-189f68c9f6bb,2025-05-15,2025-06-14,1795.86,107.76,1903.62,Issued,SampleGen
INV-bafec13f-89be-4bbe-a0a1-b5754fd7ab9a,ID205944,CID-331,bafec13f-89be-4bbe-a0a1-b5754fd7ab9a,2025-06-25,2025-07-25,951.78,57.12,1008.9,Issued,SampleGen
INV-82fcf0aa-7b97-496f-8263-02a2992212ab,ID205945,CID-331,82fcf0aa-7b97-496f-8263-02a2992212ab,2025-06-25,2025-07-25,741.86,44.52,786.38,Issued,SampleGen
INV-0d6534e1-ea90-4965-ac51-8bd84bb360af,ID205946,CID-331,0d6534e1-ea90-4965-ac51-8bd84bb360af,2025-07-21,2025-08-20,2219.78,133.2,2352.98,Issued,SampleGen
INV-7c6ab945-f502-44cd-afbe-94cd738ad285,ID205947,CID-331,7c6ab945-f502-44cd-afbe-94cd738ad285,2025-07-30,2025-08-29,5471.76,328.32,5800.08,Issued,SampleGen
INV-dc3bba12-9efc-45cf-ad55-675604da5677,ID205948,CID-331,dc3bba12-9efc-45cf-ad55-675604da5677,2025-07-03,2025-08-02,3051.78,183.12,3234.9,Issued,SampleGen
INV-7adbbab0-7450-4991-8304-c45560d2cf2b,ID205949,CID-331,7adbbab0-7450-4991-8304-c45560d2cf2b,2025-08-09,2025-09-08,731.76,43.92,775.68,Issued,SampleGen
INV-e74a4275-aabf-4b81-a55a-6527862541cf,ID205950,CID-331,e74a4275-aabf-4b81-a55a-6527862541cf,2025-08-11,2025-09-10,331.88,19.92,351.8,Issued,SampleGen
INV-fbe1a4e4-e72b-4906-b707-b18aa271fe9c,ID205951,CID-331,fbe1a4e4-e72b-4906-b707-b18aa271fe9c,2025-08-30,2025-09-29,1697.84,101.88,1799.72,Issued,SampleGen
INV-7a7a04b0-b0bd-40da-8f63-9b93518c607b,ID205952,CID-331,7a7a04b0-b0bd-40da-8f63-9b93518c607b,2025-10-01,2025-10-31,1243.86,74.64,1318.5,Issued,SampleGen
INV-195ce652-bf4e-4aa8-ab43-b624ba68d63c,ID205953,CID-331,195ce652-bf4e-4aa8-ab43-b624ba68d63c,2025-09-30,2025-10-30,2619.76,157.2,2776.96,Issued,SampleGen
INV-c2f03e5e-e2ee-46d0-bb88-9df98944f1c7,ID205954,CID-331,c2f03e5e-e2ee-46d0-bb88-9df98944f1c7,2025-09-26,2025-10-26,639.86,38.4,678.26,Issued,SampleGen
INV-bf1d6f36-d582-4c1e-b464-141d77489e5f,ID205955,CID-331,bf1d6f36-d582-4c1e-b464-141d77489e5f,2025-10-08,2025-11-07,2797.82,167.88,2965.7,Issued,SampleGen
INV-a05d3ace-6825-4e95-8739-2980025b4b1f,ID205956,CID-331,a05d3ace-6825-4e95-8739-2980025b4b1f,2025-10-31,2025-11-30,3223.88,193.44,3417.32,Issued,SampleGen
INV-9a35d85a-a8aa-4ca8-8dbc-143a1c8f4bca,ID205957,CID-331,9a35d85a-a8aa-4ca8-8dbc-143a1c8f4bca,2025-10-09,2025-11-08,2223.72,133.44,2357.16,Issued,SampleGen
INV-f1edd8f6-fc02-486c-91c8-a4da0794a24f,ID205958,CID-331,f1edd8f6-fc02-486c-91c8-a4da0794a24f,2025-11-09,2025-12-09,5111.88,306.72,5418.6,Issued,SampleGen
INV-fa257844-bb20-41c5-86b5-9ec76655efe3,ID205959,CID-331,fa257844-bb20-41c5-86b5-9ec76655efe3,2025-11-04,2025-12-04,2955.78,177.36,3133.14,Issued,SampleGen
INV-0b1558e3-1006-4f25-a2ab-96309ec997fb,ID205960,CID-331,0b1558e3-1006-4f25-a2ab-96309ec997fb,2025-11-11,2025-12-11,2291.74,137.52,2429.26,Issued,SampleGen
INV-16801832-f916-40bc-9211-cdf8875a649d,ID205961,CID-331,16801832-f916-40bc-9211-cdf8875a649d,2025-11-20,2025-12-20,1191.8,71.52,1263.32,Issued,SampleGen
INV-8f9dc411-564e-435d-abb1-73a9d5aaef10,ID205962,CID-331,8f9dc411-564e-435d-abb1-73a9d5aaef10,2025-12-06,2026-01-05,1459.86,87.6,1547.46,Issued,SampleGen
INV-f2da699f-6a63-4d2f-9666-f6f64e0e9ba9,ID205963,CID-331,f2da699f-6a63-4d2f-9666-f6f64e0e9ba9,2025-12-07,2026-01-06,5287.8,317.28,5605.08,Issued,SampleGen
INV-177b7d97-0d01-449c-9100-912382a5419f,ID205964,CID-331,177b7d97-0d01-449c-9100-912382a5419f,2025-12-29,2026-01-28,2309.84,138.6,2448.44,Issued,SampleGen
INV-fdc0b780-100e-4ac6-92d6-d8d21ecd7d08,ID205965,CID-331,fdc0b780-100e-4ac6-92d6-d8d21ecd7d08,2025-12-08,2026-01-07,1259.88,75.6,1335.48,Issued,SampleGen
INV-43f87600-19ad-4f8d-b572-c14e7eed43b0,ID205966,CID-331,43f87600-19ad-4f8d-b572-c14e7eed43b0,2026-01-11,2026-02-10,4263.72,255.84,4519.56,Issued,SampleGen
INV-8aefa31c-3101-499c-baec-aa079b0a2c85,ID205967,CID-331,8aefa31c-3101-499c-baec-aa079b0a2c85,2026-01-21,2026-02-20,1315.8,78.96,1394.76,Issued,SampleGen
INV-856736c1-1b30-4ed5-91bd-072302252535,ID205968,CID-331,856736c1-1b30-4ed5-91bd-072302252535,2026-01-20,2026-02-19,2551.78,153.12,2704.9,Issued,SampleGen
INV-ba7b5730-dcff-4580-9998-e3503ea498ef,ID205969,CID-331,ba7b5730-dcff-4580-9998-e3503ea498ef,2026-01-12,2026-02-11,535.88,32.16,568.04,Issued,SampleGen
INV-4336c1bb-b79f-4030-beaf-bbbb2edded57,ID205970,CID-331,4336c1bb-b79f-4030-beaf-bbbb2edded57,2026-02-02,2026-03-04,2831.84,169.92,3001.76,Issued,SampleGen
INV-d4dbf060-b395-4e2c-bd5e-1c7c0aa9e197,ID205971,CID-331,d4dbf060-b395-4e2c-bd5e-1c7c0aa9e197,2026-02-25,2026-03-27,3811.8,228.72,4040.52,Issued,SampleGen
INV-132ea11d-cd9f-4548-9cf3-78adf6e4edcc,ID205972,CID-331,132ea11d-cd9f-4548-9cf3-78adf6e4edcc,2026-02-07,2026-03-09,1377.84,82.68,1460.52,Issued,SampleGen
INV-23278f58-fab8-43da-9f05-e9cb385d5845,ID205973,CID-331,23278f58-fab8-43da-9f05-e9cb385d5845,2026-02-12,2026-03-14,819.86,49.2,869.06,Issued,SampleGen
INV-c2c10ae5-f001-4f4c-8438-ee9f9af1bc08,ID205974,CID-331,c2c10ae5-f001-4f4c-8438-ee9f9af1bc08,2026-02-19,2026-03-21,8751.72,525.12,9276.84,Issued,SampleGen
INV-12e7c5fb-9b7b-4891-a174-d581de531106,ID205975,CID-331,12e7c5fb-9b7b-4891-a174-d581de531106,2026-03-28,2026-04-27,4069.76,244.2,4313.96,Issued,SampleGen
INV-d3051d4c-976d-49ad-a390-723ee2ddfb0f,ID205976,CID-331,d3051d4c-976d-49ad-a390-723ee2ddfb0f,2026-03-22,2026-04-21,1991.78,119.52,2111.3,Issued,SampleGen
INV-f96d4394-c88b-4e27-8b95-11769c46eb21,ID205977,CID-331,f96d4394-c88b-4e27-8b95-11769c46eb21,2026-03-21,2026-04-20,4161.78,249.72,4411.5,Issued,SampleGen
INV-d63d4f4e-d3bd-43b6-b372-77dfb12b2cc7,ID205978,CID-331,d63d4f4e-d3bd-43b6-b372-77dfb12b2cc7,2026-04-01,2026-05-01,449.88,27.0,476.88,Issued,SampleGen
INV-75807f0f-b378-4e88-8a17-471d37da3eb1,ID205979,CID-331,75807f0f-b378-4e88-8a17-471d37da3eb1,2026-04-30,2026-05-30,3721.82,223.32,3945.14,Issued,SampleGen
INV-0b32467a-e00c-4f4b-93db-2c1dceb194d8,ID205980,CID-331,0b32467a-e00c-4f4b-93db-2c1dceb194d8,2026-04-04,2026-05-04,2071.8,124.32,2196.12,Issued,SampleGen
INV-ef4100e5-291d-4f2f-897e-debd3beb0fe2,ID205981,CID-331,ef4100e5-291d-4f2f-897e-debd3beb0fe2,2026-04-12,2026-05-12,1127.86,67.68,1195.54,Issued,SampleGen
INV-13ea04cd-8523-430b-a971-cece18a152bc,ID205982,CID-331,13ea04cd-8523-430b-a971-cece18a152bc,2026-04-21,2026-05-21,1443.76,86.64,1530.4,Issued,SampleGen
INV-bd237c75-4b80-4204-97db-3672757a97bd,ID205983,CID-332,bd237c75-4b80-4204-97db-3672757a97bd,2025-02-17,2025-03-19,4795.78,287.76,5083.54,Issued,SampleGen
INV-f8d7110e-60aa-43fe-a15e-c14d623c6a69,ID205984,CID-332,f8d7110e-60aa-43fe-a15e-c14d623c6a69,2025-03-03,2025-04-02,1299.9,78.0,1377.9,Issued,SampleGen
INV-5775329d-b2cd-43ab-ba84-935fc090d7de,ID205985,CID-332,5775329d-b2cd-43ab-ba84-935fc090d7de,2025-04-24,2025-05-24,743.82,44.64,788.46,Issued,SampleGen
INV-191f82e3-ecbd-415a-bb03-57d5d58b3b9a,ID205986,CID-332,191f82e3-ecbd-415a-bb03-57d5d58b3b9a,2025-05-27,2025-06-26,2875.78,172.56,3048.34,Issued,SampleGen
INV-7b1324fc-2dda-46f1-926b-39ad2a43b21e,ID205987,CID-332,7b1324fc-2dda-46f1-926b-39ad2a43b21e,2025-06-21,2025-07-21,1903.7,114.24,2017.94,Issued,SampleGen
INV-6a99b8ef-3a3c-4da2-8a24-396e9fc480c9,ID205988,CID-332,6a99b8ef-3a3c-4da2-8a24-396e9fc480c9,2025-07-05,2025-08-04,2159.8,129.6,2289.4,Issued,SampleGen
INV-77769c23-4022-4371-863a-6b1134659304,ID205989,CID-332,77769c23-4022-4371-863a-6b1134659304,2025-08-07,2025-09-06,2143.84,128.64,2272.48,Issued,SampleGen
INV-620d72bc-1a0e-4636-908c-ac72e02cc8c8,ID205990,CID-332,620d72bc-1a0e-4636-908c-ac72e02cc8c8,2025-08-31,2025-09-30,583.8,35.04,618.84,Issued,SampleGen
INV-89677d33-a89f-4ffe-a9bd-cd3d5f279712,ID205991,CID-332,89677d33-a89f-4ffe-a9bd-cd3d5f279712,2025-09-21,2025-10-21,1469.84,88.2,1558.04,Issued,SampleGen
INV-dc2f83b4-da7c-4705-8774-873cde83ea64,ID205992,CID-332,dc2f83b4-da7c-4705-8774-873cde83ea64,2025-10-21,2025-11-20,5007.84,300.48,5308.32,Issued,SampleGen
INV-c8c28b68-a6c2-411c-9edf-7b90194e76a3,ID205993,CID-332,c8c28b68-a6c2-411c-9edf-7b90194e76a3,2025-11-30,2025-12-30,391.88,23.52,415.4,Issued,SampleGen
INV-41a013bf-1d13-4865-ba58-4c7342732d87,ID205994,CID-332,41a013bf-1d13-4865-ba58-4c7342732d87,2025-11-30,2025-12-30,2579.74,154.8,2734.54,Issued,SampleGen
INV-62ccec88-07c2-4ea8-a350-8b528d72b2f4,ID205995,CID-332,62ccec88-07c2-4ea8-a350-8b528d72b2f4,2025-12-13,2026-01-12,4431.8,265.92,4697.72,Issued,SampleGen
INV-a805d798-c95e-4abc-9275-5dfff44f6ab3,ID205996,CID-332,a805d798-c95e-4abc-9275-5dfff44f6ab3,2025-12-23,2026-01-22,1503.82,90.24,1594.06,Issued,SampleGen
INV-00508566-6459-4c3a-8446-27589e611ed1,ID205997,CID-332,00508566-6459-4c3a-8446-27589e611ed1,2026-01-14,2026-02-13,1079.88,64.8,1144.68,Issued,SampleGen
INV-b59654e3-c9a0-43ed-b70f-9119d667be10,ID205998,CID-332,b59654e3-c9a0-43ed-b70f-9119d667be10,2026-01-23,2026-02-22,1127.88,67.68,1195.56,Issued,SampleGen
INV-319ac7d1-2014-43d9-87c1-cf1f12d76370,ID205999,CID-332,319ac7d1-2014-43d9-87c1-cf1f12d76370,2026-02-22,2026-03-24,4163.76,249.84,4413.6,Issued,SampleGen
INV-d1d99e74-7214-467f-bedb-3a9526ac074f,ID206000,CID-332,d1d99e74-7214-467f-bedb-3a9526ac074f,2026-02-14,2026-03-16,5075.72,304.56,5380.28,Issued,SampleGen
INV-7a3c7911-a35d-495e-bc0d-93c5e5d7d000,ID206001,CID-332,7a3c7911-a35d-495e-bc0d-93c5e5d7d000,2026-03-04,2026-04-03,1415.88,84.96,1500.84,Issued,SampleGen
INV-f84b2468-951b-4317-9094-0e04606c49f4,ID206002,CID-332,f84b2468-951b-4317-9094-0e04606c49f4,2026-03-07,2026-04-06,1109.7,66.6,1176.3,Issued,SampleGen
INV-99323615-83a4-4bf4-a660-c4eb52b2ddb2,ID206003,CID-332,99323615-83a4-4bf4-a660-c4eb52b2ddb2,2026-04-20,2026-05-20,3799.8,228.0,4027.8,Issued,SampleGen
INV-5624f5c4-1026-44da-8aa9-828bc04e1e22,ID206004,CID-332,5624f5c4-1026-44da-8aa9-828bc04e1e22,2026-04-21,2026-05-21,1447.8,86.88,1534.68,Issued,SampleGen
INV-e0f8aa8d-6b6a-41e2-af9e-dd5e7c461bdc,ID206005,CID-333,e0f8aa8d-6b6a-41e2-af9e-dd5e7c461bdc,2025-01-08,2025-02-07,887.78,53.28,941.06,Issued,SampleGen
INV-277fe502-2674-49f7-b131-0fb6a998f6e3,ID206006,CID-333,277fe502-2674-49f7-b131-0fb6a998f6e3,2025-03-04,2025-04-03,3947.86,236.88,4184.74,Issued,SampleGen
INV-e628ab50-ee65-4e36-8ec4-f74d8f8b30db,ID206007,CID-333,e628ab50-ee65-4e36-8ec4-f74d8f8b30db,2025-04-30,2025-05-30,1979.9,118.8,2098.7,Issued,SampleGen
INV-1d01e0a6-6a7a-4f83-bc23-202e66d75702,ID206008,CID-333,1d01e0a6-6a7a-4f83-bc23-202e66d75702,2025-05-30,2025-06-29,2211.74,132.72,2344.46,Issued,SampleGen
INV-3d64fced-20eb-4c8a-b393-e064eaa62401,ID206009,CID-333,3d64fced-20eb-4c8a-b393-e064eaa62401,2025-06-26,2025-07-26,2443.74,146.64,2590.38,Issued,SampleGen
INV-14fccec5-0c93-4abe-bdc2-020524f12d09,ID206010,CID-333,14fccec5-0c93-4abe-bdc2-020524f12d09,2025-10-27,2025-11-26,4473.74,268.44,4742.18,Issued,SampleGen
INV-fd8bb6bb-a4e9-4af1-bd35-fae000663c60,ID206011,CID-333,fd8bb6bb-a4e9-4af1-bd35-fae000663c60,2025-11-07,2025-12-07,3407.74,204.48,3612.22,Issued,SampleGen
INV-39b49ddb-3f03-45bb-a91e-76a4a6c44d14,ID206012,CID-333,39b49ddb-3f03-45bb-a91e-76a4a6c44d14,2025-12-06,2026-01-05,5791.78,347.52,6139.3,Issued,SampleGen
INV-a7193a8f-43bb-4614-9b30-13dbd6267b71,ID206013,CID-333,a7193a8f-43bb-4614-9b30-13dbd6267b71,2026-01-28,2026-02-27,3463.82,207.84,3671.66,Issued,SampleGen
INV-a3b79d02-305a-4225-aadb-84452bb49655,ID206014,CID-333,a3b79d02-305a-4225-aadb-84452bb49655,2026-05-01,2026-05-31,1667.82,100.08,1767.9,Issued,SampleGen
INV-d974ccbc-93b5-4c3f-883d-0ccfb10b86d5,ID206015,CID-334,d974ccbc-93b5-4c3f-883d-0ccfb10b86d5,2025-03-01,2025-03-31,237.9,14.28,252.18,Issued,SampleGen
INV-2e8c9327-cbf8-454b-898b-98fbc056e34b,ID206016,CID-334,2e8c9327-cbf8-454b-898b-98fbc056e34b,2025-05-14,2025-06-13,3463.82,207.84,3671.66,Issued,SampleGen
INV-ef6c644d-93e5-4d7e-8446-a4856b937033,ID206017,CID-334,ef6c644d-93e5-4d7e-8446-a4856b937033,2025-06-05,2025-07-05,4227.78,253.68,4481.46,Issued,SampleGen
INV-82a309b2-4cdf-4e28-a398-ea31f128e1d6,ID206018,CID-334,82a309b2-4cdf-4e28-a398-ea31f128e1d6,2025-07-27,2025-08-26,815.88,48.96,864.84,Issued,SampleGen
INV-6cb44f67-4e44-402d-82a7-990a26b2a31d,ID206019,CID-334,6cb44f67-4e44-402d-82a7-990a26b2a31d,2025-08-27,2025-09-26,3239.76,194.4,3434.16,Issued,SampleGen
INV-062f92d9-d1af-4347-bb7d-45d86a881b8a,ID206020,CID-334,062f92d9-d1af-4347-bb7d-45d86a881b8a,2025-10-13,2025-11-12,1651.88,99.12,1751.0,Issued,SampleGen
INV-ff887db7-82f6-4b04-bc2f-da033da4a045,ID206021,CID-334,ff887db7-82f6-4b04-bc2f-da033da4a045,2025-11-30,2025-12-30,1039.84,62.4,1102.24,Issued,SampleGen
INV-b5b9194a-182b-4373-a20d-92b4cd32a9f0,ID206022,CID-334,b5b9194a-182b-4373-a20d-92b4cd32a9f0,2025-12-23,2026-01-22,643.86,38.64,682.5,Issued,SampleGen
INV-11e52577-d828-45d7-bae6-a96a43a024be,ID206023,CID-334,11e52577-d828-45d7-bae6-a96a43a024be,2026-02-04,2026-03-06,2993.76,179.64,3173.4,Issued,SampleGen
INV-3e1802ba-db32-4f9b-b621-5d0302f54a69,ID206024,CID-334,3e1802ba-db32-4f9b-b621-5d0302f54a69,2026-03-27,2026-04-26,407.88,24.48,432.36,Issued,SampleGen
INV-34c807cf-0e2e-400c-88b0-8e2970a9f2a8,ID206025,CID-334,34c807cf-0e2e-400c-88b0-8e2970a9f2a8,2026-04-25,2026-05-25,1811.84,108.72,1920.56,Issued,SampleGen
INV-8d8b7848-339d-4edd-9693-c50599235995,ID206026,CID-335,8d8b7848-339d-4edd-9693-c50599235995,2025-01-21,2025-02-20,1795.86,107.76,1903.62,Issued,SampleGen
INV-1a892e56-fbf6-4b9d-8020-e1ced47f1e83,ID206027,CID-335,1a892e56-fbf6-4b9d-8020-e1ced47f1e83,2025-02-03,2025-03-05,373.86,22.44,396.3,Issued,SampleGen
INV-e2a5904b-4064-42cd-ab5a-760bb1822af6,ID206028,CID-335,e2a5904b-4064-42cd-ab5a-760bb1822af6,2025-03-29,2025-04-28,1997.76,119.88,2117.64,Issued,SampleGen
INV-b9b6453d-ef42-4ba2-af61-167fddb6a64b,ID206029,CID-335,b9b6453d-ef42-4ba2-af61-167fddb6a64b,2025-03-08,2025-04-07,3643.86,218.64,3862.5,Issued,SampleGen
INV-eedff742-8506-4cfe-8816-74e69d93c67b,ID206030,CID-335,eedff742-8506-4cfe-8816-74e69d93c67b,2025-04-27,2025-05-27,3243.78,194.64,3438.42,Issued,SampleGen
INV-3317c57a-f0bc-4c8a-a35c-e1a182857cd6,ID206031,CID-335,3317c57a-f0bc-4c8a-a35c-e1a182857cd6,2025-05-10,2025-06-09,2091.88,125.52,2217.4,Issued,SampleGen
INV-c19aba32-16d9-4ab8-ac8c-8da4226f319b,ID206032,CID-335,c19aba32-16d9-4ab8-ac8c-8da4226f319b,2025-05-07,2025-06-06,2999.8,180.0,3179.8,Issued,SampleGen
INV-e67cf487-6407-44e5-ad8c-0e183dd162cc,ID206033,CID-335,e67cf487-6407-44e5-ad8c-0e183dd162cc,2025-06-23,2025-07-23,317.88,19.08,336.96,Issued,SampleGen
INV-f423eefd-cc59-4dae-aafc-740f65fd22e9,ID206034,CID-335,f423eefd-cc59-4dae-aafc-740f65fd22e9,2025-06-18,2025-07-18,619.82,37.2,657.02,Issued,SampleGen
INV-ec1fd80b-d8fb-47e4-9f46-0840978fd6d5,ID206035,CID-335,ec1fd80b-d8fb-47e4-9f46-0840978fd6d5,2025-07-19,2025-08-18,4557.7,273.48,4831.18,Issued,SampleGen
INV-e0eb37e4-c432-4afa-a446-f73ff85139d6,ID206036,CID-335,e0eb37e4-c432-4afa-a446-f73ff85139d6,2025-07-10,2025-08-09,751.8,45.12,796.92,Issued,SampleGen
INV-f323562e-9e22-4271-80f7-9d24df0c4e3e,ID206037,CID-335,f323562e-9e22-4271-80f7-9d24df0c4e3e,2025-08-27,2025-09-26,397.86,23.88,421.74,Issued,SampleGen
INV-1ff83dc4-fc92-47c1-b877-c830f5dc9fde,ID206038,CID-335,1ff83dc4-fc92-47c1-b877-c830f5dc9fde,2025-08-13,2025-09-12,883.8,53.04,936.84,Issued,SampleGen
INV-696c4b3a-58cb-4249-bea6-838097e4627d,ID206039,CID-335,696c4b3a-58cb-4249-bea6-838097e4627d,2025-09-25,2025-10-25,2637.86,158.28,2796.14,Issued,SampleGen
INV-cde16ef7-1904-4f2b-9570-fba1cb369450,ID206040,CID-335,cde16ef7-1904-4f2b-9570-fba1cb369450,2025-09-27,2025-10-27,2685.76,161.16,2846.92,Issued,SampleGen
INV-f36eac8c-ab40-4606-b0ae-f34842cb29cb,ID206041,CID-335,f36eac8c-ab40-4606-b0ae-f34842cb29cb,2025-10-25,2025-11-24,4323.76,259.44,4583.2,Issued,SampleGen
INV-26241471-a8b9-4c16-82d9-e2bf3d31f352,ID206042,CID-335,26241471-a8b9-4c16-82d9-e2bf3d31f352,2025-10-23,2025-11-22,845.84,50.76,896.6,Issued,SampleGen
INV-cc60955c-1fad-466e-877a-9d5982bfb1f5,ID206043,CID-335,cc60955c-1fad-466e-877a-9d5982bfb1f5,2025-11-03,2025-12-03,659.88,39.6,699.48,Issued,SampleGen
INV-5203e174-4a39-4ee8-bade-84c6ae27353b,ID206044,CID-335,5203e174-4a39-4ee8-bade-84c6ae27353b,2025-11-02,2025-12-02,4191.78,251.52,4443.3,Issued,SampleGen
INV-0872f791-986e-4220-8372-7a6ceffc21f0,ID206045,CID-335,0872f791-986e-4220-8372-7a6ceffc21f0,2025-11-13,2025-12-13,1751.84,105.12,1856.96,Issued,SampleGen
INV-70deb16e-9adb-4383-a0d5-e53e0c6950cf,ID206046,CID-335,70deb16e-9adb-4383-a0d5-e53e0c6950cf,2025-12-11,2026-01-10,739.8,44.4,784.2,Issued,SampleGen
INV-3842b0ab-851f-4cf9-a160-8b0946c50362,ID206047,CID-335,3842b0ab-851f-4cf9-a160-8b0946c50362,2025-12-05,2026-01-04,2127.86,127.68,2255.54,Issued,SampleGen
INV-430bb1e7-a9e2-47ba-8e41-2dc9e33255e7,ID206048,CID-335,430bb1e7-a9e2-47ba-8e41-2dc9e33255e7,2025-12-15,2026-01-14,305.9,18.36,324.26,Issued,SampleGen
INV-a5279d53-6d2a-407e-8b27-e9d0e46c657c,ID206049,CID-335,a5279d53-6d2a-407e-8b27-e9d0e46c657c,2026-01-05,2026-02-04,1119.92,67.2,1187.12,Issued,SampleGen
INV-218b80b8-ea0f-42a3-9e01-233f6939ac99,ID206050,CID-335,218b80b8-ea0f-42a3-9e01-233f6939ac99,2026-01-19,2026-02-18,1035.9,62.16,1098.06,Issued,SampleGen
INV-f4d66545-75d7-4882-b67c-c73be81d5b51,ID206051,CID-335,f4d66545-75d7-4882-b67c-c73be81d5b51,2026-02-19,2026-03-21,2623.88,157.44,2781.32,Issued,SampleGen
INV-69c991cf-a5d8-40ef-ba4f-78497ad53a97,ID206052,CID-335,69c991cf-a5d8-40ef-ba4f-78497ad53a97,2026-02-21,2026-03-23,3965.82,237.96,4203.78,Issued,SampleGen
INV-3aa13099-a1d0-4fbe-a519-144348f23aa9,ID206053,CID-335,3aa13099-a1d0-4fbe-a519-144348f23aa9,2026-03-01,2026-03-31,5215.8,312.96,5528.76,Issued,SampleGen
INV-16758807-655d-46bf-b341-226f80d0f1f9,ID206054,CID-335,16758807-655d-46bf-b341-226f80d0f1f9,2026-03-30,2026-04-29,1161.76,69.72,1231.48,Issued,SampleGen
INV-ca69fb9b-c31c-4203-bf2f-22fa0a058b39,ID206055,CID-335,ca69fb9b-c31c-4203-bf2f-22fa0a058b39,2026-03-25,2026-04-24,1251.88,75.12,1327.0,Issued,SampleGen
INV-6b448ae6-6a9f-436d-9292-6472e9062707,ID206056,CID-335,6b448ae6-6a9f-436d-9292-6472e9062707,2026-03-22,2026-04-21,3235.8,194.16,3429.96,Issued,SampleGen
INV-5b549499-112e-4558-98d6-e27ced15673c,ID206057,CID-335,5b549499-112e-4558-98d6-e27ced15673c,2026-03-08,2026-04-07,2923.86,175.44,3099.3,Issued,SampleGen
INV-56db3149-bdad-4c07-868d-ce168a375e52,ID206058,CID-335,56db3149-bdad-4c07-868d-ce168a375e52,2026-04-24,2026-05-24,1083.76,65.04,1148.8,Issued,SampleGen
INV-ff2b4836-4708-4aec-a644-564430a54a21,ID206059,CID-335,ff2b4836-4708-4aec-a644-564430a54a21,2026-04-15,2026-05-15,2763.78,165.84,2929.62,Issued,SampleGen
INV-e7bb617f-9c9d-4a9a-b34e-8b6093623aff,ID206060,CID-335,e7bb617f-9c9d-4a9a-b34e-8b6093623aff,2026-04-11,2026-05-11,5445.78,326.76,5772.54,Issued,SampleGen
INV-268afb55-5b88-46e7-aa4e-363f264072f7,ID206061,CID-335,268afb55-5b88-46e7-aa4e-363f264072f7,2026-04-10,2026-05-10,1047.84,62.88,1110.72,Issued,SampleGen
INV-f9f76fc6-c9ec-4c10-817e-549fe5fbb87a,ID206062,CID-336,f9f76fc6-c9ec-4c10-817e-549fe5fbb87a,2025-01-05,2025-02-04,5431.8,325.92,5757.72,Issued,SampleGen
INV-0d7679a2-dc18-4a69-aa07-bdb91c1cd335,ID206063,CID-336,0d7679a2-dc18-4a69-aa07-bdb91c1cd335,2025-03-12,2025-04-11,451.88,27.12,479.0,Issued,SampleGen
INV-920d5dd5-8afd-4c96-a14b-608520c9bd79,ID206064,CID-336,920d5dd5-8afd-4c96-a14b-608520c9bd79,2025-04-02,2025-05-02,1419.82,85.2,1505.02,Issued,SampleGen
INV-1e90d0d0-9bf6-4619-9735-8aa0825c966f,ID206065,CID-336,1e90d0d0-9bf6-4619-9735-8aa0825c966f,2025-05-03,2025-06-02,2063.84,123.84,2187.68,Issued,SampleGen
INV-e3aa98b9-48e1-461d-89f0-fa1a6265d095,ID206066,CID-336,e3aa98b9-48e1-461d-89f0-fa1a6265d095,2025-06-07,2025-07-07,471.88,28.32,500.2,Issued,SampleGen
INV-93111daa-1f51-44e2-b8b0-dd04c5fa3f54,ID206067,CID-336,93111daa-1f51-44e2-b8b0-dd04c5fa3f54,2025-07-18,2025-08-17,3377.76,202.68,3580.44,Issued,SampleGen
INV-ca7f5a67-54db-47b2-bf1d-520b21e4de21,ID206068,CID-336,ca7f5a67-54db-47b2-bf1d-520b21e4de21,2025-09-08,2025-10-08,937.82,56.28,994.1,Issued,SampleGen
INV-6cbb582d-5547-4fb2-ba35-1877ad27afa6,ID206069,CID-336,6cbb582d-5547-4fb2-ba35-1877ad27afa6,2025-10-20,2025-11-19,3163.74,189.84,3353.58,Issued,SampleGen
INV-1b0df007-418f-48de-921f-6a8f2b904849,ID206070,CID-336,1b0df007-418f-48de-921f-6a8f2b904849,2025-11-30,2025-12-30,597.84,35.88,633.72,Issued,SampleGen
INV-0cf275f6-fb0c-4904-a5fc-1a8d831cb544,ID206071,CID-336,0cf275f6-fb0c-4904-a5fc-1a8d831cb544,2026-01-27,2026-02-26,909.9,54.6,964.5,Issued,SampleGen
INV-6547c05f-7c5b-414f-90e1-c162000555c8,ID206072,CID-336,6547c05f-7c5b-414f-90e1-c162000555c8,2026-02-24,2026-03-26,3411.74,204.72,3616.46,Issued,SampleGen
INV-c6059421-ef32-47df-9ed1-21c59835f5f0,ID206073,CID-336,c6059421-ef32-47df-9ed1-21c59835f5f0,2026-03-22,2026-04-21,957.76,57.48,1015.24,Issued,SampleGen
INV-b65f9d40-540e-4cf5-81d4-dcff20864ab5,ID206074,CID-336,b65f9d40-540e-4cf5-81d4-dcff20864ab5,2026-04-25,2026-05-25,937.76,56.28,994.04,Issued,SampleGen
INV-3af6dff7-c290-40aa-954c-412bfcc814d2,ID206075,CID-336,3af6dff7-c290-40aa-954c-412bfcc814d2,2026-04-07,2026-05-07,3119.84,187.2,3307.04,Issued,SampleGen
INV-16b625e6-2e7e-4d08-8196-a226721a2c7e,ID206076,CID-337,16b625e6-2e7e-4d08-8196-a226721a2c7e,2025-01-22,2025-02-21,7307.76,438.48,7746.24,Issued,SampleGen
INV-9f9434b8-a59a-4709-9ff9-e9649dd568e4,ID206077,CID-337,9f9434b8-a59a-4709-9ff9-e9649dd568e4,2025-02-08,2025-03-10,771.86,46.32,818.18,Issued,SampleGen
INV-719df018-a518-45f5-aa2c-4aa74474c201,ID206078,CID-337,719df018-a518-45f5-aa2c-4aa74474c201,2025-03-16,2025-04-15,6955.8,417.36,7373.16,Issued,SampleGen
INV-deacdb76-842d-4d71-9903-47e3f85a7049,ID206079,CID-337,deacdb76-842d-4d71-9903-47e3f85a7049,2025-04-29,2025-05-29,1971.8,118.32,2090.12,Issued,SampleGen
INV-cdd4df8e-c0e7-476e-81a3-978ff652b960,ID206080,CID-337,cdd4df8e-c0e7-476e-81a3-978ff652b960,2025-05-31,2025-06-30,1319.88,79.2,1399.08,Issued,SampleGen
INV-563617a6-4c2f-43d3-99af-d7f760dc9cb3,ID206081,CID-337,563617a6-4c2f-43d3-99af-d7f760dc9cb3,2025-06-29,2025-07-29,869.76,52.2,921.96,Issued,SampleGen
INV-ffc56f28-2f34-470e-a355-53b128708841,ID206082,CID-337,ffc56f28-2f34-470e-a355-53b128708841,2025-07-28,2025-08-27,2105.76,126.36,2232.12,Issued,SampleGen
INV-ef4c7cc2-44c4-4034-9dca-838851bd0630,ID206083,CID-337,ef4c7cc2-44c4-4034-9dca-838851bd0630,2025-08-04,2025-09-03,915.84,54.96,970.8,Issued,SampleGen
INV-feee2576-62c4-4dcf-bb8d-0a5f08105ea5,ID206084,CID-337,feee2576-62c4-4dcf-bb8d-0a5f08105ea5,2025-09-30,2025-10-30,1693.86,101.64,1795.5,Issued,SampleGen
INV-3e629f66-59c8-4db2-a517-13568a14e4e5,ID206085,CID-337,3e629f66-59c8-4db2-a517-13568a14e4e5,2025-10-05,2025-11-04,639.86,38.4,678.26,Issued,SampleGen
INV-42d0d384-e31c-4bbb-8313-311d11d295c4,ID206086,CID-337,42d0d384-e31c-4bbb-8313-311d11d295c4,2025-11-02,2025-12-02,1859.86,111.6,1971.46,Issued,SampleGen
INV-4a624ac4-5f73-4a1b-abe1-57e3fb31191a,ID206087,CID-337,4a624ac4-5f73-4a1b-abe1-57e3fb31191a,2025-11-10,2025-12-10,3211.82,192.72,3404.54,Issued,SampleGen
INV-8738e7d4-d12e-4461-ad7f-ea32b0fc26a0,ID206088,CID-337,8738e7d4-d12e-4461-ad7f-ea32b0fc26a0,2025-12-29,2026-01-28,1151.86,69.12,1220.98,Issued,SampleGen
INV-2c2e2e7d-ae64-40b6-ba6c-dfc891bd26c1,ID206089,CID-337,2c2e2e7d-ae64-40b6-ba6c-dfc891bd26c1,2026-01-17,2026-02-16,1663.84,99.84,1763.68,Issued,SampleGen
INV-ac02c9f7-32e4-4de1-a01a-d6509dc5d081,ID206090,CID-337,ac02c9f7-32e4-4de1-a01a-d6509dc5d081,2026-01-13,2026-02-12,3815.86,228.96,4044.82,Issued,SampleGen
INV-4f8b7dea-fb42-4d70-b32c-05344acf760b,ID206091,CID-337,4f8b7dea-fb42-4d70-b32c-05344acf760b,2026-02-22,2026-03-24,7759.72,465.6,8225.32,Issued,SampleGen
INV-60d692dc-c06c-4867-bc37-82eaa609234d,ID206092,CID-337,60d692dc-c06c-4867-bc37-82eaa609234d,2026-02-05,2026-03-07,551.84,33.12,584.96,Issued,SampleGen
INV-bd66245f-bf28-47d6-96e6-55c9fb7e918d,ID206093,CID-337,bd66245f-bf28-47d6-96e6-55c9fb7e918d,2026-03-19,2026-04-18,1803.92,108.24,1912.16,Issued,SampleGen
INV-8df8ed1c-1f8a-4018-a0b8-dde27c7197e6,ID206094,CID-337,8df8ed1c-1f8a-4018-a0b8-dde27c7197e6,2026-03-19,2026-04-18,475.92,28.56,504.48,Issued,SampleGen
INV-292768aa-639a-4e4c-994d-79dfecb695f6,ID206095,CID-337,292768aa-639a-4e4c-994d-79dfecb695f6,2026-04-22,2026-05-22,1607.8,96.48,1704.28,Issued,SampleGen
INV-c3ae0011-bb1c-4877-850c-a66882ac9c84,ID206096,CID-337,c3ae0011-bb1c-4877-850c-a66882ac9c84,2026-04-12,2026-05-12,2967.72,178.08,3145.8,Issued,SampleGen
INV-7f5364e5-5619-460f-bf8f-b2a47d33cf79,ID206097,CID-338,7f5364e5-5619-460f-bf8f-b2a47d33cf79,2025-02-06,2025-03-08,4231.76,253.92,4485.68,Issued,SampleGen
INV-25684a6a-0a24-41ae-8813-590844b573cb,ID206098,CID-338,25684a6a-0a24-41ae-8813-590844b573cb,2025-03-21,2025-04-20,2867.78,172.08,3039.86,Issued,SampleGen
INV-8d91d54e-8cd3-437e-8e26-cb3834330769,ID206099,CID-338,8d91d54e-8cd3-437e-8e26-cb3834330769,2025-04-27,2025-05-27,1043.8,62.64,1106.44,Issued,SampleGen
INV-107329a8-5925-4709-abf9-0565a900aa25,ID206100,CID-338,107329a8-5925-4709-abf9-0565a900aa25,2025-05-25,2025-06-24,727.84,43.68,771.52,Issued,SampleGen
INV-51152f21-3597-4103-9833-c90f1a81b389,ID206101,CID-338,51152f21-3597-4103-9833-c90f1a81b389,2025-06-20,2025-07-20,799.74,48.0,847.74,Issued,SampleGen
INV-e3a767e1-bdb8-4abc-bbca-e1d0a05b14c2,ID206102,CID-338,e3a767e1-bdb8-4abc-bbca-e1d0a05b14c2,2025-07-13,2025-08-12,995.8,59.76,1055.56,Issued,SampleGen
INV-efde2c60-aab1-460e-8bc4-a9c783dc548b,ID206103,CID-338,efde2c60-aab1-460e-8bc4-a9c783dc548b,2025-07-21,2025-08-20,323.92,19.44,343.36,Issued,SampleGen
INV-a6e40298-11c4-44a6-aaff-a422e59e0432,ID206104,CID-338,a6e40298-11c4-44a6-aaff-a422e59e0432,2025-08-23,2025-09-22,533.86,32.04,565.9,Issued,SampleGen
INV-6d0cff67-72ef-458f-9b56-4208fd968c64,ID206105,CID-338,6d0cff67-72ef-458f-9b56-4208fd968c64,2025-09-11,2025-10-11,1899.9,114.0,2013.9,Issued,SampleGen
INV-9b70abda-f9f9-4fc0-adf8-270bf40ef179,ID206106,CID-338,9b70abda-f9f9-4fc0-adf8-270bf40ef179,2025-09-24,2025-10-24,1403.86,84.24,1488.1,Issued,SampleGen
INV-757732d8-e01d-455d-9cd4-6789309590a9,ID206107,CID-338,757732d8-e01d-455d-9cd4-6789309590a9,2025-10-20,2025-11-19,1437.74,86.28,1524.02,Issued,SampleGen
INV-3ed81514-e2e1-4c6c-ab98-5b9876042722,ID206108,CID-338,3ed81514-e2e1-4c6c-ab98-5b9876042722,2025-11-26,2025-12-26,4841.78,290.52,5132.3,Issued,SampleGen
INV-994b85ad-5ff8-48e5-b9d4-374968c2fe5d,ID206109,CID-338,994b85ad-5ff8-48e5-b9d4-374968c2fe5d,2025-11-05,2025-12-05,735.84,44.16,780.0,Issued,SampleGen
INV-ba0afb56-6f4d-4f5d-bcca-1f7bdb8af50f,ID206110,CID-338,ba0afb56-6f4d-4f5d-bcca-1f7bdb8af50f,2025-12-28,2026-01-27,4075.86,244.56,4320.42,Issued,SampleGen
INV-f829b6e6-28a9-4930-8e16-f54b655b0612,ID206111,CID-338,f829b6e6-28a9-4930-8e16-f54b655b0612,2025-12-17,2026-01-16,1599.88,96.0,1695.88,Issued,SampleGen
INV-6963f828-524b-4603-9e9f-e96ace072866,ID206112,CID-338,6963f828-524b-4603-9e9f-e96ace072866,2026-01-13,2026-02-12,3099.86,186.0,3285.86,Issued,SampleGen
INV-57911d90-153f-415b-8765-c5aac0e1781c,ID206113,CID-338,57911d90-153f-415b-8765-c5aac0e1781c,2026-01-05,2026-02-04,5137.78,308.28,5446.06,Issued,SampleGen
INV-6d298fe6-cdb0-4cd9-9b7f-24cfae1a46a1,ID206114,CID-338,6d298fe6-cdb0-4cd9-9b7f-24cfae1a46a1,2026-02-24,2026-03-26,2951.82,177.12,3128.94,Issued,SampleGen
INV-7b796e7c-d172-47c6-b8b8-4f73d6308dfd,ID206115,CID-338,7b796e7c-d172-47c6-b8b8-4f73d6308dfd,2026-02-15,2026-03-17,2479.82,148.8,2628.62,Issued,SampleGen
INV-8492df56-a797-4002-8b66-074fd7fb2fad,ID206116,CID-338,8492df56-a797-4002-8b66-074fd7fb2fad,2026-03-14,2026-04-13,3719.8,223.2,3943.0,Issued,SampleGen
INV-90ed6333-6027-417b-9b24-47db743b2a59,ID206117,CID-338,90ed6333-6027-417b-9b24-47db743b2a59,2026-03-02,2026-04-01,2103.74,126.24,2229.98,Issued,SampleGen
INV-db957cb3-bcc7-4bcb-818f-66bebab15e16,ID206118,CID-338,db957cb3-bcc7-4bcb-818f-66bebab15e16,2026-04-13,2026-05-13,4963.72,297.84,5261.56,Issued,SampleGen
INV-a5527481-6a99-4918-9e59-8293ad1ce724,ID206119,CID-338,a5527481-6a99-4918-9e59-8293ad1ce724,2026-04-03,2026-05-03,1341.84,80.52,1422.36,Issued,SampleGen
INV-8e62d85e-d4b5-4334-a07b-0ebb0cd70c2b,ID206120,CID-339,8e62d85e-d4b5-4334-a07b-0ebb0cd70c2b,2025-02-24,2025-03-26,557.82,33.48,591.3,Issued,SampleGen
INV-d0a0793c-932b-4d81-95ba-7bbfc5190a3e,ID206121,CID-339,d0a0793c-932b-4d81-95ba-7bbfc5190a3e,2025-05-25,2025-06-24,1797.86,107.88,1905.74,Issued,SampleGen
INV-1709f8bb-d1b7-424c-8f1a-a83e257bf492,ID206122,CID-339,1709f8bb-d1b7-424c-8f1a-a83e257bf492,2025-07-15,2025-08-14,491.92,29.52,521.44,Issued,SampleGen
INV-d64089cf-f4b2-4099-8362-a800ae4d7673,ID206123,CID-339,d64089cf-f4b2-4099-8362-a800ae4d7673,2025-09-15,2025-10-15,879.8,52.8,932.6,Issued,SampleGen
INV-8f726c48-1af6-401b-a690-ed01a3d5a75f,ID206124,CID-339,8f726c48-1af6-401b-a690-ed01a3d5a75f,2025-10-25,2025-11-24,3959.8,237.6,4197.4,Issued,SampleGen
INV-ed0e3cc6-b8a7-4974-a802-8a207c8818cb,ID206125,CID-339,ed0e3cc6-b8a7-4974-a802-8a207c8818cb,2025-11-09,2025-12-09,1275.78,76.56,1352.34,Issued,SampleGen
INV-48baf7c2-e908-4b96-a080-2aa5061be47f,ID206126,CID-339,48baf7c2-e908-4b96-a080-2aa5061be47f,2025-12-05,2026-01-04,1759.86,105.6,1865.46,Issued,SampleGen
INV-441fe7d0-bd09-46ca-8812-8a6e741e55f6,ID206127,CID-339,441fe7d0-bd09-46ca-8812-8a6e741e55f6,2026-01-07,2026-02-06,3511.84,210.72,3722.56,Issued,SampleGen
INV-bb54e987-56a1-410d-9528-e3718979e4e4,ID206128,CID-339,bb54e987-56a1-410d-9528-e3718979e4e4,2026-02-08,2026-03-10,1211.8,72.72,1284.52,Issued,SampleGen
INV-f720bb7c-40bb-4971-b083-6276b286b428,ID206129,CID-339,f720bb7c-40bb-4971-b083-6276b286b428,2026-03-15,2026-04-14,2191.72,131.52,2323.24,Issued,SampleGen
INV-7b6f3415-f937-4610-94fd-c64495a39cc3,ID206130,CID-339,7b6f3415-f937-4610-94fd-c64495a39cc3,2026-04-30,2026-05-30,2059.86,123.6,2183.46,Issued,SampleGen
INV-88cd67bd-1b66-4b12-81ea-7a933e831fb4,ID206131,CID-340,88cd67bd-1b66-4b12-81ea-7a933e831fb4,2025-02-06,2025-03-08,3767.88,226.08,3993.96,Issued,SampleGen
INV-227aee11-adf5-4ee0-a3f1-e08a44a1038c,ID206132,CID-340,227aee11-adf5-4ee0-a3f1-e08a44a1038c,2025-06-02,2025-07-02,363.88,21.84,385.72,Issued,SampleGen
INV-c52b38d8-c127-4b79-8389-85072f732e98,ID206133,CID-340,c52b38d8-c127-4b79-8389-85072f732e98,2025-09-10,2025-10-10,853.82,51.24,905.06,Issued,SampleGen
INV-73e6b010-7757-42b0-b646-8cd317b5b665,ID206134,CID-340,73e6b010-7757-42b0-b646-8cd317b5b665,2025-11-24,2025-12-24,2487.76,149.28,2637.04,Issued,SampleGen
INV-5eba497e-86de-492d-8508-8e1d83e15721,ID206135,CID-340,5eba497e-86de-492d-8508-8e1d83e15721,2026-01-31,2026-03-02,3187.78,191.28,3379.06,Issued,SampleGen
INV-f5e620ed-fb48-4047-b73f-9a65cd9c344b,ID206136,CID-340,f5e620ed-fb48-4047-b73f-9a65cd9c344b,2026-02-04,2026-03-06,2739.9,164.4,2904.3,Issued,SampleGen
INV-d59259b8-b5ff-4393-ba57-84f381f97733,ID206137,CID-340,d59259b8-b5ff-4393-ba57-84f381f97733,2026-03-05,2026-04-04,807.78,48.48,856.26,Issued,SampleGen
INV-dd0921f7-449e-47e2-9b9a-f4c26d1efbd1,ID206138,CID-340,dd0921f7-449e-47e2-9b9a-f4c26d1efbd1,2026-04-28,2026-05-28,815.88,48.96,864.84,Issued,SampleGen
INV-576f6e61-24d7-48ac-b782-796e7fb0f6b8,ID206139,CID-341,576f6e61-24d7-48ac-b782-796e7fb0f6b8,2025-01-31,2025-03-02,1819.84,109.2,1929.04,Issued,SampleGen
INV-14b5fcf7-8e16-4cf8-ad36-ac23b3514eed,ID206140,CID-341,14b5fcf7-8e16-4cf8-ad36-ac23b3514eed,2025-01-23,2025-02-22,7115.7,426.96,7542.66,Issued,SampleGen
INV-6261a29e-9042-4069-abd2-ba3fe61f4429,ID206141,CID-341,6261a29e-9042-4069-abd2-ba3fe61f4429,2025-02-25,2025-03-27,3615.78,216.96,3832.74,Issued,SampleGen
INV-8f15f076-dbf6-4af7-b502-1df37f768245,ID206142,CID-341,8f15f076-dbf6-4af7-b502-1df37f768245,2025-02-08,2025-03-10,4667.76,280.08,4947.84,Issued,SampleGen
INV-4342fa67-e476-434f-a8da-35c88bedbb43,ID206143,CID-341,4342fa67-e476-434f-a8da-35c88bedbb43,2025-03-27,2025-04-26,4245.82,254.76,4500.58,Issued,SampleGen
INV-ac0df8a9-44dc-4c26-8573-c29241594510,ID206144,CID-341,ac0df8a9-44dc-4c26-8573-c29241594510,2025-03-16,2025-04-15,2115.78,126.96,2242.74,Issued,SampleGen
INV-5ac58957-8d03-479f-b5e0-3ddc1e72b3fd,ID206145,CID-341,5ac58957-8d03-479f-b5e0-3ddc1e72b3fd,2025-04-13,2025-05-13,3359.74,201.6,3561.34,Issued,SampleGen
INV-b8fa2c66-bdf8-42b6-a726-086ddeb5c19b,ID206146,CID-341,b8fa2c66-bdf8-42b6-a726-086ddeb5c19b,2025-04-08,2025-05-08,1797.78,107.88,1905.66,Issued,SampleGen
INV-729b5f81-347b-4418-9175-05914649e592,ID206147,CID-341,729b5f81-347b-4418-9175-05914649e592,2025-05-02,2025-06-01,2047.8,122.88,2170.68,Issued,SampleGen
INV-5f53407d-9001-497a-a1cd-34c20f483d9b,ID206148,CID-341,5f53407d-9001-497a-a1cd-34c20f483d9b,2025-06-01,2025-07-01,871.82,52.32,924.14,Issued,SampleGen
INV-e701b794-9027-4a91-94b6-4e4bfcc4ce83,ID206149,CID-341,e701b794-9027-4a91-94b6-4e4bfcc4ce83,2025-07-01,2025-07-31,2191.76,131.52,2323.28,Issued,SampleGen
INV-2fcbbb23-aacb-4f5c-87ee-2a98674e8ba7,ID206150,CID-341,2fcbbb23-aacb-4f5c-87ee-2a98674e8ba7,2025-06-10,2025-07-10,1247.8,74.88,1322.68,Issued,SampleGen
INV-f8ea8297-7045-461d-b596-64a023840a07,ID206151,CID-341,f8ea8297-7045-461d-b596-64a023840a07,2025-06-16,2025-07-16,843.78,50.64,894.42,Issued,SampleGen
INV-35645042-bb4c-41ca-9d1f-ab98fa999a31,ID206152,CID-341,35645042-bb4c-41ca-9d1f-ab98fa999a31,2025-07-21,2025-08-20,151.92,9.12,161.04,Issued,SampleGen
INV-943f1429-9c30-46a0-b17d-943329ca3aa6,ID206153,CID-341,943f1429-9c30-46a0-b17d-943329ca3aa6,2025-07-29,2025-08-28,215.92,12.96,228.88,Issued,SampleGen
INV-6eecab84-6346-4599-b1b1-800bafad43df,ID206154,CID-341,6eecab84-6346-4599-b1b1-800bafad43df,2025-07-04,2025-08-03,663.86,39.84,703.7,Issued,SampleGen
INV-f2c7050e-e4a5-4a15-a6a4-0437528ce476,ID206155,CID-341,f2c7050e-e4a5-4a15-a6a4-0437528ce476,2025-08-03,2025-09-02,3163.76,189.84,3353.6,Issued,SampleGen
INV-614e4467-b43d-4365-afcf-071976f6801e,ID206156,CID-341,614e4467-b43d-4365-afcf-071976f6801e,2025-08-28,2025-09-27,1167.74,70.08,1237.82,Issued,SampleGen
INV-1ee3d72b-2df2-444f-84e1-9d3f8cabe58e,ID206157,CID-341,1ee3d72b-2df2-444f-84e1-9d3f8cabe58e,2025-09-01,2025-10-01,2661.74,159.72,2821.46,Issued,SampleGen
INV-bef6b36f-64bc-4178-bc68-32dae2946a7f,ID206158,CID-341,bef6b36f-64bc-4178-bc68-32dae2946a7f,2025-09-18,2025-10-18,1441.76,86.52,1528.28,Issued,SampleGen
INV-f94f2492-fe5b-4d80-9ddc-1c1675c80a1c,ID206159,CID-341,f94f2492-fe5b-4d80-9ddc-1c1675c80a1c,2025-09-14,2025-10-14,1201.82,72.12,1273.94,Issued,SampleGen
INV-011fe5f7-7f49-42dc-b8d6-e5ed9a9a6432,ID206160,CID-341,011fe5f7-7f49-42dc-b8d6-e5ed9a9a6432,2025-09-17,2025-10-17,943.82,56.64,1000.46,Issued,SampleGen
INV-b8b78bab-f10c-41cd-878c-cce50b77d259,ID206161,CID-341,b8b78bab-f10c-41cd-878c-cce50b77d259,2025-10-12,2025-11-11,203.88,12.24,216.12,Issued,SampleGen
INV-850b7a95-f02c-4d88-bf8d-56faed0f3e11,ID206162,CID-341,850b7a95-f02c-4d88-bf8d-56faed0f3e11,2025-10-22,2025-11-21,4079.78,244.8,4324.58,Issued,SampleGen
INV-78d664c4-087f-4d77-8903-e71fa5501d96,ID206163,CID-341,78d664c4-087f-4d77-8903-e71fa5501d96,2025-10-09,2025-11-08,2067.72,124.08,2191.8,Issued,SampleGen
INV-7890d299-fc1b-4968-9771-31d62f9a4d7d,ID206164,CID-341,7890d299-fc1b-4968-9771-31d62f9a4d7d,2025-10-18,2025-11-17,1255.9,75.36,1331.26,Issued,SampleGen
INV-0f74a3ae-eb57-48ec-a763-41066f82286d,ID206165,CID-341,0f74a3ae-eb57-48ec-a763-41066f82286d,2025-11-24,2025-12-24,1439.84,86.4,1526.24,Issued,SampleGen
INV-3885d946-9fc6-4e16-ac95-e67a1e9a9120,ID206166,CID-341,3885d946-9fc6-4e16-ac95-e67a1e9a9120,2025-11-15,2025-12-15,3075.82,184.56,3260.38,Issued,SampleGen
INV-7a8915c8-1ce3-4968-baf8-da9933b6b757,ID206167,CID-341,7a8915c8-1ce3-4968-baf8-da9933b6b757,2025-12-01,2025-12-31,819.78,49.2,868.98,Issued,SampleGen
INV-55f0fec9-c172-471f-ba7d-3faad6cf4cad,ID206168,CID-341,55f0fec9-c172-471f-ba7d-3faad6cf4cad,2025-12-12,2026-01-11,3275.86,196.56,3472.42,Issued,SampleGen
INV-b6ad9ad5-dbb2-447b-a5d8-3b61def0e629,ID206169,CID-341,b6ad9ad5-dbb2-447b-a5d8-3b61def0e629,2025-12-15,2026-01-14,4867.78,292.08,5159.86,Issued,SampleGen
INV-20be6f21-34da-4322-9542-aca415be23f2,ID206170,CID-341,20be6f21-34da-4322-9542-aca415be23f2,2025-12-31,2026-01-30,379.88,22.8,402.68,Issued,SampleGen
INV-e0c7f763-ef24-4946-832e-7d804e6b4200,ID206171,CID-341,e0c7f763-ef24-4946-832e-7d804e6b4200,2025-12-20,2026-01-19,545.82,32.76,578.58,Issued,SampleGen
INV-f16010e0-8e70-4cf0-845e-c3cb81bbed3f,ID206172,CID-341,f16010e0-8e70-4cf0-845e-c3cb81bbed3f,2026-01-09,2026-02-08,691.84,41.52,733.36,Issued,SampleGen
INV-b25e8076-f5ed-40ae-be46-062fef64db0b,ID206173,CID-341,b25e8076-f5ed-40ae-be46-062fef64db0b,2026-01-16,2026-02-15,1631.76,97.92,1729.68,Issued,SampleGen
INV-40e0306f-6a46-42be-bb17-2c3fc97cad98,ID206174,CID-341,40e0306f-6a46-42be-bb17-2c3fc97cad98,2026-01-07,2026-02-06,6895.72,413.76,7309.48,Issued,SampleGen
INV-56ff98ce-2a35-4f43-ba08-e45252fea2a0,ID206175,CID-341,56ff98ce-2a35-4f43-ba08-e45252fea2a0,2026-01-15,2026-02-14,2363.76,141.84,2505.6,Issued,SampleGen
INV-0e9ffdfc-4c3a-4014-a383-47c96a307306,ID206176,CID-341,0e9ffdfc-4c3a-4014-a383-47c96a307306,2026-03-01,2026-03-31,7031.74,421.92,7453.66,Issued,SampleGen
INV-6a224688-f0cd-4137-aff9-435dce35fc0f,ID206177,CID-341,6a224688-f0cd-4137-aff9-435dce35fc0f,2026-02-20,2026-03-22,2729.88,163.8,2893.68,Issued,SampleGen
INV-45c0739d-9a36-46b1-b735-262aba97a8e0,ID206178,CID-341,45c0739d-9a36-46b1-b735-262aba97a8e0,2026-02-27,2026-03-29,581.88,34.92,616.8,Issued,SampleGen
INV-3e2bb8f0-cfbb-4d2b-b4e6-82f61e8a81de,ID206179,CID-341,3e2bb8f0-cfbb-4d2b-b4e6-82f61e8a81de,2026-02-16,2026-03-18,2191.82,131.52,2323.34,Issued,SampleGen
INV-0fb7e4dc-ef2f-4f64-a798-f0343713bae1,ID206180,CID-341,0fb7e4dc-ef2f-4f64-a798-f0343713bae1,2026-03-20,2026-04-19,3331.8,199.92,3531.72,Issued,SampleGen
INV-a43eb187-a87b-4a92-be08-be223ab39b12,ID206181,CID-341,a43eb187-a87b-4a92-be08-be223ab39b12,2026-03-13,2026-04-12,5191.84,311.52,5503.36,Issued,SampleGen
INV-18ff8ee3-e072-4514-9de5-5ce4947625d7,ID206182,CID-341,18ff8ee3-e072-4514-9de5-5ce4947625d7,2026-03-07,2026-04-06,3555.84,213.36,3769.2,Issued,SampleGen
INV-70462e90-03ba-4c0b-8e47-5ef92ce39fa1,ID206183,CID-341,70462e90-03ba-4c0b-8e47-5ef92ce39fa1,2026-03-12,2026-04-11,557.9,33.48,591.38,Issued,SampleGen
INV-5a7b4bae-1677-4e5e-ba66-62d6cdd1b893,ID206184,CID-341,5a7b4bae-1677-4e5e-ba66-62d6cdd1b893,2026-03-13,2026-04-12,5111.88,306.72,5418.6,Issued,SampleGen
INV-982bee98-10a8-4a4d-bf14-2c58a7e8f51d,ID206185,CID-341,982bee98-10a8-4a4d-bf14-2c58a7e8f51d,2026-04-09,2026-05-09,907.82,54.48,962.3,Issued,SampleGen
INV-def8bee7-9921-4778-930a-8fad6d37c076,ID206186,CID-341,def8bee7-9921-4778-930a-8fad6d37c076,2026-04-13,2026-05-13,1519.86,91.2,1611.06,Issued,SampleGen
INV-67128236-5190-45cd-9725-55755461f67b,ID206187,CID-341,67128236-5190-45cd-9725-55755461f67b,2026-04-28,2026-05-28,1213.82,72.84,1286.66,Issued,SampleGen
INV-bfbdf42f-2955-472f-9a22-196d6b5d2621,ID206188,CID-341,bfbdf42f-2955-472f-9a22-196d6b5d2621,2026-04-12,2026-05-12,1157.78,69.48,1227.26,Issued,SampleGen
INV-a9283ef9-98f1-446c-9a5d-5d4c7b01b530,ID206189,CID-342,a9283ef9-98f1-446c-9a5d-5d4c7b01b530,2025-02-26,2025-03-28,2739.9,164.4,2904.3,Issued,SampleGen
INV-c7f9a023-687a-47cf-8f63-2005ccaab1ba,ID206190,CID-342,c7f9a023-687a-47cf-8f63-2005ccaab1ba,2025-06-03,2025-07-03,4397.78,263.88,4661.66,Issued,SampleGen
INV-e263129a-8670-4561-befb-f73b2dd72c2c,ID206191,CID-342,e263129a-8670-4561-befb-f73b2dd72c2c,2025-07-21,2025-08-20,1867.8,112.08,1979.88,Issued,SampleGen
INV-e3aedd23-11a8-401f-a53b-12ee7bf4cac9,ID206192,CID-342,e3aedd23-11a8-401f-a53b-12ee7bf4cac9,2025-08-13,2025-09-12,1639.82,98.4,1738.22,Issued,SampleGen
INV-f14a7d72-4f2d-4f62-a72b-6067dbc139f6,ID206193,CID-342,f14a7d72-4f2d-4f62-a72b-6067dbc139f6,2025-09-23,2025-10-23,579.8,34.8,614.6,Issued,SampleGen
INV-f6def5ac-f732-455a-acfa-153d653955eb,ID206194,CID-342,f6def5ac-f732-455a-acfa-153d653955eb,2025-10-24,2025-11-23,231.92,13.92,245.84,Issued,SampleGen
INV-28855322-82d0-4038-98c9-20954e48ea36,ID206195,CID-342,28855322-82d0-4038-98c9-20954e48ea36,2025-11-06,2025-12-06,2351.78,141.12,2492.9,Issued,SampleGen
INV-8894c59d-8f6f-4989-b5f6-8974138fd9fe,ID206196,CID-342,8894c59d-8f6f-4989-b5f6-8974138fd9fe,2025-12-05,2026-01-04,1015.82,60.96,1076.78,Issued,SampleGen
INV-d07c865d-7472-494e-833f-20bef53c8d9b,ID206197,CID-342,d07c865d-7472-494e-833f-20bef53c8d9b,2026-01-11,2026-02-10,855.78,51.36,907.14,Issued,SampleGen
INV-ea0bf5b1-13ce-4afe-be3c-95ace217d236,ID206198,CID-342,ea0bf5b1-13ce-4afe-be3c-95ace217d236,2026-02-18,2026-03-20,3889.82,233.4,4123.22,Issued,SampleGen
INV-b1b479a9-9ebc-4f62-81a8-e61a281e1bb0,ID206199,CID-342,b1b479a9-9ebc-4f62-81a8-e61a281e1bb0,2026-03-13,2026-04-12,7025.78,421.56,7447.34,Issued,SampleGen
INV-dabbe793-eb35-4163-9a6e-d4f3c6a98ac3,ID206200,CID-342,dabbe793-eb35-4163-9a6e-d4f3c6a98ac3,2026-04-10,2026-05-10,4039.76,242.4,4282.16,Issued,SampleGen
INV-dd40cd09-3529-4714-ab5a-99db4c75091c,ID206201,CID-343,dd40cd09-3529-4714-ab5a-99db4c75091c,2025-11-18,2025-12-18,3249.8,195.0,3444.8,Issued,SampleGen
INV-fcabfd73-d66c-40f9-b09b-a36094f16ec8,ID206202,CID-343,fcabfd73-d66c-40f9-b09b-a36094f16ec8,2026-04-17,2026-05-17,1007.76,60.48,1068.24,Issued,SampleGen
INV-ee7f87dd-e253-4cd3-9684-2ea2c44599b8,ID206203,CID-344,ee7f87dd-e253-4cd3-9684-2ea2c44599b8,2025-01-17,2025-02-16,557.9,33.48,591.38,Issued,SampleGen
INV-65162dc3-63db-4fec-bcfb-a07a13ce17b6,ID206204,CID-344,65162dc3-63db-4fec-bcfb-a07a13ce17b6,2025-02-17,2025-03-19,4175.76,250.56,4426.32,Issued,SampleGen
INV-4f54655c-d64d-4664-b0b8-b5efe15be815,ID206205,CID-344,4f54655c-d64d-4664-b0b8-b5efe15be815,2025-03-27,2025-04-26,2671.76,160.32,2832.08,Issued,SampleGen
INV-b1632b88-cf68-4740-aba5-6bdc14bc8c3c,ID206206,CID-344,b1632b88-cf68-4740-aba5-6bdc14bc8c3c,2025-04-18,2025-05-18,3859.82,231.6,4091.42,Issued,SampleGen
INV-11184409-d7fe-40d1-960f-e0b1966ab01c,ID206207,CID-344,11184409-d7fe-40d1-960f-e0b1966ab01c,2025-07-21,2025-08-20,3815.86,228.96,4044.82,Issued,SampleGen
INV-42d3b774-510b-49cd-a9d9-e9e2f34fd508,ID206208,CID-344,42d3b774-510b-49cd-a9d9-e9e2f34fd508,2025-10-20,2025-11-19,877.78,52.68,930.46,Issued,SampleGen
INV-e87bc060-d9b4-4cc0-b045-78d28adff288,ID206209,CID-344,e87bc060-d9b4-4cc0-b045-78d28adff288,2025-11-02,2025-12-02,455.88,27.36,483.24,Issued,SampleGen
INV-558cad72-7c87-4835-8a10-35abb920e6f6,ID206210,CID-344,558cad72-7c87-4835-8a10-35abb920e6f6,2026-02-17,2026-03-19,881.82,52.92,934.74,Issued,SampleGen
INV-36cb7f01-2425-4cbb-b6f4-d2b084b00a4b,ID206211,CID-344,36cb7f01-2425-4cbb-b6f4-d2b084b00a4b,2026-03-05,2026-04-04,4135.8,248.16,4383.96,Issued,SampleGen
INV-595306a1-1617-4264-82da-6dbab4c33650,ID206212,CID-344,595306a1-1617-4264-82da-6dbab4c33650,2026-04-03,2026-05-03,5333.7,320.04,5653.74,Issued,SampleGen
INV-dce082f4-5602-4011-a525-a6c6a977f244,ID206213,CID-345,dce082f4-5602-4011-a525-a6c6a977f244,2025-01-28,2025-02-27,1479.88,88.8,1568.68,Issued,SampleGen
INV-d690c67b-257b-4e7f-9f1b-8fa97c42bfb9,ID206214,CID-345,d690c67b-257b-4e7f-9f1b-8fa97c42bfb9,2025-02-20,2025-03-22,6113.8,366.84,6480.64,Issued,SampleGen
INV-d60a3c9a-5ac0-43d6-85c0-d4be315dbea9,ID206215,CID-345,d60a3c9a-5ac0-43d6-85c0-d4be315dbea9,2025-03-16,2025-04-15,1043.82,62.64,1106.46,Issued,SampleGen
INV-d9ddd0c0-44f8-4933-a580-c5cefa2fa76b,ID206216,CID-345,d9ddd0c0-44f8-4933-a580-c5cefa2fa76b,2025-04-25,2025-05-25,983.84,59.04,1042.88,Issued,SampleGen
INV-5118b5ec-e50f-4007-b4ab-00937b442c22,ID206217,CID-345,5118b5ec-e50f-4007-b4ab-00937b442c22,2025-05-26,2025-06-25,3519.78,211.2,3730.98,Issued,SampleGen
INV-149ca8cf-1aa9-402e-a068-ca85e884a07d,ID206218,CID-345,149ca8cf-1aa9-402e-a068-ca85e884a07d,2025-06-25,2025-07-25,957.9,57.48,1015.38,Issued,SampleGen
INV-9a164af0-afea-40f1-be8a-36d9698ff8d2,ID206219,CID-345,9a164af0-afea-40f1-be8a-36d9698ff8d2,2025-06-28,2025-07-28,6739.72,404.4,7144.12,Issued,SampleGen
INV-989db001-bdca-4608-988d-3649394498a0,ID206220,CID-345,989db001-bdca-4608-988d-3649394498a0,2025-07-12,2025-08-11,851.88,51.12,903.0,Issued,SampleGen
INV-48bc9ca2-25ed-4d9f-9d8a-0c9ba2dbcaed,ID206221,CID-345,48bc9ca2-25ed-4d9f-9d8a-0c9ba2dbcaed,2025-08-16,2025-09-15,1949.78,117.0,2066.78,Issued,SampleGen
INV-b8d8db72-2da9-4755-b81a-5c94102a9816,ID206222,CID-345,b8d8db72-2da9-4755-b81a-5c94102a9816,2025-09-29,2025-10-29,1935.88,116.16,2052.04,Issued,SampleGen
INV-4f3df76a-6934-426f-ae84-9700d0c92c8a,ID206223,CID-345,4f3df76a-6934-426f-ae84-9700d0c92c8a,2025-10-02,2025-11-01,617.88,37.08,654.96,Issued,SampleGen
INV-5fc9cfc2-2f84-4f66-bc9e-3cf9837b20e5,ID206224,CID-345,5fc9cfc2-2f84-4f66-bc9e-3cf9837b20e5,2025-10-13,2025-11-12,551.88,33.12,585.0,Issued,SampleGen
INV-e878206a-8a1b-4e1e-8e3b-072c833687ad,ID206225,CID-345,e878206a-8a1b-4e1e-8e3b-072c833687ad,2025-11-17,2025-12-17,647.84,38.88,686.72,Issued,SampleGen
INV-fe868e94-939f-4269-ae43-d4a36c73767c,ID206226,CID-345,fe868e94-939f-4269-ae43-d4a36c73767c,2025-11-15,2025-12-15,657.82,39.48,697.3,Issued,SampleGen
INV-7729be74-d468-48bf-bba7-90f6992a4157,ID206227,CID-345,7729be74-d468-48bf-bba7-90f6992a4157,2025-12-23,2026-01-22,2523.84,151.44,2675.28,Issued,SampleGen
INV-915b7da2-6fb5-44c6-95a2-17d65ab3637f,ID206228,CID-345,915b7da2-6fb5-44c6-95a2-17d65ab3637f,2026-01-14,2026-02-13,943.92,56.64,1000.56,Issued,SampleGen
INV-d6e9af64-bdd6-48ba-9507-25b37a6f59b5,ID206229,CID-345,d6e9af64-bdd6-48ba-9507-25b37a6f59b5,2026-01-21,2026-02-20,635.9,38.16,674.06,Issued,SampleGen
INV-85ac99a3-a634-4221-83ce-9673f134f6cd,ID206230,CID-345,85ac99a3-a634-4221-83ce-9673f134f6cd,2026-02-23,2026-03-25,529.84,31.8,561.64,Issued,SampleGen
INV-46db50f3-ceeb-4be1-b1a8-57971bde04b6,ID206231,CID-345,46db50f3-ceeb-4be1-b1a8-57971bde04b6,2026-02-09,2026-03-11,2607.84,156.48,2764.32,Issued,SampleGen
INV-11c6ccc1-4042-4c9f-8957-f69506e385a9,ID206232,CID-345,11c6ccc1-4042-4c9f-8957-f69506e385a9,2026-03-08,2026-04-07,1087.84,65.28,1153.12,Issued,SampleGen
INV-befd1e9f-1245-4295-913a-209e0608cfb3,ID206233,CID-345,befd1e9f-1245-4295-913a-209e0608cfb3,2026-03-26,2026-04-25,903.88,54.24,958.12,Issued,SampleGen
INV-89b5632c-1598-48f9-bc63-457dfb2482fa,ID206234,CID-345,89b5632c-1598-48f9-bc63-457dfb2482fa,2026-03-14,2026-04-13,3319.74,199.2,3518.94,Issued,SampleGen
INV-af5e95ed-a87f-4bbd-b815-22888852fd98,ID206235,CID-345,af5e95ed-a87f-4bbd-b815-22888852fd98,2026-04-25,2026-05-25,2239.84,134.4,2374.24,Issued,SampleGen
INV-1468805e-ab31-44ec-903b-fab8d5a844dc,ID206236,CID-345,1468805e-ab31-44ec-903b-fab8d5a844dc,2026-04-27,2026-05-27,935.82,56.16,991.98,Issued,SampleGen
INV-e1f8ae1a-8804-418e-a5f9-ff623f2587b7,ID206237,CID-346,e1f8ae1a-8804-418e-a5f9-ff623f2587b7,2025-02-24,2025-03-26,559.86,33.6,593.46,Issued,SampleGen
INV-e35323f1-36ec-4272-a7cd-ca12ccb229e0,ID206238,CID-346,e35323f1-36ec-4272-a7cd-ca12ccb229e0,2025-05-20,2025-06-19,1403.86,84.24,1488.1,Issued,SampleGen
INV-e0d79714-3ddf-4be5-b89d-9122e8c16f6c,ID206239,CID-346,e0d79714-3ddf-4be5-b89d-9122e8c16f6c,2025-06-12,2025-07-12,1083.72,65.04,1148.76,Issued,SampleGen
INV-252106cd-4452-4d16-a544-0f7a46b304a5,ID206240,CID-346,252106cd-4452-4d16-a544-0f7a46b304a5,2025-07-03,2025-08-02,1599.84,96.0,1695.84,Issued,SampleGen
INV-af386d9b-5fbf-40be-bd3e-b0a77c41155f,ID206241,CID-346,af386d9b-5fbf-40be-bd3e-b0a77c41155f,2025-11-05,2025-12-05,979.86,58.8,1038.66,Issued,SampleGen
INV-3d148296-9335-44c1-ac7c-5753ee27fb43,ID206242,CID-346,3d148296-9335-44c1-ac7c-5753ee27fb43,2025-12-29,2026-01-28,1853.9,111.24,1965.14,Issued,SampleGen
INV-e48052aa-33b4-452d-a0d3-884e08468294,ID206243,CID-346,e48052aa-33b4-452d-a0d3-884e08468294,2026-01-08,2026-02-07,4557.72,273.48,4831.2,Issued,SampleGen
INV-04962d2a-3d68-47b7-80fa-7ba7bb8ed8d0,ID206244,CID-346,04962d2a-3d68-47b7-80fa-7ba7bb8ed8d0,2026-02-21,2026-03-23,535.88,32.16,568.04,Issued,SampleGen
INV-cd8ab52c-4c27-4adb-947b-62d725799b9c,ID206245,CID-346,cd8ab52c-4c27-4adb-947b-62d725799b9c,2026-03-14,2026-04-13,2771.76,166.32,2938.08,Issued,SampleGen
INV-db045264-fc8a-4a0d-9853-cabedfe96ad7,ID206246,CID-346,db045264-fc8a-4a0d-9853-cabedfe96ad7,2026-03-03,2026-04-02,515.82,30.96,546.78,Issued,SampleGen
INV-b0527070-ed0e-4c63-96d6-06c39b757dce,ID206247,CID-346,b0527070-ed0e-4c63-96d6-06c39b757dce,2026-04-21,2026-05-21,2303.78,138.24,2442.02,Issued,SampleGen
INV-98961fdc-8b07-4536-b944-2da610ad6795,ID206248,CID-347,98961fdc-8b07-4536-b944-2da610ad6795,2025-02-18,2025-03-20,1287.82,77.28,1365.1,Issued,SampleGen
INV-70d66d62-a62a-4fa5-ab5f-d223238b3069,ID206249,CID-347,70d66d62-a62a-4fa5-ab5f-d223238b3069,2025-05-12,2025-06-11,1675.78,100.56,1776.34,Issued,SampleGen
INV-e4235c4a-3ff4-4157-be28-a52cdf36a81c,ID206250,CID-347,e4235c4a-3ff4-4157-be28-a52cdf36a81c,2025-08-19,2025-09-18,2191.78,131.52,2323.3,Issued,SampleGen
INV-60379ccc-d8bf-4068-8ce2-5380761d49b4,ID206251,CID-347,60379ccc-d8bf-4068-8ce2-5380761d49b4,2025-09-12,2025-10-12,2267.8,136.08,2403.88,Issued,SampleGen
INV-5d037bf9-5554-4ade-81d3-4a1bda5264a6,ID206252,CID-347,5d037bf9-5554-4ade-81d3-4a1bda5264a6,2025-10-15,2025-11-14,1023.74,61.44,1085.18,Issued,SampleGen
INV-91892bc8-cd44-4144-8f25-612523b19058,ID206253,CID-347,91892bc8-cd44-4144-8f25-612523b19058,2025-11-24,2025-12-24,1283.84,77.04,1360.88,Issued,SampleGen
INV-94b7389c-40e3-44a8-a3fc-f660ba8ba07b,ID206254,CID-347,94b7389c-40e3-44a8-a3fc-f660ba8ba07b,2025-12-29,2026-01-28,779.88,46.8,826.68,Issued,SampleGen
INV-de4b8588-80d6-4dc8-809d-e8b9c5f6e775,ID206255,CID-347,de4b8588-80d6-4dc8-809d-e8b9c5f6e775,2026-02-07,2026-03-09,4399.8,264.0,4663.8,Issued,SampleGen
INV-147fc6b1-c27c-486a-9aa3-e4e294294556,ID206256,CID-347,147fc6b1-c27c-486a-9aa3-e4e294294556,2026-03-16,2026-04-15,3967.78,238.08,4205.86,Issued,SampleGen
INV-65561bac-9bd0-404c-addc-d3b1b56dea11,ID206257,CID-347,65561bac-9bd0-404c-addc-d3b1b56dea11,2026-04-08,2026-05-08,3121.8,187.32,3309.12,Issued,SampleGen
INV-90b3865b-a078-494f-a5b8-f4e341a6d758,ID206258,CID-348,90b3865b-a078-494f-a5b8-f4e341a6d758,2025-01-26,2025-02-25,2729.88,163.8,2893.68,Issued,SampleGen
INV-d810580a-a4f1-447a-8ae1-ade2b428b5cf,ID206259,CID-348,d810580a-a4f1-447a-8ae1-ade2b428b5cf,2025-02-04,2025-03-06,959.8,57.6,1017.4,Issued,SampleGen
INV-089b92c2-5508-4160-a934-55c57792382f,ID206260,CID-348,089b92c2-5508-4160-a934-55c57792382f,2025-03-06,2025-04-05,1131.82,67.92,1199.74,Issued,SampleGen
INV-ca736c50-ff22-4f60-8a70-25547ced73e6,ID206261,CID-348,ca736c50-ff22-4f60-8a70-25547ced73e6,2025-04-30,2025-05-30,3487.76,209.28,3697.04,Issued,SampleGen
INV-f9c2b845-a877-48d8-9a90-5de529d30233,ID206262,CID-348,f9c2b845-a877-48d8-9a90-5de529d30233,2025-05-06,2025-06-05,2323.78,139.44,2463.22,Issued,SampleGen
INV-d87723f8-b4a9-4b5a-bd72-570e7f6384eb,ID206263,CID-348,d87723f8-b4a9-4b5a-bd72-570e7f6384eb,2025-07-07,2025-08-06,1087.84,65.28,1153.12,Issued,SampleGen
INV-a0ffc4ea-7385-47e9-a36c-12819e713e5c,ID206264,CID-348,a0ffc4ea-7385-47e9-a36c-12819e713e5c,2025-10-25,2025-11-24,1501.74,90.12,1591.86,Issued,SampleGen
INV-4c3595e7-90ae-4cda-ac11-bdad38f97999,ID206265,CID-348,4c3595e7-90ae-4cda-ac11-bdad38f97999,2026-01-19,2026-02-18,3279.78,196.8,3476.58,Issued,SampleGen
INV-bcdbfa76-9873-4ecd-a2c0-079acdcd0a31,ID206266,CID-348,bcdbfa76-9873-4ecd-a2c0-079acdcd0a31,2026-02-21,2026-03-23,935.82,56.16,991.98,Issued,SampleGen
INV-03fe1800-d8dd-4ab1-b799-cb913ff74101,ID206267,CID-348,03fe1800-d8dd-4ab1-b799-cb913ff74101,2026-03-03,2026-04-02,1507.74,90.48,1598.22,Issued,SampleGen
INV-0ab097e4-53eb-4dcc-bd47-4c6011f98833,ID206268,CID-348,0ab097e4-53eb-4dcc-bd47-4c6011f98833,2026-04-16,2026-05-16,693.86,41.64,735.5,Issued,SampleGen
INV-c868def0-5923-488a-9b37-f361af7314e2,ID206269,CID-349,c868def0-5923-488a-9b37-f361af7314e2,2025-03-30,2025-04-29,3205.76,192.36,3398.12,Issued,SampleGen
INV-3703c1b0-98f8-4878-855a-2fb47d778532,ID206270,CID-349,3703c1b0-98f8-4878-855a-2fb47d778532,2025-05-30,2025-06-29,1499.9,90.0,1589.9,Issued,SampleGen
INV-9bdbec0e-edaf-41c6-a63e-4bb99809bcb6,ID206271,CID-349,9bdbec0e-edaf-41c6-a63e-4bb99809bcb6,2025-06-08,2025-07-08,1679.88,100.8,1780.68,Issued,SampleGen
INV-0fdf4c07-40e3-4b95-8ec2-6fb91705341c,ID206272,CID-349,0fdf4c07-40e3-4b95-8ec2-6fb91705341c,2025-08-12,2025-09-11,863.84,51.84,915.68,Issued,SampleGen
INV-c7524f95-d666-416b-a432-a64d08a56743,ID206273,CID-349,c7524f95-d666-416b-a432-a64d08a56743,2025-09-14,2025-10-14,2675.88,160.56,2836.44,Issued,SampleGen
INV-52356632-17d3-4988-9183-23ebeaf6477c,ID206274,CID-349,52356632-17d3-4988-9183-23ebeaf6477c,2025-10-26,2025-11-25,4867.72,292.08,5159.8,Issued,SampleGen
INV-b08e042c-e106-4e1d-a568-467d8be51c60,ID206275,CID-349,b08e042c-e106-4e1d-a568-467d8be51c60,2025-11-12,2025-12-12,4249.8,255.0,4504.8,Issued,SampleGen
INV-01d03cad-c2f0-47ef-aada-5372c06dc89f,ID206276,CID-349,01d03cad-c2f0-47ef-aada-5372c06dc89f,2025-12-22,2026-01-21,2715.86,162.96,2878.82,Issued,SampleGen
INV-61afcfb4-ce83-4995-b19e-099f09857396,ID206277,CID-349,61afcfb4-ce83-4995-b19e-099f09857396,2026-01-20,2026-02-19,3579.78,214.8,3794.58,Issued,SampleGen
INV-cd1553f0-6d64-4434-b99c-6cc4ea9a6573,ID206278,CID-349,cd1553f0-6d64-4434-b99c-6cc4ea9a6573,2026-01-17,2026-02-16,1499.9,90.0,1589.9,Issued,SampleGen
INV-ebf64e24-0291-45b8-ac42-1e67621b8787,ID206279,CID-349,ebf64e24-0291-45b8-ac42-1e67621b8787,2026-02-12,2026-03-14,3591.8,215.52,3807.32,Issued,SampleGen
INV-b739e05e-1ce5-4af3-8dff-429b65d13d4c,ID206280,CID-349,b739e05e-1ce5-4af3-8dff-429b65d13d4c,2026-02-05,2026-03-07,1011.84,60.72,1072.56,Issued,SampleGen
INV-1f299278-8734-489d-8dfc-3ba5c43f7728,ID206281,CID-349,1f299278-8734-489d-8dfc-3ba5c43f7728,2026-03-27,2026-04-26,5111.76,306.72,5418.48,Issued,SampleGen
INV-721f6ecd-896c-41ec-bf2f-bf285fc532b3,ID206282,CID-349,721f6ecd-896c-41ec-bf2f-bf285fc532b3,2026-04-14,2026-05-14,1049.86,63.0,1112.86,Issued,SampleGen
INV-c631afbe-9f1b-49bc-8fcd-c610a63b197f,ID206283,CID-349,c631afbe-9f1b-49bc-8fcd-c610a63b197f,2026-04-08,2026-05-08,1979.9,118.8,2098.7,Issued,SampleGen
INV-9f0c0fcd-b653-4d8a-a2e6-021ad7d1ac18,ID206284,CID-350,9f0c0fcd-b653-4d8a-a2e6-021ad7d1ac18,2025-01-20,2025-02-19,3679.88,220.8,3900.68,Issued,SampleGen
INV-7cced196-28c2-4a87-a194-9a33930bb6b2,ID206285,CID-350,7cced196-28c2-4a87-a194-9a33930bb6b2,2025-02-04,2025-03-06,4573.8,274.44,4848.24,Issued,SampleGen
INV-82f522d9-ceda-4667-b0a9-cb8b89820d47,ID206286,CID-350,82f522d9-ceda-4667-b0a9-cb8b89820d47,2025-03-28,2025-04-27,763.76,45.84,809.6,Issued,SampleGen
INV-5ed0a8f4-ff2f-4328-920d-07cb6baebcfd,ID206287,CID-350,5ed0a8f4-ff2f-4328-920d-07cb6baebcfd,2025-04-07,2025-05-07,4419.78,265.2,4684.98,Issued,SampleGen
INV-060368c0-add5-4833-9d31-cda253a3e4f7,ID206288,CID-350,060368c0-add5-4833-9d31-cda253a3e4f7,2025-05-12,2025-06-11,699.86,42.0,741.86,Issued,SampleGen
INV-7e24059e-f5f9-47cc-a1fc-57343b6dce70,ID206289,CID-350,7e24059e-f5f9-47cc-a1fc-57343b6dce70,2025-06-12,2025-07-12,471.84,28.32,500.16,Issued,SampleGen
INV-23a671d6-d3af-4b8e-85ad-920f2cac5677,ID206290,CID-350,23a671d6-d3af-4b8e-85ad-920f2cac5677,2025-09-28,2025-10-28,1663.84,99.84,1763.68,Issued,SampleGen
INV-a0c7551b-0bfc-4aa1-8bdb-b189e15cded9,ID206291,CID-350,a0c7551b-0bfc-4aa1-8bdb-b189e15cded9,2025-10-08,2025-11-07,2355.8,141.36,2497.16,Issued,SampleGen
INV-72d668ff-d8ba-4222-806f-8f491a4db85d,ID206292,CID-350,72d668ff-d8ba-4222-806f-8f491a4db85d,2025-12-01,2025-12-31,725.82,43.56,769.38,Issued,SampleGen
INV-d6dc06f1-a417-4693-86a2-f8448a17ff59,ID206293,CID-350,d6dc06f1-a417-4693-86a2-f8448a17ff59,2025-12-10,2026-01-09,2183.86,131.04,2314.9,Issued,SampleGen
INV-4723d388-1a2b-4b3d-a092-59ff7bc818bb,ID206294,CID-350,4723d388-1a2b-4b3d-a092-59ff7bc818bb,2026-01-24,2026-02-23,2139.86,128.4,2268.26,Issued,SampleGen
INV-e4a687a4-268e-4dfe-a9ad-5b0fa6123b69,ID206295,CID-350,e4a687a4-268e-4dfe-a9ad-5b0fa6123b69,2026-02-24,2026-03-26,1415.88,84.96,1500.84,Issued,SampleGen
INV-57f3a60a-2986-4db0-b1bf-3726724bb5d8,ID206296,CID-350,57f3a60a-2986-4db0-b1bf-3726724bb5d8,2026-03-22,2026-04-21,875.92,52.56,928.48,Issued,SampleGen
INV-4ca41723-aacb-4010-b3f5-44bf5703e44d,ID206297,CID-350,4ca41723-aacb-4010-b3f5-44bf5703e44d,2026-04-05,2026-05-05,659.88,39.6,699.48,Issued,SampleGen
INV-d8fd6067-5545-4bef-999e-d7fc34cdb55c,ID206298,CID-351,d8fd6067-5545-4bef-999e-d7fc34cdb55c,2025-01-26,2025-02-25,6383.78,383.04,6766.82,Issued,SampleGen
INV-538eea1a-ebfa-4686-a4c6-6c84fb002750,ID206299,CID-351,538eea1a-ebfa-4686-a4c6-6c84fb002750,2025-04-19,2025-05-19,727.82,43.68,771.5,Issued,SampleGen
INV-5542e3f2-636b-4c4b-a132-97e8080a3a06,ID206300,CID-351,5542e3f2-636b-4c4b-a132-97e8080a3a06,2025-05-07,2025-06-06,4491.8,269.52,4761.32,Issued,SampleGen
INV-992cc6a0-185c-4cc7-aeee-26ad41e968a5,ID206301,CID-351,992cc6a0-185c-4cc7-aeee-26ad41e968a5,2025-09-16,2025-10-16,3567.88,214.08,3781.96,Issued,SampleGen
INV-6b39493a-e29e-444c-9331-2b38e5f50fa5,ID206302,CID-351,6b39493a-e29e-444c-9331-2b38e5f50fa5,2025-10-21,2025-11-20,2215.78,132.96,2348.74,Issued,SampleGen
INV-d5c379fc-eb1d-4a4d-be5d-df5688ac2d74,ID206303,CID-351,d5c379fc-eb1d-4a4d-be5d-df5688ac2d74,2025-11-18,2025-12-18,399.86,24.0,423.86,Issued,SampleGen
INV-a2c601c4-1da8-4146-b003-e4d977f06aa0,ID206304,CID-351,a2c601c4-1da8-4146-b003-e4d977f06aa0,2026-01-16,2026-02-15,651.8,39.12,690.92,Issued,SampleGen
INV-5bb65c13-9d2e-42ac-ae1c-7d1405e4bbb9,ID206305,CID-351,5bb65c13-9d2e-42ac-ae1c-7d1405e4bbb9,2026-03-19,2026-04-18,1219.8,73.2,1293.0,Issued,SampleGen
INV-5345bcc0-7e48-476a-8dfc-110db31abfbc,ID206306,CID-351,5345bcc0-7e48-476a-8dfc-110db31abfbc,2026-04-04,2026-05-04,3687.82,221.28,3909.1,Issued,SampleGen
INV-0b3e3035-db5d-47b1-a3c1-1458ff26a221,ID206307,CID-352,0b3e3035-db5d-47b1-a3c1-1458ff26a221,2025-01-21,2025-02-20,3895.8,233.76,4129.56,Issued,SampleGen
INV-95f8aaad-aa39-447c-bc50-5505c7e50004,ID206308,CID-352,95f8aaad-aa39-447c-bc50-5505c7e50004,2025-02-12,2025-03-14,1783.78,107.04,1890.82,Issued,SampleGen
INV-ef80a620-bea2-4379-93fa-2c8c7aec32cc,ID206309,CID-352,ef80a620-bea2-4379-93fa-2c8c7aec32cc,2025-03-17,2025-04-16,1295.82,77.76,1373.58,Issued,SampleGen
INV-1b1c2bbb-1be4-4052-9272-e51192c80944,ID206310,CID-352,1b1c2bbb-1be4-4052-9272-e51192c80944,2025-04-22,2025-05-22,407.88,24.48,432.36,Issued,SampleGen
INV-0b9270c4-d55d-4b80-901a-e453ba6c862d,ID206311,CID-352,0b9270c4-d55d-4b80-901a-e453ba6c862d,2025-05-30,2025-06-29,2033.74,122.04,2155.78,Issued,SampleGen
INV-1f6b1a7c-e2b8-4445-8370-82a06045252c,ID206312,CID-352,1f6b1a7c-e2b8-4445-8370-82a06045252c,2025-07-01,2025-07-31,1439.86,86.4,1526.26,Issued,SampleGen
INV-e20860f2-88da-4a31-b447-c49d3a36a89e,ID206313,CID-352,e20860f2-88da-4a31-b447-c49d3a36a89e,2025-07-21,2025-08-20,2511.8,150.72,2662.52,Issued,SampleGen
INV-7460611e-9213-4f77-9709-6633b03b8246,ID206314,CID-352,7460611e-9213-4f77-9709-6633b03b8246,2025-08-28,2025-09-27,2287.8,137.28,2425.08,Issued,SampleGen
INV-1eb1366b-2935-4a18-a6f4-8af951643eb6,ID206315,CID-352,1eb1366b-2935-4a18-a6f4-8af951643eb6,2025-09-23,2025-10-23,5331.76,319.92,5651.68,Issued,SampleGen
INV-c45711a9-6173-4879-a572-759fa8eb6e5f,ID206316,CID-352,c45711a9-6173-4879-a572-759fa8eb6e5f,2025-10-06,2025-11-05,703.84,42.24,746.08,Issued,SampleGen
INV-52eb414a-55b2-46d3-89e2-b96e4016f4e4,ID206317,CID-352,52eb414a-55b2-46d3-89e2-b96e4016f4e4,2025-11-03,2025-12-03,909.74,54.6,964.34,Issued,SampleGen
INV-c64e146f-b4c7-43de-a125-d01fc4ad768c,ID206318,CID-352,c64e146f-b4c7-43de-a125-d01fc4ad768c,2025-12-12,2026-01-11,1415.88,84.96,1500.84,Issued,SampleGen
INV-e520146c-0c82-4d5d-9f80-196803ce3b0f,ID206319,CID-352,e520146c-0c82-4d5d-9f80-196803ce3b0f,2026-01-27,2026-02-26,5627.74,337.68,5965.42,Issued,SampleGen
INV-1ff3a501-05fb-4dff-819d-20c80f126164,ID206320,CID-352,1ff3a501-05fb-4dff-819d-20c80f126164,2026-01-25,2026-02-24,1145.76,68.76,1214.52,Issued,SampleGen
INV-41441ed4-132f-4836-8c97-c5f088b15aa3,ID206321,CID-352,41441ed4-132f-4836-8c97-c5f088b15aa3,2026-02-07,2026-03-09,3235.78,194.16,3429.94,Issued,SampleGen
INV-0ce4c579-a934-425e-a9d8-b8c169b45c26,ID206322,CID-352,0ce4c579-a934-425e-a9d8-b8c169b45c26,2026-02-21,2026-03-23,1315.76,78.96,1394.72,Issued,SampleGen
INV-174b5301-f49a-442d-b3f2-85882b28b6ac,ID206323,CID-352,174b5301-f49a-442d-b3f2-85882b28b6ac,2026-03-08,2026-04-07,5271.84,316.32,5588.16,Issued,SampleGen
INV-66796994-54b9-4c03-bcd5-007d2bd5e065,ID206324,CID-352,66796994-54b9-4c03-bcd5-007d2bd5e065,2026-03-05,2026-04-04,1159.74,69.6,1229.34,Issued,SampleGen
INV-88c9e928-63ca-430c-a0d7-e35d3162e80f,ID206325,CID-352,88c9e928-63ca-430c-a0d7-e35d3162e80f,2026-04-24,2026-05-24,557.9,33.48,591.38,Issued,SampleGen
INV-1338ddc1-9640-4e00-9bcf-6ad4bc1c2b51,ID206326,CID-352,1338ddc1-9640-4e00-9bcf-6ad4bc1c2b51,2026-04-28,2026-05-28,269.86,16.2,286.06,Issued,SampleGen
INV-1bbe94ba-c5cb-4fc9-91a5-ccbb16c2eaa8,ID206327,CID-353,1bbe94ba-c5cb-4fc9-91a5-ccbb16c2eaa8,2025-01-28,2025-02-27,1887.82,113.28,2001.1,Issued,SampleGen
INV-8b1eb54b-204d-4e7a-8edc-84956bcdfcc5,ID206328,CID-353,8b1eb54b-204d-4e7a-8edc-84956bcdfcc5,2025-02-16,2025-03-18,1375.76,82.56,1458.32,Issued,SampleGen
INV-2eda914e-4f65-47fe-be5a-6507480b0f59,ID206329,CID-353,2eda914e-4f65-47fe-be5a-6507480b0f59,2025-03-22,2025-04-21,3661.82,219.72,3881.54,Issued,SampleGen
INV-39a73025-d14a-4839-9b25-d0fd234b1d1e,ID206330,CID-353,39a73025-d14a-4839-9b25-d0fd234b1d1e,2025-04-20,2025-05-20,3683.86,221.04,3904.9,Issued,SampleGen
INV-ce2f8ad2-d77f-46ca-962b-67271f1730ca,ID206331,CID-353,ce2f8ad2-d77f-46ca-962b-67271f1730ca,2025-05-06,2025-06-05,1913.9,114.84,2028.74,Issued,SampleGen
INV-10b2ab6b-b381-4322-9ca9-c6770964843f,ID206332,CID-353,10b2ab6b-b381-4322-9ca9-c6770964843f,2025-06-20,2025-07-20,1499.82,90.0,1589.82,Issued,SampleGen
INV-052755df-434d-4a6f-b29f-389cc7f00cca,ID206333,CID-353,052755df-434d-4a6f-b29f-389cc7f00cca,2025-07-19,2025-08-18,2059.86,123.6,2183.46,Issued,SampleGen
INV-dd79f1b9-2254-488e-80ef-142501d68223,ID206334,CID-353,dd79f1b9-2254-488e-80ef-142501d68223,2025-09-01,2025-10-01,1047.8,62.88,1110.68,Issued,SampleGen
INV-a2072002-0b14-4de2-84a6-9d57476d7519,ID206335,CID-353,a2072002-0b14-4de2-84a6-9d57476d7519,2025-08-30,2025-09-29,859.88,51.6,911.48,Issued,SampleGen
INV-d4a6d9f6-0011-4f85-8f80-0a5da95fa78b,ID206336,CID-353,d4a6d9f6-0011-4f85-8f80-0a5da95fa78b,2025-09-28,2025-10-28,3647.84,218.88,3866.72,Issued,SampleGen
INV-af4ada98-a1ab-4917-96a5-0d760536a5c0,ID206337,CID-353,af4ada98-a1ab-4917-96a5-0d760536a5c0,2025-09-11,2025-10-11,1839.86,110.4,1950.26,Issued,SampleGen
INV-3a6cbdec-2b1f-49e9-a50e-093ec2430255,ID206338,CID-353,3a6cbdec-2b1f-49e9-a50e-093ec2430255,2025-10-02,2025-11-01,3815.76,228.96,4044.72,Issued,SampleGen
INV-b4594d28-f957-4825-b9ff-593f3a186f44,ID206339,CID-353,b4594d28-f957-4825-b9ff-593f3a186f44,2025-10-23,2025-11-22,1169.72,70.2,1239.92,Issued,SampleGen
INV-8c895d75-4ed8-4cef-b01f-582cb81e09f2,ID206340,CID-353,8c895d75-4ed8-4cef-b01f-582cb81e09f2,2025-11-08,2025-12-08,715.78,42.96,758.74,Issued,SampleGen
INV-ee443130-87f8-4956-8e8b-5a9846bc157a,ID206341,CID-353,ee443130-87f8-4956-8e8b-5a9846bc157a,2025-12-10,2026-01-09,2771.8,166.32,2938.12,Issued,SampleGen
INV-5b8bd0b7-a7fa-489e-be53-7d907fd8c0fb,ID206342,CID-353,5b8bd0b7-a7fa-489e-be53-7d907fd8c0fb,2025-12-16,2026-01-15,951.86,57.12,1008.98,Issued,SampleGen
INV-d3150f61-3d1a-4bff-94dd-25ad470917bf,ID206343,CID-353,d3150f61-3d1a-4bff-94dd-25ad470917bf,2026-02-01,2026-03-03,1265.76,75.96,1341.72,Issued,SampleGen
INV-49997d95-2a28-49ef-9209-d010beefad45,ID206344,CID-353,49997d95-2a28-49ef-9209-d010beefad45,2026-01-25,2026-02-24,1563.84,93.84,1657.68,Issued,SampleGen
INV-e2362bb8-1cbf-409d-bc3d-a3349e9139b2,ID206345,CID-353,e2362bb8-1cbf-409d-bc3d-a3349e9139b2,2026-03-01,2026-03-31,639.84,38.4,678.24,Issued,SampleGen
INV-7e86e829-c8e4-4685-a117-49a5bedafeca,ID206346,CID-353,7e86e829-c8e4-4685-a117-49a5bedafeca,2026-02-18,2026-03-20,4237.7,254.28,4491.98,Issued,SampleGen
INV-3ec44959-916e-4a11-967c-9ec8e22a56a4,ID206347,CID-353,3ec44959-916e-4a11-967c-9ec8e22a56a4,2026-03-10,2026-04-09,3135.72,188.16,3323.88,Issued,SampleGen
INV-bdd8c989-c609-462d-a6dc-56f12a8e2a68,ID206348,CID-353,bdd8c989-c609-462d-a6dc-56f12a8e2a68,2026-03-25,2026-04-24,4051.78,243.12,4294.9,Issued,SampleGen
INV-c06c32f5-d052-4c75-88ff-5783165a2923,ID206349,CID-353,c06c32f5-d052-4c75-88ff-5783165a2923,2026-04-21,2026-05-21,1511.82,90.72,1602.54,Issued,SampleGen
INV-de065144-d1c3-4a01-b4c1-a1000fd4ad80,ID206350,CID-353,de065144-d1c3-4a01-b4c1-a1000fd4ad80,2026-04-13,2026-05-13,607.86,36.48,644.34,Issued,SampleGen
INV-bc085c26-b83e-4049-85b6-8a4264903655,ID206351,CID-354,bc085c26-b83e-4049-85b6-8a4264903655,2025-10-29,2025-11-28,4039.68,242.4,4282.08,Issued,SampleGen
INV-6d40d169-170e-42f9-8ef7-0eb584ec3592,ID206352,CID-355,6d40d169-170e-42f9-8ef7-0eb584ec3592,2025-03-08,2025-04-07,783.82,47.04,830.86,Issued,SampleGen
INV-a3d7063d-9fa8-4e01-968c-7522b5df05c4,ID206353,CID-355,a3d7063d-9fa8-4e01-968c-7522b5df05c4,2025-04-18,2025-05-18,3911.8,234.72,4146.52,Issued,SampleGen
INV-997be7cc-f5b3-49bb-8480-9937661bfda7,ID206354,CID-355,997be7cc-f5b3-49bb-8480-9937661bfda7,2025-08-13,2025-09-12,743.84,44.64,788.48,Issued,SampleGen
INV-efbbc79a-4f59-4c8c-b7aa-70e5144634fc,ID206355,CID-355,efbbc79a-4f59-4c8c-b7aa-70e5144634fc,2025-09-22,2025-10-22,209.9,12.6,222.5,Issued,SampleGen
INV-e5db2091-ef8e-4123-88e0-b9414a3d1ac7,ID206356,CID-355,e5db2091-ef8e-4123-88e0-b9414a3d1ac7,2026-01-05,2026-02-04,5267.78,316.08,5583.86,Issued,SampleGen
INV-087e60a1-726f-4c2a-a969-79da11659616,ID206357,CID-355,087e60a1-726f-4c2a-a969-79da11659616,2026-02-24,2026-03-26,1117.8,67.08,1184.88,Issued,SampleGen
INV-64da7f2b-2e65-4efd-8fdf-55c1395288cb,ID206358,CID-355,64da7f2b-2e65-4efd-8fdf-55c1395288cb,2026-03-02,2026-04-01,2819.86,169.2,2989.06,Issued,SampleGen
INV-c08282d6-e314-477c-9945-616a1e1cb2b5,ID206359,CID-355,c08282d6-e314-477c-9945-616a1e1cb2b5,2026-04-09,2026-05-09,1211.74,72.72,1284.46,Issued,SampleGen
INV-91ab6acc-0aa7-4df5-ab6e-a9de22fad0ac,ID206360,CID-356,91ab6acc-0aa7-4df5-ab6e-a9de22fad0ac,2025-01-31,2025-03-02,1475.88,88.56,1564.44,Issued,SampleGen
INV-caf595e6-0fac-499c-94a4-bd2f3391aad1,ID206361,CID-356,caf595e6-0fac-499c-94a4-bd2f3391aad1,2025-02-24,2025-03-26,755.84,45.36,801.2,Issued,SampleGen
INV-6d881875-1c00-47ee-ad26-0174b49b6261,ID206362,CID-356,6d881875-1c00-47ee-ad26-0174b49b6261,2025-02-15,2025-03-17,1303.74,78.24,1381.98,Issued,SampleGen
INV-f4255581-c5fd-45b8-b2f2-def07182b5ef,ID206363,CID-356,f4255581-c5fd-45b8-b2f2-def07182b5ef,2025-03-12,2025-04-11,2375.8,142.56,2518.36,Issued,SampleGen
INV-f35775b2-a57c-4c89-888e-bf8b566053f0,ID206364,CID-356,f35775b2-a57c-4c89-888e-bf8b566053f0,2025-03-21,2025-04-20,3059.82,183.6,3243.42,Issued,SampleGen
INV-615de2f5-9ba2-41eb-9747-eb5409ff5282,ID206365,CID-356,615de2f5-9ba2-41eb-9747-eb5409ff5282,2025-04-23,2025-05-23,515.8,30.96,546.76,Issued,SampleGen
INV-692cb6e1-27a2-482d-abe5-8f7578c44912,ID206366,CID-356,692cb6e1-27a2-482d-abe5-8f7578c44912,2025-04-09,2025-05-09,623.82,37.44,661.26,Issued,SampleGen
INV-c44597d0-d6b6-491c-bba6-94a1068115f0,ID206367,CID-356,c44597d0-d6b6-491c-bba6-94a1068115f0,2025-05-09,2025-06-08,5963.86,357.84,6321.7,Issued,SampleGen
INV-8e18e746-2b5d-45a8-9d4b-b5ec8144e53b,ID206368,CID-356,8e18e746-2b5d-45a8-9d4b-b5ec8144e53b,2025-05-31,2025-06-30,1261.78,75.72,1337.5,Issued,SampleGen
INV-bfdbb7ef-6707-4319-9beb-af45162826b1,ID206369,CID-356,bfdbb7ef-6707-4319-9beb-af45162826b1,2025-06-18,2025-07-18,2417.84,145.08,2562.92,Issued,SampleGen
INV-1f3486a0-f41e-4f14-acf2-907ec903add3,ID206370,CID-356,1f3486a0-f41e-4f14-acf2-907ec903add3,2025-06-08,2025-07-08,2209.76,132.6,2342.36,Issued,SampleGen
INV-41e77bb0-f6fd-4875-b99f-10a54310790d,ID206371,CID-356,41e77bb0-f6fd-4875-b99f-10a54310790d,2025-06-28,2025-07-28,869.84,52.2,922.04,Issued,SampleGen
INV-a0708456-afb2-46fe-864f-a2fc684313ec,ID206372,CID-356,a0708456-afb2-46fe-864f-a2fc684313ec,2025-07-22,2025-08-21,1479.88,88.8,1568.68,Issued,SampleGen
INV-214f541e-df90-4b51-b9f2-e89b5c7c3ea4,ID206373,CID-356,214f541e-df90-4b51-b9f2-e89b5c7c3ea4,2025-07-08,2025-08-07,723.9,43.44,767.34,Issued,SampleGen
INV-9714dae7-134d-4bd8-a71b-daea1761656d,ID206374,CID-356,9714dae7-134d-4bd8-a71b-daea1761656d,2025-07-21,2025-08-20,1127.88,67.68,1195.56,Issued,SampleGen
INV-e3b100c2-df45-48c9-b207-66717aa92c2d,ID206375,CID-356,e3b100c2-df45-48c9-b207-66717aa92c2d,2025-08-26,2025-09-25,1299.7,78.0,1377.7,Issued,SampleGen
INV-95c61fe5-7581-4b71-9efa-21539dfdce67,ID206376,CID-356,95c61fe5-7581-4b71-9efa-21539dfdce67,2025-08-02,2025-09-01,1875.82,112.56,1988.38,Issued,SampleGen
INV-ab34686d-e8a6-461e-ab6a-c413ba8c158e,ID206377,CID-356,ab34686d-e8a6-461e-ab6a-c413ba8c158e,2025-08-27,2025-09-26,567.82,34.08,601.9,Issued,SampleGen
INV-661404d6-9ded-4d1a-b50f-e09efd963a68,ID206378,CID-356,661404d6-9ded-4d1a-b50f-e09efd963a68,2025-09-11,2025-10-11,1703.88,102.24,1806.12,Issued,SampleGen
INV-c66cca43-de6d-44c4-b0f7-8de76d9e9e9e,ID206379,CID-356,c66cca43-de6d-44c4-b0f7-8de76d9e9e9e,2025-10-01,2025-10-31,1547.88,92.88,1640.76,Issued,SampleGen
INV-07b14d09-ad6a-4f5a-a611-2946021ef83c,ID206380,CID-356,07b14d09-ad6a-4f5a-a611-2946021ef83c,2025-09-24,2025-10-24,3935.82,236.16,4171.98,Issued,SampleGen
INV-b71519a0-de39-4a6c-ab99-d27e1d73e37b,ID206381,CID-356,b71519a0-de39-4a6c-ab99-d27e1d73e37b,2025-09-20,2025-10-20,3119.84,187.2,3307.04,Issued,SampleGen
INV-04aa82d2-6805-46c4-8e75-1f6267a46904,ID206382,CID-356,04aa82d2-6805-46c4-8e75-1f6267a46904,2025-10-09,2025-11-08,2719.86,163.2,2883.06,Issued,SampleGen
INV-0283ace1-3c7c-4c2a-8b48-52bd07424651,ID206383,CID-356,0283ace1-3c7c-4c2a-8b48-52bd07424651,2025-10-07,2025-11-06,635.9,38.16,674.06,Issued,SampleGen
INV-d290796f-4373-4e26-8089-d83eb7eef5dd,ID206384,CID-356,d290796f-4373-4e26-8089-d83eb7eef5dd,2025-10-03,2025-11-02,1719.84,103.2,1823.04,Issued,SampleGen
INV-b9f07a79-1fb1-453e-bead-d4d563caa53e,ID206385,CID-356,b9f07a79-1fb1-453e-bead-d4d563caa53e,2025-11-10,2025-12-10,3035.82,182.16,3217.98,Issued,SampleGen
INV-d87bae36-6ccb-4c18-ae5e-0c515f1f2573,ID206386,CID-356,d87bae36-6ccb-4c18-ae5e-0c515f1f2573,2025-11-18,2025-12-18,2509.78,150.6,2660.38,Issued,SampleGen
INV-ed7fdd93-0a92-4d95-9a87-27753f39ec7a,ID206387,CID-356,ed7fdd93-0a92-4d95-9a87-27753f39ec7a,2025-11-22,2025-12-22,715.86,42.96,758.82,Issued,SampleGen
INV-44617202-2c18-45c4-80a6-5fca1f808f70,ID206388,CID-356,44617202-2c18-45c4-80a6-5fca1f808f70,2025-11-08,2025-12-08,4927.84,295.68,5223.52,Issued,SampleGen
INV-693ce46e-01a8-4c7b-a201-55eeb8b57999,ID206389,CID-356,693ce46e-01a8-4c7b-a201-55eeb8b57999,2025-12-31,2026-01-30,3823.76,229.44,4053.2,Issued,SampleGen
INV-9d0c62b1-db6a-4122-b806-5cb1dc736569,ID206390,CID-356,9d0c62b1-db6a-4122-b806-5cb1dc736569,2025-12-17,2026-01-16,5031.76,301.92,5333.68,Issued,SampleGen
INV-c0c63471-b253-4273-9c37-bd37f95c21d7,ID206391,CID-356,c0c63471-b253-4273-9c37-bd37f95c21d7,2025-12-12,2026-01-11,795.78,47.76,843.54,Issued,SampleGen
INV-1c9291f7-b3fb-406a-8907-c7a3d71bf5b8,ID206392,CID-356,1c9291f7-b3fb-406a-8907-c7a3d71bf5b8,2025-12-17,2026-01-16,3711.82,222.72,3934.54,Issued,SampleGen
INV-344d17ee-617a-4d7f-8248-d66bc8d23e68,ID206393,CID-356,344d17ee-617a-4d7f-8248-d66bc8d23e68,2025-12-15,2026-01-14,3143.72,188.64,3332.36,Issued,SampleGen
INV-5b48d30b-83ea-4fc9-893c-54ea6f3071f4,ID206394,CID-356,5b48d30b-83ea-4fc9-893c-54ea6f3071f4,2026-02-01,2026-03-03,1337.88,80.28,1418.16,Issued,SampleGen
INV-b9827d4b-03f7-4615-9df3-4c2310705836,ID206395,CID-356,b9827d4b-03f7-4615-9df3-4c2310705836,2026-01-04,2026-02-03,369.86,22.2,392.06,Issued,SampleGen
INV-23cd5758-258a-4df2-9a2c-c41539f2239f,ID206396,CID-356,23cd5758-258a-4df2-9a2c-c41539f2239f,2026-01-31,2026-03-02,3653.76,219.24,3873.0,Issued,SampleGen
INV-dc6046d4-d375-4d54-bb0f-9ad0a43e1a38,ID206397,CID-356,dc6046d4-d375-4d54-bb0f-9ad0a43e1a38,2026-01-25,2026-02-24,2427.78,145.68,2573.46,Issued,SampleGen
INV-013b0eeb-9b90-4dc1-bf4d-ac19352b31a4,ID206398,CID-356,013b0eeb-9b90-4dc1-bf4d-ac19352b31a4,2026-02-02,2026-03-04,3147.82,188.88,3336.7,Issued,SampleGen
INV-d94c0053-34e2-4012-b5e4-d34fb82287fb,ID206399,CID-356,d94c0053-34e2-4012-b5e4-d34fb82287fb,2026-02-08,2026-03-10,943.92,56.64,1000.56,Issued,SampleGen
INV-4beab8e2-4594-4667-92be-bdb0787df9ee,ID206400,CID-356,4beab8e2-4594-4667-92be-bdb0787df9ee,2026-02-08,2026-03-10,3903.76,234.24,4138.0,Issued,SampleGen
INV-be778bbf-6259-4649-92ba-ed97799b2f82,ID206401,CID-356,be778bbf-6259-4649-92ba-ed97799b2f82,2026-02-03,2026-03-05,2531.8,151.92,2683.72,Issued,SampleGen
INV-c6c42793-9be5-490b-b489-d1f394b25a2a,ID206402,CID-356,c6c42793-9be5-490b-b489-d1f394b25a2a,2026-02-14,2026-03-16,609.84,36.6,646.44,Issued,SampleGen
INV-7cc18416-6f4d-470f-8cd2-61ba59e23a59,ID206403,CID-356,7cc18416-6f4d-470f-8cd2-61ba59e23a59,2026-03-26,2026-04-25,4145.7,248.76,4394.46,Issued,SampleGen
INV-f88f9edb-e7de-4848-a3a3-f012df934224,ID206404,CID-356,f88f9edb-e7de-4848-a3a3-f012df934224,2026-03-06,2026-04-05,907.86,54.48,962.34,Issued,SampleGen
INV-767d497a-df5e-45a9-a644-6b82617196cd,ID206405,CID-356,767d497a-df5e-45a9-a644-6b82617196cd,2026-03-21,2026-04-20,1703.88,102.24,1806.12,Issued,SampleGen
INV-32036659-0f2e-4db8-9764-5e6bd043b0dc,ID206406,CID-356,32036659-0f2e-4db8-9764-5e6bd043b0dc,2026-03-31,2026-04-30,1119.88,67.2,1187.08,Issued,SampleGen
INV-7c9d480c-a0b5-4137-b8f2-1985e3a50cbf,ID206407,CID-356,7c9d480c-a0b5-4137-b8f2-1985e3a50cbf,2026-04-15,2026-05-15,375.9,22.56,398.46,Issued,SampleGen
INV-4a3cde60-2549-42d3-8410-c798fa33941b,ID206408,CID-356,4a3cde60-2549-42d3-8410-c798fa33941b,2026-05-01,2026-05-31,1835.92,110.16,1946.08,Issued,SampleGen
INV-70a10c0a-82d2-46c5-ac42-7795cd4ebb30,ID206409,CID-356,70a10c0a-82d2-46c5-ac42-7795cd4ebb30,2026-04-22,2026-05-22,951.84,57.12,1008.96,Issued,SampleGen
INV-e40927ea-2761-4e1a-8003-da3716a3fdbb,ID206410,CID-356,e40927ea-2761-4e1a-8003-da3716a3fdbb,2026-04-15,2026-05-15,3005.82,180.36,3186.18,Issued,SampleGen
INV-85ea3925-34d5-4a22-8f14-9b779ff1925d,ID206411,CID-356,85ea3925-34d5-4a22-8f14-9b779ff1925d,2026-04-13,2026-05-13,3163.8,189.84,3353.64,Issued,SampleGen
INV-8da62b1a-4871-4603-98f6-3ca1bb9023f2,ID206412,CID-357,8da62b1a-4871-4603-98f6-3ca1bb9023f2,2025-01-28,2025-02-27,1651.88,99.12,1751.0,Issued,SampleGen
INV-fa8ca2db-b7ee-4e5b-be13-6bc061fa2d73,ID206413,CID-357,fa8ca2db-b7ee-4e5b-be13-6bc061fa2d73,2025-02-12,2025-03-14,469.9,28.2,498.1,Issued,SampleGen
INV-55dc79dd-8e34-4762-8603-05919acaaf66,ID206414,CID-357,55dc79dd-8e34-4762-8603-05919acaaf66,2025-04-02,2025-05-02,4219.78,253.2,4472.98,Issued,SampleGen
INV-b5a0090b-c1fe-4ae3-ba1a-c365d3bfeb63,ID206415,CID-357,b5a0090b-c1fe-4ae3-ba1a-c365d3bfeb63,2025-05-27,2025-06-26,643.86,38.64,682.5,Issued,SampleGen
INV-4a573586-da64-4bfe-8963-bf721b85f784,ID206416,CID-357,4a573586-da64-4bfe-8963-bf721b85f784,2025-06-08,2025-07-08,4431.8,265.92,4697.72,Issued,SampleGen
INV-89b82caa-d8ac-4faf-9383-c7dc19ab7908,ID206417,CID-357,89b82caa-d8ac-4faf-9383-c7dc19ab7908,2025-07-17,2025-08-16,1311.82,78.72,1390.54,Issued,SampleGen
INV-6bdc2fed-b4d0-4504-a01f-68c33f76cbd0,ID206418,CID-357,6bdc2fed-b4d0-4504-a01f-68c33f76cbd0,2025-07-26,2025-08-25,2247.72,134.88,2382.6,Issued,SampleGen
INV-6a191a88-d2d2-46fd-bd1d-5f13016360c9,ID206419,CID-357,6a191a88-d2d2-46fd-bd1d-5f13016360c9,2025-08-24,2025-09-23,2059.82,123.6,2183.42,Issued,SampleGen
INV-9ace17f4-8870-4b7b-aeda-e9239bf73853,ID206420,CID-357,9ace17f4-8870-4b7b-aeda-e9239bf73853,2025-09-05,2025-10-05,387.92,23.28,411.2,Issued,SampleGen
INV-a96a0cdb-c002-4893-8cce-99c21fcb85a2,ID206421,CID-357,a96a0cdb-c002-4893-8cce-99c21fcb85a2,2025-09-11,2025-10-11,1483.86,89.04,1572.9,Issued,SampleGen
INV-927b5ca6-f942-41b0-9aac-00ef722ed169,ID206422,CID-357,927b5ca6-f942-41b0-9aac-00ef722ed169,2025-10-08,2025-11-07,1843.78,110.64,1954.42,Issued,SampleGen
INV-9c2f2bc7-abe1-40b6-b957-612721d3a3e0,ID206423,CID-357,9c2f2bc7-abe1-40b6-b957-612721d3a3e0,2025-11-26,2025-12-26,959.92,57.6,1017.52,Issued,SampleGen
INV-50920d90-e450-4dc3-99c5-cf551ba9874f,ID206424,CID-357,50920d90-e450-4dc3-99c5-cf551ba9874f,2025-12-07,2026-01-06,2827.9,169.68,2997.58,Issued,SampleGen
INV-3f09dcf6-492b-405c-b7a8-3ddd4df65a55,ID206425,CID-357,3f09dcf6-492b-405c-b7a8-3ddd4df65a55,2025-12-13,2026-01-12,1149.78,69.0,1218.78,Issued,SampleGen
INV-e36024af-3b04-44b5-b969-264394364f65,ID206426,CID-357,e36024af-3b04-44b5-b969-264394364f65,2026-01-24,2026-02-23,775.86,46.56,822.42,Issued,SampleGen
INV-413ddb14-72da-4b8f-b0fb-7ed823fa809b,ID206427,CID-357,413ddb14-72da-4b8f-b0fb-7ed823fa809b,2026-01-19,2026-02-18,2739.9,164.4,2904.3,Issued,SampleGen
INV-13444be0-6316-43e7-8975-3f7d835b1fc8,ID206428,CID-357,13444be0-6316-43e7-8975-3f7d835b1fc8,2026-02-23,2026-03-25,999.9,60.0,1059.9,Issued,SampleGen
INV-c9d891a6-8360-44dd-9976-c24385d89580,ID206429,CID-357,c9d891a6-8360-44dd-9976-c24385d89580,2026-02-10,2026-03-12,3943.74,236.64,4180.38,Issued,SampleGen
INV-26c8a7d6-729e-4957-9b5f-2068128d417f,ID206430,CID-357,26c8a7d6-729e-4957-9b5f-2068128d417f,2026-03-18,2026-04-17,5287.76,317.28,5605.04,Issued,SampleGen
INV-0e4c02ea-959f-444e-a866-0b9bdc96585a,ID206431,CID-357,0e4c02ea-959f-444e-a866-0b9bdc96585a,2026-03-14,2026-04-13,2647.8,158.88,2806.68,Issued,SampleGen
INV-3a0dc67a-ef2c-4990-bc17-0b001616b608,ID206432,CID-357,3a0dc67a-ef2c-4990-bc17-0b001616b608,2026-04-26,2026-05-26,1337.82,80.28,1418.1,Issued,SampleGen
INV-5ee3632f-568b-4125-adf6-039e50113a21,ID206433,CID-357,5ee3632f-568b-4125-adf6-039e50113a21,2026-04-06,2026-05-06,2703.76,162.24,2866.0,Issued,SampleGen
INV-29ac3e82-3d16-43ad-be7f-a0f06a2faa1a,ID206434,CID-357,29ac3e82-3d16-43ad-be7f-a0f06a2faa1a,2026-04-02,2026-05-02,3603.82,216.24,3820.06,Issued,SampleGen
INV-26b84003-12ec-4b24-af63-7206e4b8c4c7,ID206435,CID-358,26b84003-12ec-4b24-af63-7206e4b8c4c7,2025-02-20,2025-03-22,381.9,22.92,404.82,Issued,SampleGen
INV-93878679-32c2-48cd-8c78-4a7c39b8f9b7,ID206436,CID-358,93878679-32c2-48cd-8c78-4a7c39b8f9b7,2025-04-02,2025-05-02,1075.82,64.56,1140.38,Issued,SampleGen
INV-43eb7a1b-fde1-4078-964a-6048ea2b21a6,ID206437,CID-358,43eb7a1b-fde1-4078-964a-6048ea2b21a6,2025-06-07,2025-07-07,1975.92,118.56,2094.48,Issued,SampleGen
INV-ab17511e-32ea-4cc7-8894-5b4c8e595c40,ID206438,CID-358,ab17511e-32ea-4cc7-8894-5b4c8e595c40,2025-07-26,2025-08-25,299.88,18.0,317.88,Issued,SampleGen
INV-07517fd4-4c7a-41c6-8845-650d07a99b3b,ID206439,CID-358,07517fd4-4c7a-41c6-8845-650d07a99b3b,2025-08-19,2025-09-18,903.82,54.24,958.06,Issued,SampleGen
INV-8ce90ea8-f8e2-403d-86fc-d83d0eecd0eb,ID206440,CID-358,8ce90ea8-f8e2-403d-86fc-d83d0eecd0eb,2025-09-23,2025-10-23,3567.88,214.08,3781.96,Issued,SampleGen
INV-783ca485-f587-4c1b-9468-a12ac8497246,ID206441,CID-358,783ca485-f587-4c1b-9468-a12ac8497246,2025-11-01,2025-12-01,4867.74,292.08,5159.82,Issued,SampleGen
INV-cdcff8cc-c635-420a-aac1-2cb11cb145f3,ID206442,CID-358,cdcff8cc-c635-420a-aac1-2cb11cb145f3,2025-11-21,2025-12-21,4935.72,296.16,5231.88,Issued,SampleGen
INV-aef89f14-acb9-40b0-9309-551d93aee907,ID206443,CID-358,aef89f14-acb9-40b0-9309-551d93aee907,2026-01-04,2026-02-03,819.86,49.2,869.06,Issued,SampleGen
INV-739ecccb-96cc-49cf-a6b7-35d5e3af5220,ID206444,CID-358,739ecccb-96cc-49cf-a6b7-35d5e3af5220,2026-02-06,2026-03-08,1855.76,111.36,1967.12,Issued,SampleGen
INV-ec416684-cf15-4369-92c8-8ed707ce3fb9,ID206445,CID-358,ec416684-cf15-4369-92c8-8ed707ce3fb9,2026-03-07,2026-04-06,2771.8,166.32,2938.12,Issued,SampleGen
INV-73493c2d-93ad-4395-93b5-89f462d11651,ID206446,CID-358,73493c2d-93ad-4395-93b5-89f462d11651,2026-04-03,2026-05-03,647.84,38.88,686.72,Issued,SampleGen
INV-e5925bef-7763-4a01-bfaa-8a31dd4e4fdc,ID206447,CID-359,e5925bef-7763-4a01-bfaa-8a31dd4e4fdc,2025-01-16,2025-02-15,1165.82,69.96,1235.78,Issued,SampleGen
INV-df52432c-bebb-4faf-81d3-87d4d82dda3e,ID206448,CID-359,df52432c-bebb-4faf-81d3-87d4d82dda3e,2025-10-01,2025-10-31,1087.84,65.28,1153.12,Issued,SampleGen
INV-883f972c-ed0a-4021-a5e6-b258515b38cd,ID206449,CID-359,883f972c-ed0a-4021-a5e6-b258515b38cd,2026-02-14,2026-03-16,207.84,12.48,220.32,Issued,SampleGen
INV-9eb582a8-ec3c-4e3e-a4aa-996cbe298bc4,ID206450,CID-360,9eb582a8-ec3c-4e3e-a4aa-996cbe298bc4,2025-01-24,2025-02-23,3223.88,193.44,3417.32,Issued,SampleGen
INV-b742f8dc-34e7-4bdd-8dd0-b73a6ffcb4cc,ID206451,CID-360,b742f8dc-34e7-4bdd-8dd0-b73a6ffcb4cc,2025-02-23,2025-03-25,2337.8,140.28,2478.08,Issued,SampleGen
INV-d201c46e-612c-4cd7-9917-e5e8cb7965fd,ID206452,CID-360,d201c46e-612c-4cd7-9917-e5e8cb7965fd,2025-03-07,2025-04-06,1487.84,89.28,1577.12,Issued,SampleGen
INV-38909149-55b2-43bf-a4e6-7c1f141cd045,ID206453,CID-360,38909149-55b2-43bf-a4e6-7c1f141cd045,2025-05-01,2025-05-31,1257.76,75.48,1333.24,Issued,SampleGen
INV-4a281036-4072-4ff9-8d61-76c28c3a3de0,ID206454,CID-360,4a281036-4072-4ff9-8d61-76c28c3a3de0,2025-05-05,2025-06-04,2567.82,154.08,2721.9,Issued,SampleGen
INV-6109c084-a9c6-43f2-b04d-b07ee69ea358,ID206455,CID-360,6109c084-a9c6-43f2-b04d-b07ee69ea358,2025-06-02,2025-07-02,8323.74,499.44,8823.18,Issued,SampleGen
INV-d4b533f7-fbdf-40a9-9589-7035671a3aa2,ID206456,CID-360,d4b533f7-fbdf-40a9-9589-7035671a3aa2,2025-08-05,2025-09-04,983.84,59.04,1042.88,Issued,SampleGen
INV-e411ea4b-1f19-47b6-b699-c65f010c3498,ID206457,CID-360,e411ea4b-1f19-47b6-b699-c65f010c3498,2025-09-08,2025-10-08,1383.9,83.04,1466.94,Issued,SampleGen
INV-61272160-16af-4e17-b08f-1c20aea702e9,ID206458,CID-360,61272160-16af-4e17-b08f-1c20aea702e9,2025-10-22,2025-11-21,1263.84,75.84,1339.68,Issued,SampleGen
INV-f3c91c2e-2064-4999-b182-e50fb5445fec,ID206459,CID-360,f3c91c2e-2064-4999-b182-e50fb5445fec,2025-11-24,2025-12-24,623.82,37.44,661.26,Issued,SampleGen
INV-d86c24bd-9452-4c8d-8efe-0a82b74560fd,ID206460,CID-360,d86c24bd-9452-4c8d-8efe-0a82b74560fd,2026-01-01,2026-01-31,583.78,35.04,618.82,Issued,SampleGen
INV-4cc4914a-623b-4002-a4bb-51317a878190,ID206461,CID-360,4cc4914a-623b-4002-a4bb-51317a878190,2026-01-25,2026-02-24,2267.7,136.08,2403.78,Issued,SampleGen
INV-81e2bd13-aaa8-4d98-af6d-112b4bbddb7e,ID206462,CID-360,81e2bd13-aaa8-4d98-af6d-112b4bbddb7e,2026-02-17,2026-03-19,1657.76,99.48,1757.24,Issued,SampleGen
INV-07805e81-0843-42a9-9812-76412bdd592d,ID206463,CID-360,07805e81-0843-42a9-9812-76412bdd592d,2026-03-05,2026-04-04,895.78,53.76,949.54,Issued,SampleGen
INV-1c1f4934-10b3-443d-9d9f-6bbd49aff322,ID206464,CID-360,1c1f4934-10b3-443d-9d9f-6bbd49aff322,2026-04-27,2026-05-27,435.9,26.16,462.06,Issued,SampleGen
INV-e93d9bc7-5f5d-4fbf-beba-52d80b19d941,ID206465,CID-360,e93d9bc7-5f5d-4fbf-beba-52d80b19d941,2026-04-18,2026-05-18,1481.74,88.92,1570.66,Issued,SampleGen
INV-8faadd43-162f-4f79-9d3e-a684c8e4f6b8,ID206466,CID-361,8faadd43-162f-4f79-9d3e-a684c8e4f6b8,2025-03-13,2025-04-12,1079.88,64.8,1144.68,Issued,SampleGen
INV-df06ce22-77ee-46a8-ad1e-26803e999919,ID206467,CID-361,df06ce22-77ee-46a8-ad1e-26803e999919,2026-01-11,2026-02-10,3767.88,226.08,3993.96,Issued,SampleGen
INV-13635a20-e7f0-4e00-84f9-ee985cfbce68,ID206468,CID-361,13635a20-e7f0-4e00-84f9-ee985cfbce68,2026-03-12,2026-04-11,1919.76,115.2,2034.96,Issued,SampleGen
INV-258cbdbe-c666-496b-b605-f8ddf64a080c,ID206469,CID-362,258cbdbe-c666-496b-b605-f8ddf64a080c,2025-02-21,2025-03-23,2059.86,123.6,2183.46,Issued,SampleGen
INV-e970c503-005b-4b3c-8592-cafbcfcb2080,ID206470,CID-362,e970c503-005b-4b3c-8592-cafbcfcb2080,2025-05-19,2025-06-18,251.88,15.12,267.0,Issued,SampleGen
INV-9efa95af-dad7-4f5c-9293-8fef020e7d3d,ID206471,CID-362,9efa95af-dad7-4f5c-9293-8fef020e7d3d,2025-06-04,2025-07-04,1359.8,81.6,1441.4,Issued,SampleGen
INV-f8207b27-eb81-4c7b-8240-6ee8763bbe8c,ID206472,CID-362,f8207b27-eb81-4c7b-8240-6ee8763bbe8c,2025-07-25,2025-08-24,1231.84,73.92,1305.76,Issued,SampleGen
INV-2ed1ef8f-e7b8-42fa-8593-6732c720cf3e,ID206473,CID-362,2ed1ef8f-e7b8-42fa-8593-6732c720cf3e,2025-09-02,2025-10-02,451.88,27.12,479.0,Issued,SampleGen
INV-996fc4b8-10de-41ea-a91e-33c7a0837c9d,ID206474,CID-362,996fc4b8-10de-41ea-a91e-33c7a0837c9d,2025-11-01,2025-12-01,1379.86,82.8,1462.66,Issued,SampleGen
INV-11f74cb3-962d-4560-9924-69eddb2039d1,ID206475,CID-362,11f74cb3-962d-4560-9924-69eddb2039d1,2025-11-25,2025-12-25,493.86,29.64,523.5,Issued,SampleGen
INV-28a2c537-c3f3-402e-b252-9585065bc652,ID206476,CID-362,28a2c537-c3f3-402e-b252-9585065bc652,2025-12-17,2026-01-16,2511.76,150.72,2662.48,Issued,SampleGen
INV-2bebe3de-1f8c-411f-b050-8c3b2179df34,ID206477,CID-362,2bebe3de-1f8c-411f-b050-8c3b2179df34,2026-01-22,2026-02-21,3047.78,182.88,3230.66,Issued,SampleGen
INV-4e0ecacf-7d82-45d2-8bfd-c848ab067d5a,ID206478,CID-362,4e0ecacf-7d82-45d2-8bfd-c848ab067d5a,2026-02-26,2026-03-28,1415.88,84.96,1500.84,Issued,SampleGen
INV-7ea5478d-3c33-4c43-9c80-0242762614f7,ID206479,CID-362,7ea5478d-3c33-4c43-9c80-0242762614f7,2026-03-02,2026-04-01,1903.88,114.24,2018.12,Issued,SampleGen
INV-fe32d6fd-a98b-4714-816a-8946fbd44cba,ID206480,CID-362,fe32d6fd-a98b-4714-816a-8946fbd44cba,2026-04-25,2026-05-25,1235.76,74.16,1309.92,Issued,SampleGen
INV-c7cb6664-8557-436c-ba66-0238fd3c400d,ID206481,CID-363,c7cb6664-8557-436c-ba66-0238fd3c400d,2025-05-13,2025-06-12,275.88,16.56,292.44,Issued,SampleGen
INV-768a771e-8a84-4b2c-9326-f4f645c214b1,ID206482,CID-363,768a771e-8a84-4b2c-9326-f4f645c214b1,2025-07-03,2025-08-02,1567.72,94.08,1661.8,Issued,SampleGen
INV-b25218ee-d811-4e3a-a863-f26f053a0689,ID206483,CID-363,b25218ee-d811-4e3a-a863-f26f053a0689,2025-11-04,2025-12-04,2067.82,124.08,2191.9,Issued,SampleGen
INV-ff6f25d4-1cd2-45fb-b04d-243ad55de8ce,ID206484,CID-363,ff6f25d4-1cd2-45fb-b04d-243ad55de8ce,2026-02-16,2026-03-18,371.9,22.32,394.22,Issued,SampleGen
INV-df0f1cbc-a720-4375-bb6e-c222b1d33285,ID206485,CID-363,df0f1cbc-a720-4375-bb6e-c222b1d33285,2026-03-15,2026-04-14,3579.78,214.8,3794.58,Issued,SampleGen
INV-e1cc2323-b2ad-415f-b9e7-07d1201b5042,ID206486,CID-364,e1cc2323-b2ad-415f-b9e7-07d1201b5042,2025-01-13,2025-02-12,555.8,33.36,589.16,Issued,SampleGen
INV-80b249de-9f0e-479a-a759-553d2577f390,ID206487,CID-364,80b249de-9f0e-479a-a759-553d2577f390,2025-02-24,2025-03-26,599.84,36.0,635.84,Issued,SampleGen
INV-e8e29d0d-77ef-4f5d-8980-2e9759877f7c,ID206488,CID-364,e8e29d0d-77ef-4f5d-8980-2e9759877f7c,2025-04-27,2025-05-27,1831.84,109.92,1941.76,Issued,SampleGen
INV-305ac367-4b30-4455-bd4b-c9cb8056167c,ID206489,CID-364,305ac367-4b30-4455-bd4b-c9cb8056167c,2025-05-22,2025-06-21,3179.78,190.8,3370.58,Issued,SampleGen
INV-334b1272-7e0b-4c45-9d99-d2e393cded2a,ID206490,CID-364,334b1272-7e0b-4c45-9d99-d2e393cded2a,2025-07-01,2025-07-31,2659.86,159.6,2819.46,Issued,SampleGen
INV-cb1b1409-05dd-4fd1-a1f4-a4d8df17f267,ID206491,CID-364,cb1b1409-05dd-4fd1-a1f4-a4d8df17f267,2025-08-15,2025-09-14,565.84,33.96,599.8,Issued,SampleGen
INV-eac34715-3188-478b-9c86-f88c06a0281a,ID206492,CID-364,eac34715-3188-478b-9c86-f88c06a0281a,2025-09-08,2025-10-08,911.84,54.72,966.56,Issued,SampleGen
INV-40ce46e8-7a74-4f79-9687-afa4467465bb,ID206493,CID-364,40ce46e8-7a74-4f79-9687-afa4467465bb,2025-10-08,2025-11-07,1585.84,95.16,1681.0,Issued,SampleGen
INV-a94f2223-00ac-4956-bc0c-06241d579319,ID206494,CID-364,a94f2223-00ac-4956-bc0c-06241d579319,2025-11-14,2025-12-14,3339.74,200.4,3540.14,Issued,SampleGen
INV-d111656b-230e-40af-a91f-88082ab29342,ID206495,CID-364,d111656b-230e-40af-a91f-88082ab29342,2025-11-11,2025-12-11,557.9,33.48,591.38,Issued,SampleGen
INV-ad6acd90-efff-448e-9c94-00bac85b3261,ID206496,CID-364,ad6acd90-efff-448e-9c94-00bac85b3261,2025-12-02,2026-01-01,3903.76,234.24,4138.0,Issued,SampleGen
INV-b2d7fdf0-32bd-4972-8737-bd743aae7e54,ID206497,CID-364,b2d7fdf0-32bd-4972-8737-bd743aae7e54,2026-01-21,2026-02-20,2255.76,135.36,2391.12,Issued,SampleGen
INV-803e811d-d3ee-4c76-8bae-a23b3f10b976,ID206498,CID-364,803e811d-d3ee-4c76-8bae-a23b3f10b976,2026-02-01,2026-03-03,1863.92,111.84,1975.76,Issued,SampleGen
INV-2f29f6e7-bf89-4f20-8f39-761a99544a25,ID206499,CID-364,2f29f6e7-bf89-4f20-8f39-761a99544a25,2026-02-02,2026-03-04,1223.78,73.44,1297.22,Issued,SampleGen
INV-dc177cd5-e6d3-405a-ab3e-11e95b47cf5d,ID206500,CID-364,dc177cd5-e6d3-405a-ab3e-11e95b47cf5d,2026-03-06,2026-04-05,4179.78,250.8,4430.58,Issued,SampleGen
INV-59e5204e-8c89-47d6-be41-3696d4345857,ID206501,CID-364,59e5204e-8c89-47d6-be41-3696d4345857,2026-04-05,2026-05-05,643.86,38.64,682.5,Issued,SampleGen
INV-16b37845-6fe9-42fa-857a-e9886a7931b4,ID206502,CID-364,16b37845-6fe9-42fa-857a-e9886a7931b4,2026-04-06,2026-05-06,1575.72,94.56,1670.28,Issued,SampleGen
INV-2c38eae5-4f42-4b82-a3da-048e0e0c0191,ID206503,CID-365,2c38eae5-4f42-4b82-a3da-048e0e0c0191,2025-01-16,2025-02-15,3095.76,185.76,3281.52,Issued,SampleGen
INV-39d87d5d-bda4-40e3-a7cb-a136b05d97a8,ID206504,CID-365,39d87d5d-bda4-40e3-a7cb-a136b05d97a8,2025-02-03,2025-03-05,2647.88,158.88,2806.76,Issued,SampleGen
INV-8c46ad43-69ca-4964-ac26-73f830020774,ID206505,CID-365,8c46ad43-69ca-4964-ac26-73f830020774,2025-04-04,2025-05-04,2379.8,142.8,2522.6,Issued,SampleGen
INV-63c2f9ff-50ff-4409-b3ca-987a4248feeb,ID206506,CID-365,63c2f9ff-50ff-4409-b3ca-987a4248feeb,2025-05-07,2025-06-06,1009.78,60.6,1070.38,Issued,SampleGen
INV-7e31141a-95c6-48fd-84cf-b6ddf6ca6372,ID206507,CID-365,7e31141a-95c6-48fd-84cf-b6ddf6ca6372,2025-06-25,2025-07-25,1055.72,63.36,1119.08,Issued,SampleGen
INV-c4265c48-0b10-49a9-985d-98f3678b190c,ID206508,CID-365,c4265c48-0b10-49a9-985d-98f3678b190c,2025-07-20,2025-08-19,1127.82,67.68,1195.5,Issued,SampleGen
INV-eb252466-d696-43c2-9e2e-cf9167e20a8c,ID206509,CID-365,eb252466-d696-43c2-9e2e-cf9167e20a8c,2025-08-12,2025-09-11,219.92,13.2,233.12,Issued,SampleGen
INV-28bf713b-8c53-4dcf-adc5-870ddcf8b4dd,ID206510,CID-365,28bf713b-8c53-4dcf-adc5-870ddcf8b4dd,2025-10-31,2025-11-30,4179.8,250.8,4430.6,Issued,SampleGen
INV-bffcf984-73e3-49bd-a986-de9acce50e02,ID206511,CID-365,bffcf984-73e3-49bd-a986-de9acce50e02,2025-11-14,2025-12-14,2439.84,146.4,2586.24,Issued,SampleGen
INV-248b94ba-40a8-4076-8a80-6496415db269,ID206512,CID-365,248b94ba-40a8-4076-8a80-6496415db269,2025-12-04,2026-01-03,1943.9,116.64,2060.54,Issued,SampleGen
INV-865f5a6f-3549-4487-b54d-6a96f5bbadf3,ID206513,CID-365,865f5a6f-3549-4487-b54d-6a96f5bbadf3,2026-01-04,2026-02-03,659.88,39.6,699.48,Issued,SampleGen
INV-862e42ff-26fb-41f4-840d-0df990caef67,ID206514,CID-365,862e42ff-26fb-41f4-840d-0df990caef67,2026-02-23,2026-03-25,2729.88,163.8,2893.68,Issued,SampleGen
INV-067f0ca4-b2fd-4bb2-878f-8d4dbbd55f0f,ID206515,CID-366,067f0ca4-b2fd-4bb2-878f-8d4dbbd55f0f,2025-03-15,2025-04-14,639.9,38.4,678.3,Issued,SampleGen
INV-86a5f67e-e844-41d3-8829-c83812eab3d4,ID206516,CID-366,86a5f67e-e844-41d3-8829-c83812eab3d4,2025-04-25,2025-05-25,2527.8,151.68,2679.48,Issued,SampleGen
INV-c714174f-4f97-42e1-ab33-00174a9704e5,ID206517,CID-366,c714174f-4f97-42e1-ab33-00174a9704e5,2025-05-16,2025-06-15,1155.74,69.36,1225.1,Issued,SampleGen
INV-e80779aa-f8ce-4b1f-8282-a7c63c59ad2b,ID206518,CID-366,e80779aa-f8ce-4b1f-8282-a7c63c59ad2b,2025-06-22,2025-07-22,2087.84,125.28,2213.12,Issued,SampleGen
INV-23337c4f-4b32-47c4-88bd-b8fdc0de3b49,ID206519,CID-366,23337c4f-4b32-47c4-88bd-b8fdc0de3b49,2025-07-12,2025-08-11,479.84,28.8,508.64,Issued,SampleGen
INV-12c42967-9957-42db-b6d8-76b4949fea2c,ID206520,CID-366,12c42967-9957-42db-b6d8-76b4949fea2c,2025-08-09,2025-09-08,4353.8,261.24,4615.04,Issued,SampleGen
INV-aa485d35-a4c6-4117-9c62-c52420c6b0b9,ID206521,CID-366,aa485d35-a4c6-4117-9c62-c52420c6b0b9,2025-09-11,2025-10-11,1879.88,112.8,1992.68,Issued,SampleGen
INV-82e694f8-0a33-48c0-81c8-67e223d9c5a0,ID206522,CID-366,82e694f8-0a33-48c0-81c8-67e223d9c5a0,2025-10-28,2025-11-27,2729.88,163.8,2893.68,Issued,SampleGen
INV-32f9c638-4b6c-4cc0-b87a-59ea89dcabd1,ID206523,CID-366,32f9c638-4b6c-4cc0-b87a-59ea89dcabd1,2025-11-22,2025-12-22,2859.84,171.6,3031.44,Issued,SampleGen
INV-c6b42bd8-4522-4d25-8743-3101a0387f90,ID206524,CID-366,c6b42bd8-4522-4d25-8743-3101a0387f90,2025-12-03,2026-01-02,1799.84,108.0,1907.84,Issued,SampleGen
INV-75e491ba-319a-4320-8685-bf19f7bc16b2,ID206525,CID-366,75e491ba-319a-4320-8685-bf19f7bc16b2,2026-01-25,2026-02-24,343.86,20.64,364.5,Issued,SampleGen
INV-d60d81bc-f627-4932-8d1b-ac75897e199c,ID206526,CID-366,d60d81bc-f627-4932-8d1b-ac75897e199c,2026-02-17,2026-03-19,3707.8,222.48,3930.28,Issued,SampleGen
INV-0fbb20d7-d150-4212-89b9-6bbc68507067,ID206527,CID-366,0fbb20d7-d150-4212-89b9-6bbc68507067,2026-03-16,2026-04-15,1087.84,65.28,1153.12,Issued,SampleGen
INV-c9c41086-323b-436c-91a6-ce6983615ffe,ID206528,CID-366,c9c41086-323b-436c-91a6-ce6983615ffe,2026-04-24,2026-05-24,1067.72,64.08,1131.8,Issued,SampleGen
INV-480c42fc-28c3-4bee-bffd-2004a04726eb,ID206529,CID-367,480c42fc-28c3-4bee-bffd-2004a04726eb,2025-03-30,2025-04-29,1121.76,67.32,1189.08,Issued,SampleGen
INV-0b5f1fb2-a3e7-4eaf-b8d6-ff9420d55df1,ID206530,CID-367,0b5f1fb2-a3e7-4eaf-b8d6-ff9420d55df1,2025-04-26,2025-05-26,995.86,59.76,1055.62,Issued,SampleGen
INV-a28b4337-32fc-4e27-a97c-8569655c0d8f,ID206531,CID-367,a28b4337-32fc-4e27-a97c-8569655c0d8f,2025-05-15,2025-06-14,411.88,24.72,436.6,Issued,SampleGen
INV-d34862c4-e9fd-4bd0-95f6-b9d0d521918a,ID206532,CID-367,d34862c4-e9fd-4bd0-95f6-b9d0d521918a,2025-07-13,2025-08-12,279.86,16.8,296.66,Issued,SampleGen
INV-13fec8b1-25cb-4202-b678-ab8feb3198e3,ID206533,CID-367,13fec8b1-25cb-4202-b678-ab8feb3198e3,2025-08-18,2025-09-17,2371.8,142.32,2514.12,Issued,SampleGen
INV-3fd442d7-bf9d-4b0b-a792-c2bbf701dd31,ID206534,CID-367,3fd442d7-bf9d-4b0b-a792-c2bbf701dd31,2025-09-25,2025-10-25,437.86,26.28,464.14,Issued,SampleGen
INV-98a09276-5dd1-4c35-81b0-5d9b1d0d7b31,ID206535,CID-367,98a09276-5dd1-4c35-81b0-5d9b1d0d7b31,2025-11-11,2025-12-11,3869.74,232.2,4101.94,Issued,SampleGen
INV-98e67c6b-8f63-443e-8d53-a8c74597c36f,ID206536,CID-367,98e67c6b-8f63-443e-8d53-a8c74597c36f,2025-12-03,2026-01-02,637.82,38.28,676.1,Issued,SampleGen
INV-0eea6217-1c55-4b00-ac5d-0bddccc491f6,ID206537,CID-367,0eea6217-1c55-4b00-ac5d-0bddccc491f6,2026-01-27,2026-02-26,1711.8,102.72,1814.52,Issued,SampleGen
INV-fd8582d0-f2d7-48ad-b4ac-60fd1f83a488,ID206538,CID-367,fd8582d0-f2d7-48ad-b4ac-60fd1f83a488,2026-02-19,2026-03-21,1313.88,78.84,1392.72,Issued,SampleGen
INV-c075df8e-4112-4ef1-8774-b179c0eccb92,ID206539,CID-367,c075df8e-4112-4ef1-8774-b179c0eccb92,2026-03-20,2026-04-19,737.78,44.28,782.06,Issued,SampleGen
INV-0792d27c-ab3d-49c2-879e-d86cb34ba599,ID206540,CID-367,0792d27c-ab3d-49c2-879e-d86cb34ba599,2026-04-20,2026-05-20,5415.78,324.96,5740.74,Issued,SampleGen
INV-fbe05c2b-f92f-4fd5-8d8b-0deb82dad591,ID206541,CID-368,fbe05c2b-f92f-4fd5-8d8b-0deb82dad591,2025-08-30,2025-09-29,1875.86,112.56,1988.42,Issued,SampleGen
INV-96bb6ae2-2479-4c70-8d47-688bdc51602b,ID206542,CID-368,96bb6ae2-2479-4c70-8d47-688bdc51602b,2026-02-20,2026-03-22,6667.72,400.08,7067.8,Issued,SampleGen
INV-c8a8e3b2-1104-4472-96ef-cde8df7a04bf,ID206543,CID-368,c8a8e3b2-1104-4472-96ef-cde8df7a04bf,2026-03-27,2026-04-26,743.8,44.64,788.44,Issued,SampleGen
INV-8e5f230b-1911-459f-8133-e461a539b9d6,ID206544,CID-369,8e5f230b-1911-459f-8133-e461a539b9d6,2025-02-16,2025-03-18,2523.82,151.44,2675.26,Issued,SampleGen
INV-2ee61112-f7a9-4381-8d98-c68483318137,ID206545,CID-369,2ee61112-f7a9-4381-8d98-c68483318137,2025-03-30,2025-04-29,3083.82,185.04,3268.86,Issued,SampleGen
INV-76ab3485-c15d-414e-8b9e-8b3227071a9d,ID206546,CID-369,76ab3485-c15d-414e-8b9e-8b3227071a9d,2025-04-26,2025-05-26,1951.88,117.12,2069.0,Issued,SampleGen
INV-a22b1a14-a6fe-4b53-b3aa-1bb3ac30c117,ID206547,CID-369,a22b1a14-a6fe-4b53-b3aa-1bb3ac30c117,2025-07-13,2025-08-12,1801.82,108.12,1909.94,Issued,SampleGen
INV-3f93d5ba-b659-40ae-ae24-e4daddcf2634,ID206548,CID-369,3f93d5ba-b659-40ae-ae24-e4daddcf2634,2025-09-22,2025-10-22,2091.78,125.52,2217.3,Issued,SampleGen
INV-9bc83f23-3c38-4cee-afa3-12201b99e6df,ID206549,CID-369,9bc83f23-3c38-4cee-afa3-12201b99e6df,2025-12-11,2026-01-10,1931.76,115.92,2047.68,Issued,SampleGen
INV-ceeae4aa-4533-4c30-854c-47728818b07b,ID206550,CID-369,ceeae4aa-4533-4c30-854c-47728818b07b,2026-01-28,2026-02-27,2787.86,167.28,2955.14,Issued,SampleGen
INV-ef7796f7-a2eb-40de-97a9-57c7a00e0aa1,ID206551,CID-369,ef7796f7-a2eb-40de-97a9-57c7a00e0aa1,2026-03-22,2026-04-21,7955.78,477.36,8433.14,Issued,SampleGen
INV-26ea73d1-ff40-489e-9cfd-bd41847b5c59,ID206552,CID-369,26ea73d1-ff40-489e-9cfd-bd41847b5c59,2026-04-18,2026-05-18,2027.78,121.68,2149.46,Issued,SampleGen
INV-8243f6f7-76ee-4963-8c9d-cae14931c44a,ID206553,CID-370,8243f6f7-76ee-4963-8c9d-cae14931c44a,2025-02-27,2025-03-29,1081.76,64.92,1146.68,Issued,SampleGen
INV-21bba80f-c65c-4921-a5d1-040685d9337d,ID206554,CID-370,21bba80f-c65c-4921-a5d1-040685d9337d,2025-04-24,2025-05-24,2737.8,164.28,2902.08,Issued,SampleGen
INV-680292a4-7fec-4954-897a-65ac1a035657,ID206555,CID-370,680292a4-7fec-4954-897a-65ac1a035657,2025-05-18,2025-06-17,2191.82,131.52,2323.34,Issued,SampleGen
INV-efb81f8c-ed9c-46c0-9e1e-3a8fa4af4c0d,ID206556,CID-370,efb81f8c-ed9c-46c0-9e1e-3a8fa4af4c0d,2025-06-11,2025-07-11,4265.74,255.96,4521.7,Issued,SampleGen
INV-780f7d7f-8456-4657-b66d-79ee2db79870,ID206557,CID-370,780f7d7f-8456-4657-b66d-79ee2db79870,2025-08-11,2025-09-10,1887.84,113.28,2001.12,Issued,SampleGen
INV-a58ad790-4436-465e-b5d4-4105fa4504ef,ID206558,CID-370,a58ad790-4436-465e-b5d4-4105fa4504ef,2025-10-08,2025-11-07,2035.78,122.16,2157.94,Issued,SampleGen
INV-b29d2c23-d5e9-43ab-9357-0558fb9cd0e3,ID206559,CID-370,b29d2c23-d5e9-43ab-9357-0558fb9cd0e3,2025-11-13,2025-12-13,907.86,54.48,962.34,Issued,SampleGen
INV-60c843a7-90a4-4c27-a9ba-81f50f5f4edf,ID206560,CID-370,60c843a7-90a4-4c27-a9ba-81f50f5f4edf,2025-12-15,2026-01-14,4887.76,293.28,5181.04,Issued,SampleGen
INV-b7ff36e8-515e-4006-9fce-06d7d3fb6ae5,ID206561,CID-370,b7ff36e8-515e-4006-9fce-06d7d3fb6ae5,2026-01-25,2026-02-24,407.9,24.48,432.38,Issued,SampleGen
INV-c7ba7b78-30ad-4f97-9be7-b80558c2d215,ID206562,CID-370,c7ba7b78-30ad-4f97-9be7-b80558c2d215,2026-03-01,2026-03-31,5119.74,307.2,5426.94,Issued,SampleGen
INV-ee388f7b-d712-403a-9cd6-67a293cfcab8,ID206563,CID-370,ee388f7b-d712-403a-9cd6-67a293cfcab8,2026-03-18,2026-04-17,455.92,27.36,483.28,Issued,SampleGen
INV-fc7900e0-4b8f-4f13-b604-9f065f3c6915,ID206564,CID-370,fc7900e0-4b8f-4f13-b604-9f065f3c6915,2026-04-10,2026-05-10,1887.84,113.28,2001.12,Issued,SampleGen
INV-cb0b5509-039e-4531-af91-20dabebf9876,ID206565,CID-371,cb0b5509-039e-4531-af91-20dabebf9876,2025-05-19,2025-06-18,5043.8,302.64,5346.44,Issued,SampleGen
INV-159457fb-fad4-4b55-acdf-4396c9bae43c,ID206566,CID-371,159457fb-fad4-4b55-acdf-4396c9bae43c,2025-08-03,2025-09-02,1523.78,91.44,1615.22,Issued,SampleGen
INV-bb4e9acf-7151-4754-a3f6-5075b9852a85,ID206567,CID-371,bb4e9acf-7151-4754-a3f6-5075b9852a85,2025-09-21,2025-10-21,4477.78,268.68,4746.46,Issued,SampleGen
INV-b6ab746d-f563-430a-9420-399e3d1d8d0b,ID206568,CID-371,b6ab746d-f563-430a-9420-399e3d1d8d0b,2026-01-04,2026-02-03,579.84,34.8,614.64,Issued,SampleGen
INV-070f46af-ddfa-4787-9aff-831c0366981f,ID206569,CID-371,070f46af-ddfa-4787-9aff-831c0366981f,2026-03-23,2026-04-22,463.88,27.84,491.72,Issued,SampleGen
INV-388986fa-3d08-4de3-aae6-adf5fbdc2dd6,ID206570,CID-371,388986fa-3d08-4de3-aae6-adf5fbdc2dd6,2026-04-16,2026-05-16,1271.78,76.32,1348.1,Issued,SampleGen
INV-3c05f6ec-aca8-40d3-9947-990677b660fa,ID206571,CID-372,3c05f6ec-aca8-40d3-9947-990677b660fa,2025-01-05,2025-02-04,5147.7,308.88,5456.58,Issued,SampleGen
INV-3c73ea74-34d8-40e4-88af-1f8b02eb88dc,ID206572,CID-372,3c73ea74-34d8-40e4-88af-1f8b02eb88dc,2025-02-21,2025-03-23,2671.9,160.32,2832.22,Issued,SampleGen
INV-c1e180e0-6c8c-47c9-9991-a64efbb61a6e,ID206573,CID-372,c1e180e0-6c8c-47c9-9991-a64efbb61a6e,2025-03-22,2025-04-21,1723.78,103.44,1827.22,Issued,SampleGen
INV-bbf55cb3-c485-4ffb-8382-3874a922c5ad,ID206574,CID-372,bbf55cb3-c485-4ffb-8382-3874a922c5ad,2025-04-04,2025-05-04,935.82,56.16,991.98,Issued,SampleGen
INV-bfef9856-a5e9-4f00-9796-472055e04ce9,ID206575,CID-372,bfef9856-a5e9-4f00-9796-472055e04ce9,2025-05-15,2025-06-14,2423.88,145.44,2569.32,Issued,SampleGen
INV-9360aa73-7d1d-49aa-bee9-dfce12cb9e25,ID206576,CID-372,9360aa73-7d1d-49aa-bee9-dfce12cb9e25,2025-06-22,2025-07-22,1073.76,64.44,1138.2,Issued,SampleGen
INV-15353f3b-0da6-43a6-966b-6e0c03aa1348,ID206577,CID-372,15353f3b-0da6-43a6-966b-6e0c03aa1348,2025-07-15,2025-08-14,763.88,45.84,809.72,Issued,SampleGen
INV-a46947c8-2cf8-4ae2-993b-08b6125f3d7c,ID206578,CID-372,a46947c8-2cf8-4ae2-993b-08b6125f3d7c,2025-08-28,2025-09-27,1315.76,78.96,1394.72,Issued,SampleGen
INV-6366315a-34a6-4072-8234-a49a5e50054b,ID206579,CID-372,6366315a-34a6-4072-8234-a49a5e50054b,2025-09-28,2025-10-28,1299.9,78.0,1377.9,Issued,SampleGen
INV-b8644e35-e484-4d47-ac20-6b2d0773bbc4,ID206580,CID-372,b8644e35-e484-4d47-ac20-6b2d0773bbc4,2025-10-06,2025-11-05,2343.78,140.64,2484.42,Issued,SampleGen
INV-aaceb1e3-b76d-483a-a785-6ac3abf6780a,ID206581,CID-372,aaceb1e3-b76d-483a-a785-6ac3abf6780a,2025-11-06,2025-12-06,2199.8,132.0,2331.8,Issued,SampleGen
INV-c41e8249-57d9-49aa-9f44-2dda263dae7b,ID206582,CID-372,c41e8249-57d9-49aa-9f44-2dda263dae7b,2025-11-21,2025-12-21,1879.88,112.8,1992.68,Issued,SampleGen
INV-dbd80eb8-e5a6-407e-baa9-527febd7ff08,ID206583,CID-372,dbd80eb8-e5a6-407e-baa9-527febd7ff08,2025-12-17,2026-01-16,493.82,29.64,523.46,Issued,SampleGen
INV-4ed33798-446b-4ae4-8927-82c6f495c3c9,ID206584,CID-372,4ed33798-446b-4ae4-8927-82c6f495c3c9,2025-12-31,2026-01-30,4731.82,283.92,5015.74,Issued,SampleGen
INV-f5b37c7e-382f-4bf8-8ce3-20ea8c7c0c2b,ID206585,CID-372,f5b37c7e-382f-4bf8-8ce3-20ea8c7c0c2b,2026-01-05,2026-02-04,3973.78,238.44,4212.22,Issued,SampleGen
INV-0888f3c2-6419-47b6-811a-6945f4a6709c,ID206586,CID-372,0888f3c2-6419-47b6-811a-6945f4a6709c,2026-01-24,2026-02-23,1233.78,74.04,1307.82,Issued,SampleGen
INV-a21e31a9-5a64-4913-88c0-51fff016731d,ID206587,CID-372,a21e31a9-5a64-4913-88c0-51fff016731d,2026-02-18,2026-03-20,1703.88,102.24,1806.12,Issued,SampleGen
INV-762fcff2-5b83-4e80-b1b4-9465180412fa,ID206588,CID-372,762fcff2-5b83-4e80-b1b4-9465180412fa,2026-02-12,2026-03-14,219.92,13.2,233.12,Issued,SampleGen
INV-250bd6c7-4734-4864-826c-39c94a9ef44f,ID206589,CID-372,250bd6c7-4734-4864-826c-39c94a9ef44f,2026-03-04,2026-04-03,591.9,35.52,627.42,Issued,SampleGen
INV-91001469-9206-4f47-8ade-8d46616f52c9,ID206590,CID-372,91001469-9206-4f47-8ade-8d46616f52c9,2026-03-15,2026-04-14,1479.88,88.8,1568.68,Issued,SampleGen
INV-9d826504-0021-4eae-a3e9-e5ec8a1830f4,ID206591,CID-372,9d826504-0021-4eae-a3e9-e5ec8a1830f4,2026-04-17,2026-05-17,3617.86,217.08,3834.94,Issued,SampleGen
INV-f36ce191-9913-4403-a202-9c1f5d410ea9,ID206592,CID-372,f36ce191-9913-4403-a202-9c1f5d410ea9,2026-04-29,2026-05-29,2667.76,160.08,2827.84,Issued,SampleGen
INV-f66b5121-93e6-4b90-beef-12f85e0da839,ID206593,CID-373,f66b5121-93e6-4b90-beef-12f85e0da839,2025-02-24,2025-03-26,2555.84,153.36,2709.2,Issued,SampleGen
INV-5052b782-63fe-49d1-aca1-f619060600f6,ID206594,CID-373,5052b782-63fe-49d1-aca1-f619060600f6,2025-04-12,2025-05-12,2067.84,124.08,2191.92,Issued,SampleGen
INV-84c88e2a-546d-490a-b431-38bc9d345ca3,ID206595,CID-373,84c88e2a-546d-490a-b431-38bc9d345ca3,2025-06-26,2025-07-26,5859.82,351.6,6211.42,Issued,SampleGen
INV-986391b5-22f7-426a-b194-431888841ea9,ID206596,CID-373,986391b5-22f7-426a-b194-431888841ea9,2025-08-02,2025-09-01,1303.7,78.24,1381.94,Issued,SampleGen
INV-b1a2f15a-5f4c-4534-8914-06e7ec1df8d1,ID206597,CID-373,b1a2f15a-5f4c-4534-8914-06e7ec1df8d1,2025-10-23,2025-11-22,8335.76,500.16,8835.92,Issued,SampleGen
INV-1ede2ee2-4c0d-4632-99ac-17f13551960c,ID206598,CID-373,1ede2ee2-4c0d-4632-99ac-17f13551960c,2026-02-16,2026-03-18,367.92,22.08,390.0,Issued,SampleGen
INV-42ac8ce9-0533-44de-8625-a88b9a83254d,ID206599,CID-373,42ac8ce9-0533-44de-8625-a88b9a83254d,2026-03-28,2026-04-27,3375.76,202.56,3578.32,Issued,SampleGen
INV-486fd75b-f0a4-4da6-a2d6-c9232ec69d3e,ID206600,CID-373,486fd75b-f0a4-4da6-a2d6-c9232ec69d3e,2026-05-01,2026-05-31,2495.76,149.76,2645.52,Issued,SampleGen
INV-c2e7aab4-08e9-4b59-a7de-25450d7efe89,ID206601,CID-374,c2e7aab4-08e9-4b59-a7de-25450d7efe89,2025-01-17,2025-02-16,3539.88,212.4,3752.28,Issued,SampleGen
INV-5d85d056-92a5-4018-8681-01e32df368fc,ID206602,CID-374,5d85d056-92a5-4018-8681-01e32df368fc,2025-02-25,2025-03-27,3723.76,223.44,3947.2,Issued,SampleGen
INV-02dccf6f-c936-49f0-bcf3-65b89a44da1d,ID206603,CID-374,02dccf6f-c936-49f0-bcf3-65b89a44da1d,2025-04-01,2025-05-01,1513.72,90.84,1604.56,Issued,SampleGen
INV-9dd7d228-cd46-4cd8-8a98-8cf776a6aaae,ID206604,CID-374,9dd7d228-cd46-4cd8-8a98-8cf776a6aaae,2025-04-24,2025-05-24,2203.8,132.24,2336.04,Issued,SampleGen
INV-484c18a9-cce8-47e3-9de9-612aec3a45df,ID206605,CID-374,484c18a9-cce8-47e3-9de9-612aec3a45df,2025-05-29,2025-06-28,5163.74,309.84,5473.58,Issued,SampleGen
INV-66f9959b-06e5-4a90-a1b9-04f425dcadbc,ID206606,CID-374,66f9959b-06e5-4a90-a1b9-04f425dcadbc,2025-06-03,2025-07-03,867.8,52.08,919.88,Issued,SampleGen
INV-a2397522-033e-460b-bdce-087a11b8f988,ID206607,CID-374,a2397522-033e-460b-bdce-087a11b8f988,2025-07-16,2025-08-15,4691.74,281.52,4973.26,Issued,SampleGen
INV-7284d2d4-438b-473a-b1a2-aa68a1cefff2,ID206608,CID-374,7284d2d4-438b-473a-b1a2-aa68a1cefff2,2025-08-07,2025-09-06,2755.86,165.36,2921.22,Issued,SampleGen
INV-ea2215c8-3556-4373-8680-05534662097b,ID206609,CID-374,ea2215c8-3556-4373-8680-05534662097b,2025-09-23,2025-10-23,5137.78,308.28,5446.06,Issued,SampleGen
INV-1af80360-de99-4688-b4cc-437d763fd542,ID206610,CID-374,1af80360-de99-4688-b4cc-437d763fd542,2025-10-02,2025-11-01,783.8,47.04,830.84,Issued,SampleGen
INV-abbc375a-fe15-483e-aa40-81ef34b61067,ID206611,CID-374,abbc375a-fe15-483e-aa40-81ef34b61067,2025-11-29,2025-12-29,1821.74,109.32,1931.06,Issued,SampleGen
INV-47e18099-5b2d-4d36-952b-e79a78e2bdc4,ID206612,CID-374,47e18099-5b2d-4d36-952b-e79a78e2bdc4,2025-11-14,2025-12-14,5323.72,319.44,5643.16,Issued,SampleGen
INV-67fd65ac-b2a5-4486-84f8-13210efd4ed2,ID206613,CID-374,67fd65ac-b2a5-4486-84f8-13210efd4ed2,2026-01-01,2026-01-31,1887.92,113.28,2001.2,Issued,SampleGen
INV-f7d510a9-3b25-42f8-877c-7a19c86a6182,ID206614,CID-374,f7d510a9-3b25-42f8-877c-7a19c86a6182,2026-01-04,2026-02-03,3299.8,198.0,3497.8,Issued,SampleGen
INV-23852b1a-6467-4809-9b86-6f84902a72e7,ID206615,CID-374,23852b1a-6467-4809-9b86-6f84902a72e7,2026-01-22,2026-02-21,4619.76,277.2,4896.96,Issued,SampleGen
INV-eba0f291-2cfe-4604-b354-5681980b5e88,ID206616,CID-374,eba0f291-2cfe-4604-b354-5681980b5e88,2026-02-11,2026-03-13,1803.92,108.24,1912.16,Issued,SampleGen
INV-815d8078-8203-417b-b120-d24aebc0bd29,ID206617,CID-374,815d8078-8203-417b-b120-d24aebc0bd29,2026-02-14,2026-03-16,1699.82,102.0,1801.82,Issued,SampleGen
INV-35a07444-1148-4932-af4c-1b42f9ee40dc,ID206618,CID-374,35a07444-1148-4932-af4c-1b42f9ee40dc,2026-03-20,2026-04-19,4927.84,295.68,5223.52,Issued,SampleGen
INV-757c3197-dbe3-4c6f-a8e7-2c456b2d018b,ID206619,CID-374,757c3197-dbe3-4c6f-a8e7-2c456b2d018b,2026-03-03,2026-04-02,959.8,57.6,1017.4,Issued,SampleGen
INV-2035c406-d57f-4d01-895e-8bb33e091fc4,ID206620,CID-374,2035c406-d57f-4d01-895e-8bb33e091fc4,2026-04-25,2026-05-25,1911.74,114.72,2026.46,Issued,SampleGen
INV-040e13ee-4f36-4e57-a6ba-0305a1d73b64,ID206621,CID-374,040e13ee-4f36-4e57-a6ba-0305a1d73b64,2026-04-29,2026-05-29,2035.84,122.16,2158.0,Issued,SampleGen
INV-f275bb82-5b89-449e-a7b6-b3710d7c50b7,ID206622,CID-375,f275bb82-5b89-449e-a7b6-b3710d7c50b7,2025-03-03,2025-04-02,925.8,55.56,981.36,Issued,SampleGen
INV-2684b7cb-3ce3-4e4f-becd-3ace33a34717,ID206623,CID-375,2684b7cb-3ce3-4e4f-becd-3ace33a34717,2025-04-25,2025-05-25,3989.72,239.4,4229.12,Issued,SampleGen
INV-07f5ba17-5700-4185-a474-a54cbbcf43e9,ID206624,CID-375,07f5ba17-5700-4185-a474-a54cbbcf43e9,2025-06-13,2025-07-13,2005.82,120.36,2126.18,Issued,SampleGen
INV-f10c80e5-f881-47f2-a5e5-bcd1344762e6,ID206625,CID-375,f10c80e5-f881-47f2-a5e5-bcd1344762e6,2025-07-27,2025-08-26,621.84,37.32,659.16,Issued,SampleGen
INV-9c4f4064-4d8f-40b4-964d-d579a40f6ba3,ID206626,CID-375,9c4f4064-4d8f-40b4-964d-d579a40f6ba3,2025-08-30,2025-09-29,2239.8,134.4,2374.2,Issued,SampleGen
INV-244a5183-90fa-430f-a94e-efbb90a8e25d,ID206627,CID-375,244a5183-90fa-430f-a94e-efbb90a8e25d,2025-09-02,2025-10-02,1583.76,95.04,1678.8,Issued,SampleGen
INV-68ee67d2-143d-4b33-add0-261067b4037e,ID206628,CID-375,68ee67d2-143d-4b33-add0-261067b4037e,2025-10-24,2025-11-23,415.9,24.96,440.86,Issued,SampleGen
INV-5efa9ba6-93e2-4bad-bc27-1ef3cb8da199,ID206629,CID-375,5efa9ba6-93e2-4bad-bc27-1ef3cb8da199,2026-01-24,2026-02-23,1055.76,63.36,1119.12,Issued,SampleGen
INV-3c7e83aa-4aa1-486d-82a1-73623e51e5df,ID206630,CID-375,3c7e83aa-4aa1-486d-82a1-73623e51e5df,2026-02-07,2026-03-09,1877.9,112.68,1990.58,Issued,SampleGen
INV-a30efbfa-ae90-4850-969f-2db6aff6dad2,ID206631,CID-375,a30efbfa-ae90-4850-969f-2db6aff6dad2,2026-03-24,2026-04-23,1031.8,61.92,1093.72,Issued,SampleGen
INV-f2fa3077-e2a9-499b-ba16-969a0ccab5e6,ID206632,CID-375,f2fa3077-e2a9-499b-ba16-969a0ccab5e6,2026-04-10,2026-05-10,1997.8,119.88,2117.68,Issued,SampleGen
INV-55c9cf72-4512-4fa3-9f0c-dde3aeb33d9a,ID206633,CID-376,55c9cf72-4512-4fa3-9f0c-dde3aeb33d9a,2025-02-01,2025-03-03,367.92,22.08,390.0,Issued,SampleGen
INV-174fcc26-9222-4f40-a964-957cce8de8cb,ID206634,CID-376,174fcc26-9222-4f40-a964-957cce8de8cb,2025-06-04,2025-07-04,501.82,30.12,531.94,Issued,SampleGen
INV-0600f5d5-3d0d-4eb2-8161-f29010403878,ID206635,CID-376,0600f5d5-3d0d-4eb2-8161-f29010403878,2025-07-24,2025-08-23,1819.76,109.2,1928.96,Issued,SampleGen
INV-4e34d0fa-67f2-47e4-944c-aed42c8991d5,ID206636,CID-376,4e34d0fa-67f2-47e4-944c-aed42c8991d5,2025-08-11,2025-09-10,949.9,57.0,1006.9,Issued,SampleGen
INV-cf210f3d-1f0d-4fc5-9eac-84ab18b81ae6,ID206637,CID-376,cf210f3d-1f0d-4fc5-9eac-84ab18b81ae6,2025-10-31,2025-11-30,3951.84,237.12,4188.96,Issued,SampleGen
INV-f6e9ef4e-de59-4ecc-9b3d-79bcac7ed163,ID206638,CID-376,f6e9ef4e-de59-4ecc-9b3d-79bcac7ed163,2025-12-16,2026-01-15,4293.76,257.64,4551.4,Issued,SampleGen
INV-5c3e3434-0aa9-480f-9907-a2227c32abfa,ID206639,CID-376,5c3e3434-0aa9-480f-9907-a2227c32abfa,2026-01-02,2026-02-01,2967.86,178.08,3145.94,Issued,SampleGen
INV-f1ed5a58-a8db-44d5-94a9-d5aac7ba02ef,ID206640,CID-376,f1ed5a58-a8db-44d5-94a9-d5aac7ba02ef,2026-02-10,2026-03-12,1939.78,116.4,2056.18,Issued,SampleGen
INV-88e4459a-ef4e-445a-801f-b261ce7e9516,ID206641,CID-376,88e4459a-ef4e-445a-801f-b261ce7e9516,2026-03-13,2026-04-12,1863.92,111.84,1975.76,Issued,SampleGen
INV-5e7f378e-9f4f-427a-9ee1-5f81d9b01ff2,ID206642,CID-376,5e7f378e-9f4f-427a-9ee1-5f81d9b01ff2,2026-04-29,2026-05-29,533.78,32.04,565.82,Issued,SampleGen
INV-476c9d1e-48dd-41f0-9432-50a3fe84edf8,ID206643,CID-377,476c9d1e-48dd-41f0-9432-50a3fe84edf8,2025-01-03,2025-02-02,2265.76,135.96,2401.72,Issued,SampleGen
INV-5c3daf76-c8ab-4faa-83bc-7109ca893104,ID206644,CID-377,5c3daf76-c8ab-4faa-83bc-7109ca893104,2025-02-28,2025-03-30,1943.9,116.64,2060.54,Issued,SampleGen
INV-882c74e6-d1f7-41f4-96e8-989bbac6c71e,ID206645,CID-377,882c74e6-d1f7-41f4-96e8-989bbac6c71e,2025-03-13,2025-04-12,363.88,21.84,385.72,Issued,SampleGen
INV-e9f3ff2a-e007-4e85-a506-d6476f2eb15d,ID206646,CID-377,e9f3ff2a-e007-4e85-a506-d6476f2eb15d,2025-04-02,2025-05-02,3663.76,219.84,3883.6,Issued,SampleGen
INV-bf78ddd5-a9f3-40a5-95eb-4a449a50df92,ID206647,CID-377,bf78ddd5-a9f3-40a5-95eb-4a449a50df92,2025-05-06,2025-06-05,4823.74,289.44,5113.18,Issued,SampleGen
INV-c51d72a2-35a5-45a9-973d-87f7dfc3c2e0,ID206648,CID-377,c51d72a2-35a5-45a9-973d-87f7dfc3c2e0,2025-05-11,2025-06-10,2913.84,174.84,3088.68,Issued,SampleGen
INV-13b21d29-bf65-46f6-855b-cb7cc2ed1786,ID206649,CID-377,13b21d29-bf65-46f6-855b-cb7cc2ed1786,2025-06-20,2025-07-20,605.88,36.36,642.24,Issued,SampleGen
INV-73ec7378-fd47-4b6e-a059-d75b43b9a0e0,ID206650,CID-377,73ec7378-fd47-4b6e-a059-d75b43b9a0e0,2025-06-22,2025-07-22,2463.78,147.84,2611.62,Issued,SampleGen
INV-77207292-31c3-439f-b146-7bb9ea71caca,ID206651,CID-377,77207292-31c3-439f-b146-7bb9ea71caca,2025-07-04,2025-08-03,897.82,53.88,951.7,Issued,SampleGen
INV-b818ce4f-3b05-4261-8861-8000115819c8,ID206652,CID-377,b818ce4f-3b05-4261-8861-8000115819c8,2025-07-10,2025-08-09,2619.74,157.2,2776.94,Issued,SampleGen
INV-386c3a4d-387d-4571-9250-6f86b39dd9aa,ID206653,CID-377,386c3a4d-387d-4571-9250-6f86b39dd9aa,2025-08-29,2025-09-28,2623.84,157.44,2781.28,Issued,SampleGen
INV-78a2aaff-1ebd-42d9-bdb5-622b4e02beec,ID206654,CID-377,78a2aaff-1ebd-42d9-bdb5-622b4e02beec,2025-08-14,2025-09-13,4739.72,284.4,5024.12,Issued,SampleGen
INV-e629518d-ef63-418c-92ee-565330bdae36,ID206655,CID-377,e629518d-ef63-418c-92ee-565330bdae36,2025-09-27,2025-10-27,1937.72,116.28,2054.0,Issued,SampleGen
INV-076a8250-5222-468e-a811-b3b2ef7b6035,ID206656,CID-377,076a8250-5222-468e-a811-b3b2ef7b6035,2025-09-07,2025-10-07,2555.84,153.36,2709.2,Issued,SampleGen
INV-2260e457-7bb1-4626-934b-ed892eaeb17b,ID206657,CID-377,2260e457-7bb1-4626-934b-ed892eaeb17b,2025-10-16,2025-11-15,4775.68,286.56,5062.24,Issued,SampleGen
INV-2c1c641d-4aa5-45c4-b459-3d97878f6a9d,ID206658,CID-377,2c1c641d-4aa5-45c4-b459-3d97878f6a9d,2025-10-03,2025-11-02,1311.8,78.72,1390.52,Issued,SampleGen
INV-83e74814-075b-4ccc-9d76-fbf644673ddf,ID206659,CID-377,83e74814-075b-4ccc-9d76-fbf644673ddf,2025-11-28,2025-12-28,557.82,33.48,591.3,Issued,SampleGen
INV-7bd1f8bd-1e38-447d-b130-9bbf67bb90e0,ID206660,CID-377,7bd1f8bd-1e38-447d-b130-9bbf67bb90e0,2025-11-29,2025-12-29,2031.74,121.92,2153.66,Issued,SampleGen
INV-25a80bdc-b9da-46ad-bb61-cd96f363c613,ID206661,CID-377,25a80bdc-b9da-46ad-bb61-cd96f363c613,2025-12-11,2026-01-10,5227.84,313.68,5541.52,Issued,SampleGen
INV-9f41b81d-34dd-4d0d-a036-3998573037fa,ID206662,CID-377,9f41b81d-34dd-4d0d-a036-3998573037fa,2025-12-09,2026-01-08,407.9,24.48,432.38,Issued,SampleGen
INV-304a11e5-2bc8-4a00-a892-a613958ac753,ID206663,CID-377,304a11e5-2bc8-4a00-a892-a613958ac753,2026-01-26,2026-02-25,957.9,57.48,1015.38,Issued,SampleGen
INV-07f98405-17f8-4ec8-8e07-67dcce95f8a7,ID206664,CID-377,07f98405-17f8-4ec8-8e07-67dcce95f8a7,2026-01-17,2026-02-16,3539.88,212.4,3752.28,Issued,SampleGen
INV-656af6a3-af5b-4609-8863-a25b0ade8dba,ID206665,CID-377,656af6a3-af5b-4609-8863-a25b0ade8dba,2026-02-23,2026-03-25,4597.76,275.88,4873.64,Issued,SampleGen
INV-6aee3b28-6f0f-4fdc-8465-88adc0279a1a,ID206666,CID-377,6aee3b28-6f0f-4fdc-8465-88adc0279a1a,2026-02-25,2026-03-27,911.84,54.72,966.56,Issued,SampleGen
INV-ae6f401f-b7cf-4542-8f37-942b3900953c,ID206667,CID-377,ae6f401f-b7cf-4542-8f37-942b3900953c,2026-02-16,2026-03-18,5647.76,338.88,5986.64,Issued,SampleGen
INV-bd7cfe39-e8ac-459a-beee-f6f6b364ba1e,ID206668,CID-377,bd7cfe39-e8ac-459a-beee-f6f6b364ba1e,2026-03-29,2026-04-28,663.86,39.84,703.7,Issued,SampleGen
INV-97244c92-45ba-42cc-a4d4-83bf85da3795,ID206669,CID-377,97244c92-45ba-42cc-a4d4-83bf85da3795,2026-03-12,2026-04-11,2359.88,141.6,2501.48,Issued,SampleGen
INV-0880e878-f1d0-48a7-9bea-cbbf14f3b43e,ID206670,CID-377,0880e878-f1d0-48a7-9bea-cbbf14f3b43e,2026-04-15,2026-05-15,771.86,46.32,818.18,Issued,SampleGen
INV-0b48599c-13e2-4fb0-8e24-96736697b882,ID206671,CID-377,0b48599c-13e2-4fb0-8e24-96736697b882,2026-04-08,2026-05-08,347.88,20.88,368.76,Issued,SampleGen
INV-b3c31ab8-8415-4619-bf2f-34ff1968baad,ID206672,CID-378,b3c31ab8-8415-4619-bf2f-34ff1968baad,2025-01-21,2025-02-20,1479.88,88.8,1568.68,Issued,SampleGen
INV-42fb9103-fb72-4078-95ef-0b24fcf9c292,ID206673,CID-378,42fb9103-fb72-4078-95ef-0b24fcf9c292,2025-02-02,2025-03-04,1653.8,99.24,1753.04,Issued,SampleGen
INV-b2e0bc21-3ef7-4029-8e43-e62ca28545e6,ID206674,CID-378,b2e0bc21-3ef7-4029-8e43-e62ca28545e6,2025-03-15,2025-04-14,2611.82,156.72,2768.54,Issued,SampleGen
INV-b9233acb-fe3c-44f9-95c2-3ded23a1f5ce,ID206675,CID-378,b9233acb-fe3c-44f9-95c2-3ded23a1f5ce,2025-05-05,2025-06-04,3487.76,209.28,3697.04,Issued,SampleGen
INV-fda426e7-7105-466d-98a0-532d8c63b048,ID206676,CID-378,fda426e7-7105-466d-98a0-532d8c63b048,2025-06-28,2025-07-28,1797.86,107.88,1905.74,Issued,SampleGen
INV-e5b40021-9c06-4db7-b39e-6bb3dad4e716,ID206677,CID-378,e5b40021-9c06-4db7-b39e-6bb3dad4e716,2025-07-30,2025-08-29,2639.84,158.4,2798.24,Issued,SampleGen
INV-dda70515-42af-4553-9aa7-009c35e4352b,ID206678,CID-378,dda70515-42af-4553-9aa7-009c35e4352b,2025-08-13,2025-09-12,367.84,22.08,389.92,Issued,SampleGen
INV-56cec2c3-ba6b-4807-a1d6-32cd0ca34073,ID206679,CID-378,56cec2c3-ba6b-4807-a1d6-32cd0ca34073,2025-09-10,2025-10-10,723.8,43.44,767.24,Issued,SampleGen
INV-1bfb8894-5061-405f-a95e-fc2f3cf209df,ID206680,CID-378,1bfb8894-5061-405f-a95e-fc2f3cf209df,2025-10-17,2025-11-16,2031.8,121.92,2153.72,Issued,SampleGen
INV-073c3abe-4bb9-4770-8ab5-c8c430ca7b07,ID206681,CID-378,073c3abe-4bb9-4770-8ab5-c8c430ca7b07,2025-11-11,2025-12-11,381.9,22.92,404.82,Issued,SampleGen
INV-51ca7763-bdef-49e2-8f8f-b8e98e039aae,ID206682,CID-378,51ca7763-bdef-49e2-8f8f-b8e98e039aae,2025-12-10,2026-01-09,1901.9,114.12,2016.02,Issued,SampleGen
INV-02007045-a355-4796-8b6b-78913a826937,ID206683,CID-378,02007045-a355-4796-8b6b-78913a826937,2025-12-07,2026-01-06,193.9,11.64,205.54,Issued,SampleGen
INV-273fea71-6a95-4222-b9d2-57031a37966c,ID206684,CID-378,273fea71-6a95-4222-b9d2-57031a37966c,2026-01-12,2026-02-11,2915.9,174.96,3090.86,Issued,SampleGen
INV-210f41bf-9da3-4675-b2d8-175755f78ead,ID206685,CID-378,210f41bf-9da3-4675-b2d8-175755f78ead,2026-02-13,2026-03-15,1979.9,118.8,2098.7,Issued,SampleGen
INV-8ba9aaf1-5b5c-4e75-b5c2-97bc98790008,ID206686,CID-378,8ba9aaf1-5b5c-4e75-b5c2-97bc98790008,2026-02-21,2026-03-23,3639.84,218.4,3858.24,Issued,SampleGen
INV-a16ad79b-4ec0-46d9-84bc-bd2b4d970b4d,ID206687,CID-378,a16ad79b-4ec0-46d9-84bc-bd2b4d970b4d,2026-03-04,2026-04-03,703.88,42.24,746.12,Issued,SampleGen
INV-9ee46b0f-8700-4a7d-a86e-670bb6c5a1d5,ID206688,CID-378,9ee46b0f-8700-4a7d-a86e-670bb6c5a1d5,2026-04-07,2026-05-07,5095.76,305.76,5401.52,Issued,SampleGen
INV-24c26db1-cb4c-4451-bf5f-cce58e934822,ID206689,CID-378,24c26db1-cb4c-4451-bf5f-cce58e934822,2026-04-16,2026-05-16,543.84,32.64,576.48,Issued,SampleGen
INV-ede03483-21ec-484c-a05e-e9d33bf6d325,ID206690,CID-379,ede03483-21ec-484c-a05e-e9d33bf6d325,2025-01-04,2025-02-03,2939.78,176.4,3116.18,Issued,SampleGen
INV-285b86c8-d712-48a5-865a-42fad390415a,ID206691,CID-379,285b86c8-d712-48a5-865a-42fad390415a,2025-02-05,2025-03-07,4547.86,272.88,4820.74,Issued,SampleGen
INV-f6336e24-642a-4154-b1e8-7284f55af617,ID206692,CID-379,f6336e24-642a-4154-b1e8-7284f55af617,2025-03-20,2025-04-19,1471.86,88.32,1560.18,Issued,SampleGen
INV-3ebd414e-9e0c-4ab9-a716-456786ce3ed6,ID206693,CID-379,3ebd414e-9e0c-4ab9-a716-456786ce3ed6,2025-04-09,2025-05-09,1633.8,98.04,1731.84,Issued,SampleGen
INV-a8578ba3-8681-490c-bba1-e3dcacf53c65,ID206694,CID-379,a8578ba3-8681-490c-bba1-e3dcacf53c65,2025-05-18,2025-06-17,485.88,29.16,515.04,Issued,SampleGen
INV-575989ae-4eb2-4fde-bbcf-8724a0c66786,ID206695,CID-379,575989ae-4eb2-4fde-bbcf-8724a0c66786,2025-06-08,2025-07-08,3665.72,219.96,3885.68,Issued,SampleGen
INV-b9a33816-156d-4d41-a63e-2b638573b465,ID206696,CID-379,b9a33816-156d-4d41-a63e-2b638573b465,2025-06-25,2025-07-25,1677.78,100.68,1778.46,Issued,SampleGen
INV-00a793ff-c84c-41f6-a873-2c488d22b0a5,ID206697,CID-379,00a793ff-c84c-41f6-a873-2c488d22b0a5,2025-07-20,2025-08-19,671.9,40.32,712.22,Issued,SampleGen
INV-52e6e2c9-94af-4c5e-b001-3d8bbe322378,ID206698,CID-379,52e6e2c9-94af-4c5e-b001-3d8bbe322378,2025-07-22,2025-08-21,2007.78,120.48,2128.26,Issued,SampleGen
INV-488a8278-f198-444e-95b2-1dc1a0b50eb7,ID206699,CID-379,488a8278-f198-444e-95b2-1dc1a0b50eb7,2025-08-29,2025-09-28,923.76,55.44,979.2,Issued,SampleGen
INV-9a87d22e-1266-44fb-bd37-572ca0dd43c1,ID206700,CID-379,9a87d22e-1266-44fb-bd37-572ca0dd43c1,2025-09-02,2025-10-02,4827.76,289.68,5117.44,Issued,SampleGen
INV-0ebaff62-9adb-4e91-8dfc-cfdaed107e78,ID206701,CID-379,0ebaff62-9adb-4e91-8dfc-cfdaed107e78,2025-09-30,2025-10-30,1459.86,87.6,1547.46,Issued,SampleGen
INV-08169cc6-e71a-466e-8bb1-c2533dcef826,ID206702,CID-379,08169cc6-e71a-466e-8bb1-c2533dcef826,2025-10-16,2025-11-15,6521.76,391.32,6913.08,Issued,SampleGen
INV-40432b90-4d38-481a-b28e-57a131327fc5,ID206703,CID-379,40432b90-4d38-481a-b28e-57a131327fc5,2025-11-01,2025-12-01,2095.76,125.76,2221.52,Issued,SampleGen
INV-40becdc9-3aca-4716-984b-e7d474eec2cb,ID206704,CID-379,40becdc9-3aca-4716-984b-e7d474eec2cb,2025-11-07,2025-12-07,1683.86,101.04,1784.9,Issued,SampleGen
INV-04dbebc0-6a5f-4673-bc75-66e5cca88fb7,ID206705,CID-379,04dbebc0-6a5f-4673-bc75-66e5cca88fb7,2025-11-30,2025-12-30,3125.84,187.56,3313.4,Issued,SampleGen
INV-14beafdf-d4ca-4a1c-8830-e0127840d38a,ID206706,CID-379,14beafdf-d4ca-4a1c-8830-e0127840d38a,2025-12-19,2026-01-18,919.9,55.2,975.1,Issued,SampleGen
INV-0a6e29b6-9ef5-4f41-ad1c-24dd9b4266ae,ID206707,CID-379,0a6e29b6-9ef5-4f41-ad1c-24dd9b4266ae,2025-12-16,2026-01-15,1653.78,99.24,1753.02,Issued,SampleGen
INV-c1679445-39fa-45ea-8f97-8be1a48c4b93,ID206708,CID-379,c1679445-39fa-45ea-8f97-8be1a48c4b93,2026-01-20,2026-02-19,1623.82,97.44,1721.26,Issued,SampleGen
INV-40b0c583-1f97-4edc-bdbf-bcf33abcf76e,ID206709,CID-379,40b0c583-1f97-4edc-bdbf-bcf33abcf76e,2026-01-02,2026-02-01,391.9,23.52,415.42,Issued,SampleGen
INV-38bd82c5-b49e-43e4-8140-6a01b6c68032,ID206710,CID-379,38bd82c5-b49e-43e4-8140-6a01b6c68032,2026-02-16,2026-03-18,3175.78,190.56,3366.34,Issued,SampleGen
INV-c490698d-0609-4914-9e76-050e661f9e00,ID206711,CID-379,c490698d-0609-4914-9e76-050e661f9e00,2026-02-12,2026-03-14,261.9,15.72,277.62,Issued,SampleGen
INV-81c1e616-5b4c-4daa-9c55-abc6ed2bca46,ID206712,CID-379,81c1e616-5b4c-4daa-9c55-abc6ed2bca46,2026-02-19,2026-03-21,1863.92,111.84,1975.76,Issued,SampleGen
INV-23343b27-39c8-4e8e-b5e7-1d6b8a37ee67,ID206713,CID-379,23343b27-39c8-4e8e-b5e7-1d6b8a37ee67,2026-03-13,2026-04-12,287.88,17.28,305.16,Issued,SampleGen
INV-ce735169-c9d0-4106-9f7d-d8f049065bae,ID206714,CID-379,ce735169-c9d0-4106-9f7d-d8f049065bae,2026-03-10,2026-04-09,5163.84,309.84,5473.68,Issued,SampleGen
INV-0e1d5571-eebb-4a88-a80c-fa995473ab30,ID206715,CID-379,0e1d5571-eebb-4a88-a80c-fa995473ab30,2026-03-04,2026-04-03,2419.82,145.2,2565.02,Issued,SampleGen
INV-01882aec-d98e-4742-8a73-9d136a8c4eaa,ID206716,CID-379,01882aec-d98e-4742-8a73-9d136a8c4eaa,2026-04-16,2026-05-16,1205.82,72.36,1278.18,Issued,SampleGen
INV-89ab792a-362c-4f00-ac11-b00597e535b7,ID206717,CID-379,89ab792a-362c-4f00-ac11-b00597e535b7,2026-04-12,2026-05-12,4813.74,288.84,5102.58,Issued,SampleGen
INV-a3bbd465-9599-4df7-915f-8b03cd303749,ID206718,CID-380,a3bbd465-9599-4df7-915f-8b03cd303749,2025-01-08,2025-02-07,917.86,55.08,972.94,Issued,SampleGen
INV-cf26475e-c450-4b43-b7d1-ae8aef762739,ID206719,CID-380,cf26475e-c450-4b43-b7d1-ae8aef762739,2025-03-11,2025-04-10,1655.82,99.36,1755.18,Issued,SampleGen
INV-d214444a-d8d6-46a5-95c6-123343030bd6,ID206720,CID-380,d214444a-d8d6-46a5-95c6-123343030bd6,2025-04-10,2025-05-10,2359.76,141.6,2501.36,Issued,SampleGen
INV-5ca18c88-5e83-40b4-9ae2-ce72bb59470d,ID206721,CID-380,5ca18c88-5e83-40b4-9ae2-ce72bb59470d,2025-05-12,2025-06-11,1101.82,66.12,1167.94,Issued,SampleGen
INV-4ca4feb7-b1b2-44ac-8df8-d2ad0dd85659,ID206722,CID-380,4ca4feb7-b1b2-44ac-8df8-d2ad0dd85659,2025-06-20,2025-07-20,1321.74,79.32,1401.06,Issued,SampleGen
INV-bfc9d18f-dad9-449c-9231-253d6e7f1e85,ID206723,CID-380,bfc9d18f-dad9-449c-9231-253d6e7f1e85,2025-07-06,2025-08-05,727.76,43.68,771.44,Issued,SampleGen
INV-fa99db7e-76e3-4779-9df8-8c9b731e6843,ID206724,CID-380,fa99db7e-76e3-4779-9df8-8c9b731e6843,2025-08-19,2025-09-18,1079.88,64.8,1144.68,Issued,SampleGen
INV-0fbcab24-be96-4429-85e3-92a84a0680a7,ID206725,CID-380,0fbcab24-be96-4429-85e3-92a84a0680a7,2025-09-04,2025-10-04,833.78,50.04,883.82,Issued,SampleGen
INV-a14c7fa0-6cd0-4030-8b2d-79775e4a346c,ID206726,CID-380,a14c7fa0-6cd0-4030-8b2d-79775e4a346c,2025-10-04,2025-11-03,459.9,27.6,487.5,Issued,SampleGen
INV-30763cf1-186d-4332-bf4f-a497ad90cd65,ID206727,CID-380,30763cf1-186d-4332-bf4f-a497ad90cd65,2025-12-01,2025-12-31,623.88,37.44,661.32,Issued,SampleGen
INV-ea015b4f-014a-47bb-bc59-995771c09267,ID206728,CID-380,ea015b4f-014a-47bb-bc59-995771c09267,2025-12-16,2026-01-15,3167.8,190.08,3357.88,Issued,SampleGen
INV-33afaeb2-dcd1-4923-9f8f-be795a7c0e5e,ID206729,CID-380,33afaeb2-dcd1-4923-9f8f-be795a7c0e5e,2025-12-28,2026-01-27,1887.84,113.28,2001.12,Issued,SampleGen
INV-6d565637-8484-4c33-88f6-c230c708e33a,ID206730,CID-380,6d565637-8484-4c33-88f6-c230c708e33a,2026-01-16,2026-02-15,375.9,22.56,398.46,Issued,SampleGen
INV-808ad252-e858-43ad-a382-e2ce18290b3a,ID206731,CID-380,808ad252-e858-43ad-a382-e2ce18290b3a,2026-02-28,2026-03-30,991.72,59.52,1051.24,Issued,SampleGen
INV-fe891cf9-be17-4208-95d3-f2ccaaf03a4d,ID206732,CID-380,fe891cf9-be17-4208-95d3-f2ccaaf03a4d,2026-02-27,2026-03-29,1133.76,68.04,1201.8,Issued,SampleGen
INV-b9f6da7b-f8b0-416e-8655-6139a32a34f5,ID206733,CID-380,b9f6da7b-f8b0-416e-8655-6139a32a34f5,2026-03-13,2026-04-12,2451.76,147.12,2598.88,Issued,SampleGen
INV-ee04a445-ef12-41fe-b3f7-8aef740fc363,ID206734,CID-380,ee04a445-ef12-41fe-b3f7-8aef740fc363,2026-03-24,2026-04-23,2139.86,128.4,2268.26,Issued,SampleGen
INV-8748b042-528e-4f6e-9ca3-fda06dcdb414,ID206735,CID-380,8748b042-528e-4f6e-9ca3-fda06dcdb414,2026-04-23,2026-05-23,1043.88,62.64,1106.52,Issued,SampleGen
INV-688e23d8-8460-4c28-a779-9a332197e4a9,ID206736,CID-380,688e23d8-8460-4c28-a779-9a332197e4a9,2026-04-20,2026-05-20,1887.92,113.28,2001.2,Issued,SampleGen
INV-9d183795-959c-4977-8e70-0428a6acda4d,ID206737,CID-381,9d183795-959c-4977-8e70-0428a6acda4d,2025-03-10,2025-04-09,3567.88,214.08,3781.96,Issued,SampleGen
INV-e26c8558-e41c-42ce-a284-c39e4d9be57c,ID206738,CID-381,e26c8558-e41c-42ce-a284-c39e4d9be57c,2025-07-07,2025-08-06,465.86,27.96,493.82,Issued,SampleGen
INV-a96b43d0-1cc7-4ec0-b12e-2eee86f69071,ID206739,CID-381,a96b43d0-1cc7-4ec0-b12e-2eee86f69071,2025-08-27,2025-09-26,1519.92,91.2,1611.12,Issued,SampleGen
INV-b0a7d25a-1eb7-45cb-abe8-2e06e3200e93,ID206740,CID-381,b0a7d25a-1eb7-45cb-abe8-2e06e3200e93,2025-11-23,2025-12-23,781.78,46.92,828.7,Issued,SampleGen
INV-30340427-9952-4bc0-8733-a8202a81d870,ID206741,CID-382,30340427-9952-4bc0-8733-a8202a81d870,2025-03-27,2025-04-26,487.86,29.28,517.14,Issued,SampleGen
INV-4d6ee5be-b489-4628-9914-dfa33226a76b,ID206742,CID-382,4d6ee5be-b489-4628-9914-dfa33226a76b,2025-05-14,2025-06-13,607.84,36.48,644.32,Issued,SampleGen
INV-c936e7f5-bb1d-44b1-9ec1-d93f166f3dcf,ID206743,CID-382,c936e7f5-bb1d-44b1-9ec1-d93f166f3dcf,2025-06-05,2025-07-05,683.88,41.04,724.92,Issued,SampleGen
INV-850925f5-6f3a-45ee-a4d7-630901751873,ID206744,CID-382,850925f5-6f3a-45ee-a4d7-630901751873,2025-07-06,2025-08-05,1123.84,67.44,1191.28,Issued,SampleGen
INV-2bf5f9ce-ca64-43bb-b813-62b4330e6be2,ID206745,CID-382,2bf5f9ce-ca64-43bb-b813-62b4330e6be2,2025-08-15,2025-09-14,387.92,23.28,411.2,Issued,SampleGen
INV-79da89b3-ba1e-42bd-89fb-018908d63d8a,ID206746,CID-382,79da89b3-ba1e-42bd-89fb-018908d63d8a,2025-09-14,2025-10-14,291.92,17.52,309.44,Issued,SampleGen
INV-497401b6-c80a-4e76-9745-aae14d1f699f,ID206747,CID-382,497401b6-c80a-4e76-9745-aae14d1f699f,2025-10-03,2025-11-02,2831.88,169.92,3001.8,Issued,SampleGen
INV-55ba53ec-5a59-49b9-a542-60411219c57c,ID206748,CID-382,55ba53ec-5a59-49b9-a542-60411219c57c,2025-11-17,2025-12-17,291.9,17.52,309.42,Issued,SampleGen
INV-d52ee527-00d5-48b9-b4a7-71417745940a,ID206749,CID-382,d52ee527-00d5-48b9-b4a7-71417745940a,2025-11-15,2025-12-15,2159.76,129.6,2289.36,Issued,SampleGen
INV-128b0043-e3d5-45d7-b7b1-52aa2517e9b3,ID206750,CID-382,128b0043-e3d5-45d7-b7b1-52aa2517e9b3,2025-12-08,2026-01-07,1927.84,115.68,2043.52,Issued,SampleGen
INV-72bc6153-8fa7-4b7c-a0e6-f08b70c60a4e,ID206751,CID-382,72bc6153-8fa7-4b7c-a0e6-f08b70c60a4e,2026-01-31,2026-03-02,629.86,37.8,667.66,Issued,SampleGen
INV-2571bc57-7e52-4126-a1bb-cb19fe8771e7,ID206752,CID-382,2571bc57-7e52-4126-a1bb-cb19fe8771e7,2026-02-15,2026-03-17,627.8,37.68,665.48,Issued,SampleGen
INV-b8ec1d18-1315-4f6b-bdbc-9ba01b1f63df,ID206753,CID-382,b8ec1d18-1315-4f6b-bdbc-9ba01b1f63df,2026-02-02,2026-03-04,929.82,55.8,985.62,Issued,SampleGen
INV-a1c6c401-2110-4d67-809a-210c20f08508,ID206754,CID-382,a1c6c401-2110-4d67-809a-210c20f08508,2026-03-11,2026-04-10,1251.76,75.12,1326.88,Issued,SampleGen
INV-0d7c2898-39d2-401c-ab85-9621dd073955,ID206755,CID-382,0d7c2898-39d2-401c-ab85-9621dd073955,2026-04-15,2026-05-15,3375.72,202.56,3578.28,Issued,SampleGen
INV-d731e3be-e5fb-4185-aa04-5fe487f49424,ID206756,CID-383,d731e3be-e5fb-4185-aa04-5fe487f49424,2025-03-12,2025-04-11,1597.86,95.88,1693.74,Issued,SampleGen
INV-473f71ad-7541-4d12-a1c4-e660a2f8d721,ID206757,CID-383,473f71ad-7541-4d12-a1c4-e660a2f8d721,2025-05-19,2025-06-18,1215.78,72.96,1288.74,Issued,SampleGen
INV-2a707955-202d-40b3-be2f-4cb37eeaa5eb,ID206758,CID-383,2a707955-202d-40b3-be2f-4cb37eeaa5eb,2025-08-13,2025-09-12,1167.9,70.08,1237.98,Issued,SampleGen
INV-6d5178a0-efe0-433c-a7cd-ef2e644723ce,ID206759,CID-383,6d5178a0-efe0-433c-a7cd-ef2e644723ce,2025-10-26,2025-11-25,2175.72,130.56,2306.28,Issued,SampleGen
INV-84a8132e-0c43-404e-a453-8dbe4f76649d,ID206760,CID-383,84a8132e-0c43-404e-a453-8dbe4f76649d,2025-12-03,2026-01-02,4351.84,261.12,4612.96,Issued,SampleGen
INV-81a80e4f-fe7e-45de-acdd-657a841f8077,ID206761,CID-383,81a80e4f-fe7e-45de-acdd-657a841f8077,2026-01-07,2026-02-06,2089.82,125.4,2215.22,Issued,SampleGen
INV-1d03706f-7d47-486e-848e-04bc7a093942,ID206762,CID-383,1d03706f-7d47-486e-848e-04bc7a093942,2026-02-03,2026-03-05,933.78,56.04,989.82,Issued,SampleGen
INV-324549e0-0f2d-4ffc-a403-1e5bf0c9a972,ID206763,CID-383,324549e0-0f2d-4ffc-a403-1e5bf0c9a972,2026-03-28,2026-04-27,3223.88,193.44,3417.32,Issued,SampleGen
INV-f0602018-34e7-474b-af6a-ccfeec7cbf7f,ID206764,CID-383,f0602018-34e7-474b-af6a-ccfeec7cbf7f,2026-04-03,2026-05-03,581.86,34.92,616.78,Issued,SampleGen
INV-304b4fe0-9a77-4d59-ac3f-74aee7ab2474,ID206765,CID-384,304b4fe0-9a77-4d59-ac3f-74aee7ab2474,2025-01-02,2025-02-01,5573.78,334.44,5908.22,Issued,SampleGen
INV-0e9234ed-8c69-403f-baf3-8955c9a6f1dc,ID206766,CID-384,0e9234ed-8c69-403f-baf3-8955c9a6f1dc,2025-02-13,2025-03-15,2303.8,138.24,2442.04,Issued,SampleGen
INV-714ab8fc-ecb1-4a68-b352-fa99f9b8b0c7,ID206767,CID-384,714ab8fc-ecb1-4a68-b352-fa99f9b8b0c7,2025-04-19,2025-05-19,2631.84,157.92,2789.76,Issued,SampleGen
INV-d00978c5-548a-4a20-afc0-5175fe357515,ID206768,CID-384,d00978c5-548a-4a20-afc0-5175fe357515,2025-05-15,2025-06-14,299.92,18.0,317.92,Issued,SampleGen
INV-a41f26cd-a321-4be3-aed4-f1fc0e453f9f,ID206769,CID-384,a41f26cd-a321-4be3-aed4-f1fc0e453f9f,2025-06-06,2025-07-06,1131.88,67.92,1199.8,Issued,SampleGen
INV-7e84cbdd-a0bd-4063-9b3a-f8da3b22a50f,ID206770,CID-384,7e84cbdd-a0bd-4063-9b3a-f8da3b22a50f,2025-07-31,2025-08-30,895.78,53.76,949.54,Issued,SampleGen
INV-030af603-eebe-476a-9d42-e426d6b1b5e8,ID206771,CID-384,030af603-eebe-476a-9d42-e426d6b1b5e8,2025-08-27,2025-09-26,3519.72,211.2,3730.92,Issued,SampleGen
INV-61aff901-5eb6-4376-a157-01a69e2df75e,ID206772,CID-384,61aff901-5eb6-4376-a157-01a69e2df75e,2025-08-23,2025-09-22,717.86,43.08,760.94,Issued,SampleGen
INV-3d6d41e6-86c1-4c84-8852-d28c8a4ae277,ID206773,CID-384,3d6d41e6-86c1-4c84-8852-d28c8a4ae277,2025-09-22,2025-10-22,3307.8,198.48,3506.28,Issued,SampleGen
INV-8a2aaff4-4c88-4df3-86c9-2a8a0bb327ec,ID206774,CID-384,8a2aaff4-4c88-4df3-86c9-2a8a0bb327ec,2025-10-03,2025-11-02,1927.84,115.68,2043.52,Issued,SampleGen
INV-bbe7b536-7bfa-4c32-89a6-5794c430ebe9,ID206775,CID-384,bbe7b536-7bfa-4c32-89a6-5794c430ebe9,2025-10-16,2025-11-15,2937.78,176.28,3114.06,Issued,SampleGen
INV-071670f9-831f-4d00-aec2-51eae5d3a937,ID206776,CID-384,071670f9-831f-4d00-aec2-51eae5d3a937,2025-11-10,2025-12-10,1773.78,106.44,1880.22,Issued,SampleGen
INV-bf648e39-bc00-4a26-8873-043c842571cc,ID206777,CID-384,bf648e39-bc00-4a26-8873-043c842571cc,2025-11-07,2025-12-07,2075.86,124.56,2200.42,Issued,SampleGen
INV-028565d5-8e45-443f-93a5-c51bab7a24b5,ID206778,CID-384,028565d5-8e45-443f-93a5-c51bab7a24b5,2025-12-27,2026-01-26,419.88,25.2,445.08,Issued,SampleGen
INV-676c6dc9-f7ba-490e-9b86-e9ace37c8c9a,ID206779,CID-384,676c6dc9-f7ba-490e-9b86-e9ace37c8c9a,2025-12-07,2026-01-06,1039.72,62.4,1102.12,Issued,SampleGen
INV-3cf3d1b9-0918-4752-a9fd-4c43b1a84812,ID206780,CID-384,3cf3d1b9-0918-4752-a9fd-4c43b1a84812,2026-01-28,2026-02-27,2199.8,132.0,2331.8,Issued,SampleGen
INV-4c66766f-0f3f-4f93-9641-6a5964d2026e,ID206781,CID-384,4c66766f-0f3f-4f93-9641-6a5964d2026e,2026-01-13,2026-02-12,4249.8,255.0,4504.8,Issued,SampleGen
INV-3a748c94-f6f3-4d69-92d0-513b78d246f8,ID206782,CID-384,3a748c94-f6f3-4d69-92d0-513b78d246f8,2026-02-25,2026-03-27,4823.8,289.44,5113.24,Issued,SampleGen
INV-7c95ca11-b981-46f2-931c-0538b113742d,ID206783,CID-384,7c95ca11-b981-46f2-931c-0538b113742d,2026-03-01,2026-03-31,5243.84,314.64,5558.48,Issued,SampleGen
INV-0c214aa2-01bd-4bbf-a147-fbcec16b4fe2,ID206784,CID-384,0c214aa2-01bd-4bbf-a147-fbcec16b4fe2,2026-03-30,2026-04-29,931.84,55.92,987.76,Issued,SampleGen
INV-9fd1c02d-ba29-4280-a03f-eb6914deeba0,ID206785,CID-384,9fd1c02d-ba29-4280-a03f-eb6914deeba0,2026-04-15,2026-05-15,879.88,52.8,932.68,Issued,SampleGen
INV-6e5dcb1a-1e20-4405-b018-6a28551dd8b7,ID206786,CID-384,6e5dcb1a-1e20-4405-b018-6a28551dd8b7,2026-04-14,2026-05-14,323.92,19.44,343.36,Issued,SampleGen
INV-1f9f3ebe-53f3-4ef0-a16d-0d62fd925a4c,ID206787,CID-385,1f9f3ebe-53f3-4ef0-a16d-0d62fd925a4c,2025-01-02,2025-02-01,3665.74,219.96,3885.7,Issued,SampleGen
INV-af5d5297-04dd-4b1d-91da-b604cd7d6e7a,ID206788,CID-385,af5d5297-04dd-4b1d-91da-b604cd7d6e7a,2025-02-19,2025-03-21,3629.74,217.8,3847.54,Issued,SampleGen
INV-f8d77c2b-4f36-4347-bcb3-d93f3fe63bd5,ID206789,CID-385,f8d77c2b-4f36-4347-bcb3-d93f3fe63bd5,2025-03-06,2025-04-05,3055.86,183.36,3239.22,Issued,SampleGen
INV-88477617-0b17-42e4-9d11-50160c670df1,ID206790,CID-385,88477617-0b17-42e4-9d11-50160c670df1,2025-03-31,2025-04-30,1499.9,90.0,1589.9,Issued,SampleGen
INV-a402e118-2a81-4f11-8412-dc6deea5f326,ID206791,CID-385,a402e118-2a81-4f11-8412-dc6deea5f326,2025-04-13,2025-05-13,1259.86,75.6,1335.46,Issued,SampleGen
INV-060170e4-ef9b-4fe3-8276-76b4f81a7e82,ID206792,CID-385,060170e4-ef9b-4fe3-8276-76b4f81a7e82,2025-04-03,2025-05-03,1315.9,78.96,1394.86,Issued,SampleGen
INV-e1fb0ae7-c76f-400e-8d0a-9507bbd7dbff,ID206793,CID-385,e1fb0ae7-c76f-400e-8d0a-9507bbd7dbff,2025-05-24,2025-06-23,567.86,34.08,601.94,Issued,SampleGen
INV-c270449e-134e-4e6d-b75a-72a2f860a49c,ID206794,CID-385,c270449e-134e-4e6d-b75a-72a2f860a49c,2025-05-30,2025-06-29,1731.82,103.92,1835.74,Issued,SampleGen
INV-15ee0d5b-5214-4598-81e6-51582f46eeb1,ID206795,CID-385,15ee0d5b-5214-4598-81e6-51582f46eeb1,2025-06-14,2025-07-14,1849.8,111.0,1960.8,Issued,SampleGen
INV-1756e479-b207-4820-a558-e54b8783a3ac,ID206796,CID-385,1756e479-b207-4820-a558-e54b8783a3ac,2025-06-24,2025-07-24,2447.8,146.88,2594.68,Issued,SampleGen
INV-88475857-1a15-4aa0-a990-9b6859861243,ID206797,CID-385,88475857-1a15-4aa0-a990-9b6859861243,2025-08-01,2025-08-31,3147.74,188.88,3336.62,Issued,SampleGen
INV-0f7a8908-f2a0-431f-9114-2a1dff94742b,ID206798,CID-385,0f7a8908-f2a0-431f-9114-2a1dff94742b,2025-07-06,2025-08-05,855.8,51.36,907.16,Issued,SampleGen
INV-92e29f2a-e47e-4a4f-b15d-303fa806c847,ID206799,CID-385,92e29f2a-e47e-4a4f-b15d-303fa806c847,2025-08-06,2025-09-05,421.9,25.32,447.22,Issued,SampleGen
INV-dce566ae-44a4-480e-97be-e42a1a5aaf28,ID206800,CID-385,dce566ae-44a4-480e-97be-e42a1a5aaf28,2025-08-24,2025-09-23,941.74,56.52,998.26,Issued,SampleGen
INV-e6ea80d7-e5ae-4e4c-8007-a94043a8847f,ID206801,CID-385,e6ea80d7-e5ae-4e4c-8007-a94043a8847f,2025-08-25,2025-09-24,593.82,35.64,629.46,Issued,SampleGen
INV-659fb24c-8317-47fc-9f4d-b36cac1beb74,ID206802,CID-385,659fb24c-8317-47fc-9f4d-b36cac1beb74,2025-10-01,2025-10-31,255.92,15.36,271.28,Issued,SampleGen
INV-55f8f420-71b3-43fb-a44d-648ffcad047c,ID206803,CID-385,55f8f420-71b3-43fb-a44d-648ffcad047c,2025-09-30,2025-10-30,6943.72,416.64,7360.36,Issued,SampleGen
INV-4057a3c3-c2da-4559-9a3f-82f5301d7335,ID206804,CID-385,4057a3c3-c2da-4559-9a3f-82f5301d7335,2025-09-30,2025-10-30,483.88,29.04,512.92,Issued,SampleGen
INV-7fcc1ad5-f1e6-413d-9da4-28c763a394c4,ID206805,CID-385,7fcc1ad5-f1e6-413d-9da4-28c763a394c4,2025-10-11,2025-11-10,2915.9,174.96,3090.86,Issued,SampleGen
INV-ea525c59-9fd5-4ddb-85f1-1e277b44ac49,ID206806,CID-385,ea525c59-9fd5-4ddb-85f1-1e277b44ac49,2025-10-10,2025-11-09,657.84,39.48,697.32,Issued,SampleGen
INV-0fc3313d-e881-4371-8bbd-43036be35249,ID206807,CID-385,0fc3313d-e881-4371-8bbd-43036be35249,2025-10-15,2025-11-14,775.84,46.56,822.4,Issued,SampleGen
INV-0b3cd2f7-c5d6-43db-a6a5-55f0105cec8a,ID206808,CID-385,0b3cd2f7-c5d6-43db-a6a5-55f0105cec8a,2025-11-24,2025-12-24,711.82,42.72,754.54,Issued,SampleGen
INV-f3761a34-3b67-422c-9282-6eb61c90064c,ID206809,CID-385,f3761a34-3b67-422c-9282-6eb61c90064c,2025-11-07,2025-12-07,3591.78,215.52,3807.3,Issued,SampleGen
INV-441c9cd7-a243-4286-b312-f6c14f5c749a,ID206810,CID-385,441c9cd7-a243-4286-b312-f6c14f5c749a,2025-11-29,2025-12-29,2543.82,152.64,2696.46,Issued,SampleGen
INV-a39048f2-3ab8-4672-86e5-f478c4d86581,ID206811,CID-385,a39048f2-3ab8-4672-86e5-f478c4d86581,2025-12-22,2026-01-21,5387.82,323.28,5711.1,Issued,SampleGen
INV-d9d59420-06b3-4a7b-b303-cd2b2020cb93,ID206812,CID-385,d9d59420-06b3-4a7b-b303-cd2b2020cb93,2025-12-19,2026-01-18,1911.8,114.72,2026.52,Issued,SampleGen
INV-5ed29455-866d-4ce1-a005-65f7929c3f70,ID206813,CID-385,5ed29455-866d-4ce1-a005-65f7929c3f70,2025-12-04,2026-01-03,2827.9,169.68,2997.58,Issued,SampleGen
INV-9b8c9157-1f9e-4483-b951-b368ceb3cb7f,ID206814,CID-385,9b8c9157-1f9e-4483-b951-b368ceb3cb7f,2026-01-29,2026-02-28,771.86,46.32,818.18,Issued,SampleGen
INV-624ba8c7-d999-4a7c-98c2-a3f95196f36f,ID206815,CID-385,624ba8c7-d999-4a7c-98c2-a3f95196f36f,2026-01-04,2026-02-03,4191.78,251.52,4443.3,Issued,SampleGen
INV-5c219134-5b2b-4f20-9214-dcd1fba8ad9c,ID206816,CID-385,5c219134-5b2b-4f20-9214-dcd1fba8ad9c,2026-01-22,2026-02-21,5635.78,338.16,5973.94,Issued,SampleGen
INV-eb3cd2a9-1d9b-4263-b68b-47b1f5e42dc0,ID206817,CID-385,eb3cd2a9-1d9b-4263-b68b-47b1f5e42dc0,2026-02-24,2026-03-26,1883.8,113.04,1996.84,Issued,SampleGen
INV-28bfb233-20ce-42d6-8962-4ac2de068838,ID206818,CID-385,28bfb233-20ce-42d6-8962-4ac2de068838,2026-02-08,2026-03-10,911.84,54.72,966.56,Issued,SampleGen
INV-3315e0ee-6cf1-48ee-ab72-4383aa756992,ID206819,CID-385,3315e0ee-6cf1-48ee-ab72-4383aa756992,2026-02-19,2026-03-21,4925.74,295.56,5221.3,Issued,SampleGen
INV-b5bd0727-68ef-418e-aa92-96a92878e7d0,ID206820,CID-385,b5bd0727-68ef-418e-aa92-96a92878e7d0,2026-02-02,2026-03-04,675.88,40.56,716.44,Issued,SampleGen
INV-19d623c9-949b-4265-bb62-806defb2d4a2,ID206821,CID-385,19d623c9-949b-4265-bb62-806defb2d4a2,2026-03-24,2026-04-23,513.86,30.84,544.7,Issued,SampleGen
INV-0e445347-3522-46ad-9503-7a9e1d5eb813,ID206822,CID-385,0e445347-3522-46ad-9503-7a9e1d5eb813,2026-03-18,2026-04-17,1595.78,95.76,1691.54,Issued,SampleGen
INV-85ab4bcb-de93-4745-a837-67cac1a78fff,ID206823,CID-385,85ab4bcb-de93-4745-a837-67cac1a78fff,2026-03-08,2026-04-07,1955.82,117.36,2073.18,Issued,SampleGen
INV-e95958e9-3c28-406c-8e14-2fe827303162,ID206824,CID-385,e95958e9-3c28-406c-8e14-2fe827303162,2026-03-13,2026-04-12,3795.84,227.76,4023.6,Issued,SampleGen
INV-aa1e93a5-c558-42f1-840c-7aefb6280198,ID206825,CID-385,aa1e93a5-c558-42f1-840c-7aefb6280198,2026-04-16,2026-05-16,773.78,46.44,820.22,Issued,SampleGen
INV-be561668-7d4c-4705-9ec1-f7657e3bbcda,ID206826,CID-385,be561668-7d4c-4705-9ec1-f7657e3bbcda,2026-04-03,2026-05-03,1109.76,66.6,1176.36,Issued,SampleGen
INV-a8dd86c9-b76c-4870-8495-3450cc0696a2,ID206827,CID-385,a8dd86c9-b76c-4870-8495-3450cc0696a2,2026-04-15,2026-05-15,2323.76,139.44,2463.2,Issued,SampleGen
INV-58e4b40e-c3f1-4bab-9b91-8399987bf67e,ID206828,CID-385,58e4b40e-c3f1-4bab-9b91-8399987bf67e,2026-04-18,2026-05-18,4081.74,244.92,4326.66,Issued,SampleGen
INV-4ffbff43-eb62-4583-b6f3-49e2eb57c3e6,ID206829,CID-386,4ffbff43-eb62-4583-b6f3-49e2eb57c3e6,2025-03-14,2025-04-13,1415.88,84.96,1500.84,Issued,SampleGen
INV-1c873c58-e50b-409b-8878-668463fd1b61,ID206830,CID-386,1c873c58-e50b-409b-8878-668463fd1b61,2025-04-12,2025-05-12,1959.9,117.6,2077.5,Issued,SampleGen
INV-035dab80-7f24-4318-95cf-692a26926d6e,ID206831,CID-386,035dab80-7f24-4318-95cf-692a26926d6e,2025-05-09,2025-06-08,1259.86,75.6,1335.46,Issued,SampleGen
INV-a89414d7-f674-4188-ac25-35fa1d83da57,ID206832,CID-386,a89414d7-f674-4188-ac25-35fa1d83da57,2025-06-18,2025-07-18,409.86,24.6,434.46,Issued,SampleGen
INV-d043ee08-7c1a-45c5-ab1e-05b95f256741,ID206833,CID-386,d043ee08-7c1a-45c5-ab1e-05b95f256741,2025-07-10,2025-08-09,3647.72,218.88,3866.6,Issued,SampleGen
INV-4d45bcf1-18ee-4fb8-8ab3-f6c023ca6233,ID206834,CID-386,4d45bcf1-18ee-4fb8-8ab3-f6c023ca6233,2025-08-13,2025-09-12,775.84,46.56,822.4,Issued,SampleGen
INV-6dd1d0ee-5d5a-4781-af50-039471d8001b,ID206835,CID-386,6dd1d0ee-5d5a-4781-af50-039471d8001b,2025-09-12,2025-10-12,471.84,28.32,500.16,Issued,SampleGen
INV-435ace1a-4929-4248-895d-f33d32d2d963,ID206836,CID-386,435ace1a-4929-4248-895d-f33d32d2d963,2025-10-04,2025-11-03,3563.78,213.84,3777.62,Issued,SampleGen
INV-b6a088b6-3d66-468a-973e-89354a248f32,ID206837,CID-386,b6a088b6-3d66-468a-973e-89354a248f32,2025-11-03,2025-12-03,2847.74,170.88,3018.62,Issued,SampleGen
INV-20209356-94d5-4f47-8b3f-13dbcbf51cc9,ID206838,CID-386,20209356-94d5-4f47-8b3f-13dbcbf51cc9,2025-12-20,2026-01-19,5295.72,317.76,5613.48,Issued,SampleGen
INV-d5b16ef0-dd0d-42cd-a6d4-2641b3b83f2a,ID206839,CID-386,d5b16ef0-dd0d-42cd-a6d4-2641b3b83f2a,2026-01-19,2026-02-18,3019.82,181.2,3201.02,Issued,SampleGen
INV-52e08798-0c1c-48ba-9845-15b238ffa930,ID206840,CID-386,52e08798-0c1c-48ba-9845-15b238ffa930,2026-03-01,2026-03-31,2167.78,130.08,2297.86,Issued,SampleGen
INV-aa9c106c-6596-418a-a1db-17cfb85ac192,ID206841,CID-386,aa9c106c-6596-418a-a1db-17cfb85ac192,2026-03-14,2026-04-13,5571.74,334.32,5906.06,Issued,SampleGen
INV-d1936595-3ed3-4c86-b1b3-c84be798b28d,ID206842,CID-386,d1936595-3ed3-4c86-b1b3-c84be798b28d,2026-04-02,2026-05-02,1259.86,75.6,1335.46,Issued,SampleGen
INV-9909060c-04e7-4e71-ada1-94f34cf3bec1,ID206843,CID-387,9909060c-04e7-4e71-ada1-94f34cf3bec1,2025-01-30,2025-03-01,2879.82,172.8,3052.62,Issued,SampleGen
INV-5ac3ee9a-c016-4b2c-a76d-58a15dc54400,ID206844,CID-387,5ac3ee9a-c016-4b2c-a76d-58a15dc54400,2025-03-31,2025-04-30,933.9,56.04,989.94,Issued,SampleGen
INV-b17dfaee-b02a-4966-b1d7-4fa52fc1b6b3,ID206845,CID-387,b17dfaee-b02a-4966-b1d7-4fa52fc1b6b3,2025-05-17,2025-06-16,2105.78,126.36,2232.14,Issued,SampleGen
INV-efbfc2a9-148f-4efc-8240-fdeca28ca43c,ID206846,CID-387,efbfc2a9-148f-4efc-8240-fdeca28ca43c,2025-09-29,2025-10-29,4853.76,291.24,5145.0,Issued,SampleGen
INV-61970852-a807-4078-ab85-39c6770c9f05,ID206847,CID-387,61970852-a807-4078-ab85-39c6770c9f05,2025-11-24,2025-12-24,2127.78,127.68,2255.46,Issued,SampleGen
INV-eabe6d8d-d16a-4366-96a2-bc95e5f9f205,ID206848,CID-387,eabe6d8d-d16a-4366-96a2-bc95e5f9f205,2026-01-10,2026-02-09,5019.86,301.2,5321.06,Issued,SampleGen
INV-f17e2bd3-3785-48fb-8a92-27370f18e342,ID206849,CID-387,f17e2bd3-3785-48fb-8a92-27370f18e342,2026-02-19,2026-03-21,393.9,23.64,417.54,Issued,SampleGen
INV-ed6f4c64-33c2-48fe-92a1-e1189638255d,ID206850,CID-387,ed6f4c64-33c2-48fe-92a1-e1189638255d,2026-03-15,2026-04-14,933.9,56.04,989.94,Issued,SampleGen
INV-e7f8eb7c-91fa-41ea-8a8d-03ff85e35e92,ID206851,CID-388,e7f8eb7c-91fa-41ea-8a8d-03ff85e35e92,2025-03-09,2025-04-08,3399.78,204.0,3603.78,Issued,SampleGen
INV-b5ef2510-2e55-4808-a626-192a12b7ee3e,ID206852,CID-388,b5ef2510-2e55-4808-a626-192a12b7ee3e,2025-04-24,2025-05-24,859.76,51.6,911.36,Issued,SampleGen
INV-33732ba3-3067-4599-8d5b-44489742dd9d,ID206853,CID-388,33732ba3-3067-4599-8d5b-44489742dd9d,2025-06-20,2025-07-20,2443.82,146.64,2590.46,Issued,SampleGen
INV-3a2c376b-502e-4d13-919f-56caf2c5071a,ID206854,CID-388,3a2c376b-502e-4d13-919f-56caf2c5071a,2025-07-04,2025-08-03,239.88,14.4,254.28,Issued,SampleGen
INV-9d162732-e0f9-49bb-b444-1aefeb837349,ID206855,CID-388,9d162732-e0f9-49bb-b444-1aefeb837349,2025-08-10,2025-09-09,847.76,50.88,898.64,Issued,SampleGen
INV-0f8b0cbc-355a-46d3-8474-bb816eb92425,ID206856,CID-388,0f8b0cbc-355a-46d3-8474-bb816eb92425,2025-10-05,2025-11-04,1219.86,73.2,1293.06,Issued,SampleGen
INV-fe71fc22-c6a8-48c6-a4a6-7f68e492c39f,ID206857,CID-388,fe71fc22-c6a8-48c6-a4a6-7f68e492c39f,2025-11-08,2025-12-08,2207.82,132.48,2340.3,Issued,SampleGen
INV-2d382a81-389f-4b37-ab77-9f4aa57765a6,ID206858,CID-388,2d382a81-389f-4b37-ab77-9f4aa57765a6,2025-12-10,2026-01-09,2911.84,174.72,3086.56,Issued,SampleGen
INV-7ec4feec-5c5b-4ee4-bb9c-e1c980811cc1,ID206859,CID-388,7ec4feec-5c5b-4ee4-bb9c-e1c980811cc1,2026-01-30,2026-03-01,949.78,57.0,1006.78,Issued,SampleGen
INV-e5694f83-d8f5-405c-81b7-e3209a38fafb,ID206860,CID-388,e5694f83-d8f5-405c-81b7-e3209a38fafb,2026-03-27,2026-04-26,4291.78,257.52,4549.3,Issued,SampleGen
INV-d62f0102-e3b9-48e2-a3dc-9461fe3e3f0f,ID206861,CID-388,d62f0102-e3b9-48e2-a3dc-9461fe3e3f0f,2026-04-06,2026-05-06,2539.84,152.4,2692.24,Issued,SampleGen
INV-e44931cf-bf99-49c2-b623-cf5891371326,ID206862,CID-389,e44931cf-bf99-49c2-b623-cf5891371326,2025-04-29,2025-05-29,2285.76,137.16,2422.92,Issued,SampleGen
INV-11502e54-75a8-4d64-a9ca-473f2611d694,ID206863,CID-389,11502e54-75a8-4d64-a9ca-473f2611d694,2025-06-20,2025-07-20,2743.74,164.64,2908.38,Issued,SampleGen
INV-fe72b56e-5401-462a-9503-e80a4fb6b842,ID206864,CID-389,fe72b56e-5401-462a-9503-e80a4fb6b842,2025-07-25,2025-08-24,1749.86,105.0,1854.86,Issued,SampleGen
INV-ce78ab95-205e-408c-95d0-32a6baf604aa,ID206865,CID-389,ce78ab95-205e-408c-95d0-32a6baf604aa,2025-08-23,2025-09-22,2533.8,152.04,2685.84,Issued,SampleGen
INV-fa4ebb54-bd8b-4b5e-90f2-a18128851429,ID206866,CID-389,fa4ebb54-bd8b-4b5e-90f2-a18128851429,2025-09-23,2025-10-23,699.8,42.0,741.8,Issued,SampleGen
INV-f4862a4d-5379-47be-b04e-70093d0c9583,ID206867,CID-389,f4862a4d-5379-47be-b04e-70093d0c9583,2025-10-12,2025-11-11,3431.86,205.92,3637.78,Issued,SampleGen
INV-55397db6-87e5-49c6-a0e9-85d4152059b5,ID206868,CID-389,55397db6-87e5-49c6-a0e9-85d4152059b5,2025-11-02,2025-12-02,3947.86,236.88,4184.74,Issued,SampleGen
INV-fac71e96-0d3d-4693-b838-ed247118c337,ID206869,CID-389,fac71e96-0d3d-4693-b838-ed247118c337,2025-12-25,2026-01-24,383.88,23.04,406.92,Issued,SampleGen
INV-b3333ee6-501c-4fed-9218-363b77fa5a0d,ID206870,CID-389,b3333ee6-501c-4fed-9218-363b77fa5a0d,2026-01-13,2026-02-12,1159.92,69.6,1229.52,Issued,SampleGen
INV-386fccd5-d14a-41a6-adbe-78e791476127,ID206871,CID-389,386fccd5-d14a-41a6-adbe-78e791476127,2026-02-10,2026-03-12,887.84,53.28,941.12,Issued,SampleGen
INV-3bb26fd5-b70b-4f84-938d-cb3c58bea167,ID206872,CID-389,3bb26fd5-b70b-4f84-938d-cb3c58bea167,2026-02-12,2026-03-14,1531.82,91.92,1623.74,Issued,SampleGen
INV-2fb2b9bb-961c-4829-9fb6-2f0e4509fbbd,ID206873,CID-389,2fb2b9bb-961c-4829-9fb6-2f0e4509fbbd,2026-03-08,2026-04-07,3511.76,210.72,3722.48,Issued,SampleGen
INV-3be87d92-e15a-43bc-934a-7b5d3ba5687e,ID206874,CID-389,3be87d92-e15a-43bc-934a-7b5d3ba5687e,2026-03-06,2026-04-05,1313.88,78.84,1392.72,Issued,SampleGen
INV-748a73c4-97c8-4da7-89f9-7e8555c1c9c2,ID206875,CID-389,748a73c4-97c8-4da7-89f9-7e8555c1c9c2,2026-04-27,2026-05-27,2247.8,134.88,2382.68,Issued,SampleGen
INV-e522f29f-f7c4-4f47-9800-f36e0ba589c4,ID206876,CID-390,e522f29f-f7c4-4f47-9800-f36e0ba589c4,2025-01-27,2025-02-26,1389.78,83.4,1473.18,Issued,SampleGen
INV-c09da720-4977-442a-9f65-cd6cc6178a66,ID206877,CID-390,c09da720-4977-442a-9f65-cd6cc6178a66,2025-02-18,2025-03-20,671.9,40.32,712.22,Issued,SampleGen
INV-67dc16dc-1dbb-4a88-a5d5-048391884c32,ID206878,CID-390,67dc16dc-1dbb-4a88-a5d5-048391884c32,2025-03-23,2025-04-22,7011.78,420.72,7432.5,Issued,SampleGen
INV-c3fbefc8-5f85-4bd6-a578-128791a86340,ID206879,CID-390,c3fbefc8-5f85-4bd6-a578-128791a86340,2025-05-12,2025-06-11,1415.72,84.96,1500.68,Issued,SampleGen
INV-d293eca8-de21-46ea-85ce-9591b8513a6a,ID206880,CID-390,d293eca8-de21-46ea-85ce-9591b8513a6a,2025-06-24,2025-07-24,219.9,13.2,233.1,Issued,SampleGen
INV-40750508-4cff-4db7-b7e9-e632d6f574c8,ID206881,CID-390,40750508-4cff-4db7-b7e9-e632d6f574c8,2025-07-02,2025-08-01,2937.84,176.28,3114.12,Issued,SampleGen
INV-054e2fc2-bede-4152-aab9-3f0963feec17,ID206882,CID-390,054e2fc2-bede-4152-aab9-3f0963feec17,2025-08-23,2025-09-22,2903.76,174.24,3078.0,Issued,SampleGen
INV-c33e7a0c-c838-4a6c-a82e-c8349ddcf30b,ID206883,CID-390,c33e7a0c-c838-4a6c-a82e-c8349ddcf30b,2025-09-07,2025-10-07,3471.76,208.32,3680.08,Issued,SampleGen
INV-c30780a7-cd62-43e9-8fde-3fad5fa2f1f7,ID206884,CID-390,c30780a7-cd62-43e9-8fde-3fad5fa2f1f7,2025-10-24,2025-11-23,621.86,37.32,659.18,Issued,SampleGen
INV-944820d1-ced6-4e7f-a0a2-3f73262aa79d,ID206885,CID-390,944820d1-ced6-4e7f-a0a2-3f73262aa79d,2025-12-01,2025-12-31,4433.76,266.04,4699.8,Issued,SampleGen
INV-d299cd90-043c-4ca6-b98b-c2367db7f159,ID206886,CID-390,d299cd90-043c-4ca6-b98b-c2367db7f159,2025-11-27,2025-12-27,2115.74,126.96,2242.7,Issued,SampleGen
INV-fbce226e-2be7-4108-a854-c316b96c4585,ID206887,CID-390,fbce226e-2be7-4108-a854-c316b96c4585,2025-12-08,2026-01-07,711.76,42.72,754.48,Issued,SampleGen
INV-83911139-8cf1-417c-b200-6de659f75f8a,ID206888,CID-390,83911139-8cf1-417c-b200-6de659f75f8a,2026-01-21,2026-02-20,2339.88,140.4,2480.28,Issued,SampleGen
INV-9023f050-6359-421e-9b79-2a69c57a2a58,ID206889,CID-390,9023f050-6359-421e-9b79-2a69c57a2a58,2026-01-12,2026-02-11,2781.78,166.92,2948.7,Issued,SampleGen
INV-b20f8b2e-b58c-4b9d-bf00-ef6fd3836928,ID206890,CID-390,b20f8b2e-b58c-4b9d-bf00-ef6fd3836928,2026-02-10,2026-03-12,2751.76,165.12,2916.88,Issued,SampleGen
INV-2bedb0e6-8a59-4003-8ddc-fd883a6cb919,ID206891,CID-390,2bedb0e6-8a59-4003-8ddc-fd883a6cb919,2026-03-18,2026-04-17,717.82,43.08,760.9,Issued,SampleGen
INV-a79595ae-2f87-4280-b50a-00fd015d0d47,ID206892,CID-390,a79595ae-2f87-4280-b50a-00fd015d0d47,2026-04-11,2026-05-11,375.9,22.56,398.46,Issued,SampleGen
INV-f72639a2-3948-4ccb-9aa1-b1a4d5228f13,ID206893,CID-391,f72639a2-3948-4ccb-9aa1-b1a4d5228f13,2025-01-02,2025-02-01,1823.82,109.44,1933.26,Issued,SampleGen
INV-5d4a8b8f-342a-4275-b414-bd1e7decde82,ID206894,CID-391,5d4a8b8f-342a-4275-b414-bd1e7decde82,2025-02-10,2025-03-12,1693.86,101.64,1795.5,Issued,SampleGen
INV-432f4ecf-eadb-4808-ae83-6b84e0fa2b77,ID206895,CID-391,432f4ecf-eadb-4808-ae83-6b84e0fa2b77,2025-03-30,2025-04-29,577.86,34.68,612.54,Issued,SampleGen
INV-867f9c7a-6071-4402-a293-3d082c7a15b7,ID206896,CID-391,867f9c7a-6071-4402-a293-3d082c7a15b7,2025-04-16,2025-05-16,1015.74,60.96,1076.7,Issued,SampleGen
INV-8623c680-0c48-4081-87ba-d463f53ea1b2,ID206897,CID-391,8623c680-0c48-4081-87ba-d463f53ea1b2,2025-08-16,2025-09-15,3347.74,200.88,3548.62,Issued,SampleGen
INV-a36a39ec-8cec-4096-909c-05c4e6dbe918,ID206898,CID-391,a36a39ec-8cec-4096-909c-05c4e6dbe918,2025-09-13,2025-10-13,1143.76,68.64,1212.4,Issued,SampleGen
INV-306c6f21-f781-49fe-acf2-4920f4c724f5,ID206899,CID-391,306c6f21-f781-49fe-acf2-4920f4c724f5,2025-10-27,2025-11-26,2247.88,134.88,2382.76,Issued,SampleGen
INV-93175490-4847-4ab0-a3fb-e47083f74fd0,ID206900,CID-391,93175490-4847-4ab0-a3fb-e47083f74fd0,2025-12-15,2026-01-14,1293.86,77.64,1371.5,Issued,SampleGen
INV-5f321cae-1c03-4868-b2b1-37d7be244f32,ID206901,CID-391,5f321cae-1c03-4868-b2b1-37d7be244f32,2026-03-04,2026-04-03,1259.82,75.6,1335.42,Issued,SampleGen
INV-b87d4964-9272-4310-82db-87d8b9655286,ID206902,CID-392,b87d4964-9272-4310-82db-87d8b9655286,2025-02-02,2025-03-04,3039.84,182.4,3222.24,Issued,SampleGen
INV-2b8a4cdb-2c42-48f3-a100-eba8a81bb4a6,ID206903,CID-392,2b8a4cdb-2c42-48f3-a100-eba8a81bb4a6,2025-04-17,2025-05-17,795.78,47.76,843.54,Issued,SampleGen
INV-ecc096c0-f398-46d2-a7bf-c8f031a521b6,ID206904,CID-392,ecc096c0-f398-46d2-a7bf-c8f031a521b6,2025-05-31,2025-06-30,3737.82,224.28,3962.1,Issued,SampleGen
INV-553fd972-5304-4784-8313-15a7a1abb613,ID206905,CID-392,553fd972-5304-4784-8313-15a7a1abb613,2025-06-24,2025-07-24,1299.76,78.0,1377.76,Issued,SampleGen
INV-fa0620c2-dc89-4114-b677-0dccf485a5d8,ID206906,CID-392,fa0620c2-dc89-4114-b677-0dccf485a5d8,2025-10-14,2025-11-13,2831.88,169.92,3001.8,Issued,SampleGen
INV-3f62e43f-7946-434a-86ff-756f48938296,ID206907,CID-392,3f62e43f-7946-434a-86ff-756f48938296,2026-02-01,2026-03-03,425.88,25.56,451.44,Issued,SampleGen
INV-04f748f7-87ae-4d45-b583-7c0884fcf911,ID206908,CID-392,04f748f7-87ae-4d45-b583-7c0884fcf911,2026-03-15,2026-04-14,449.88,27.0,476.88,Issued,SampleGen
INV-ed5f89e3-4223-4b07-97f7-465c28a31b3a,ID206909,CID-392,ed5f89e3-4223-4b07-97f7-465c28a31b3a,2026-04-02,2026-05-02,917.86,55.08,972.94,Issued,SampleGen
INV-b48409d0-211d-486b-8b89-dc66a7c5327e,ID206910,CID-393,b48409d0-211d-486b-8b89-dc66a7c5327e,2025-01-28,2025-02-27,669.8,40.2,710.0,Issued,SampleGen
INV-dbee9691-0db5-4264-9c80-7b55ac4d1534,ID206911,CID-393,dbee9691-0db5-4264-9c80-7b55ac4d1534,2025-02-20,2025-03-22,2715.9,162.96,2878.86,Issued,SampleGen
INV-345a8d9a-1203-4825-b847-efec24b23184,ID206912,CID-393,345a8d9a-1203-4825-b847-efec24b23184,2025-03-25,2025-04-24,1263.84,75.84,1339.68,Issued,SampleGen
INV-de093f62-4e19-46af-9cec-082c5a52917f,ID206913,CID-393,de093f62-4e19-46af-9cec-082c5a52917f,2025-04-05,2025-05-05,1087.76,65.28,1153.04,Issued,SampleGen
INV-2e4d09a8-5694-4897-b279-ac8b82ffd2e6,ID206914,CID-393,2e4d09a8-5694-4897-b279-ac8b82ffd2e6,2025-04-22,2025-05-22,999.84,60.0,1059.84,Issued,SampleGen
INV-eebf28dc-3125-4a13-b9ce-df3e5efe3988,ID206915,CID-393,eebf28dc-3125-4a13-b9ce-df3e5efe3988,2025-05-04,2025-06-03,4281.76,256.92,4538.68,Issued,SampleGen
INV-37729c35-391b-473c-bbd3-544019372f55,ID206916,CID-393,37729c35-391b-473c-bbd3-544019372f55,2025-05-26,2025-06-25,1563.78,93.84,1657.62,Issued,SampleGen
INV-112a866c-ac63-4ac2-b514-dfa0bb96f0ab,ID206917,CID-393,112a866c-ac63-4ac2-b514-dfa0bb96f0ab,2025-06-21,2025-07-21,2255.78,135.36,2391.14,Issued,SampleGen
INV-a764c0fd-89d6-4989-80f1-fd54583b865a,ID206918,CID-393,a764c0fd-89d6-4989-80f1-fd54583b865a,2025-06-10,2025-07-10,1843.92,110.64,1954.56,Issued,SampleGen
INV-00af9f60-c568-471e-92f3-e32f1bb5d2ad,ID206919,CID-393,00af9f60-c568-471e-92f3-e32f1bb5d2ad,2025-07-20,2025-08-19,5191.84,311.52,5503.36,Issued,SampleGen
INV-9eb1eb55-1aa6-4070-8c3e-d9edc87cfb51,ID206920,CID-393,9eb1eb55-1aa6-4070-8c3e-d9edc87cfb51,2025-08-14,2025-09-13,535.88,32.16,568.04,Issued,SampleGen
INV-c75895b6-1af6-4b69-bba5-0f6caa89c4b2,ID206921,CID-393,c75895b6-1af6-4b69-bba5-0f6caa89c4b2,2025-08-23,2025-09-22,1711.78,102.72,1814.5,Issued,SampleGen
INV-8cd5cf97-a675-4c13-b38b-e47a1ac42a95,ID206922,CID-393,8cd5cf97-a675-4c13-b38b-e47a1ac42a95,2025-09-23,2025-10-23,2667.78,160.08,2827.86,Issued,SampleGen
INV-6599cf15-ed75-4253-824f-05d1772e07c3,ID206923,CID-393,6599cf15-ed75-4253-824f-05d1772e07c3,2025-09-08,2025-10-08,403.92,24.24,428.16,Issued,SampleGen
INV-3685408c-f716-4b95-b791-02dc2a94b0ab,ID206924,CID-393,3685408c-f716-4b95-b791-02dc2a94b0ab,2025-10-15,2025-11-14,2471.72,148.32,2620.04,Issued,SampleGen
INV-ba1d5003-1e15-4ea0-821d-cc6459e8ba6f,ID206925,CID-393,ba1d5003-1e15-4ea0-821d-cc6459e8ba6f,2025-10-12,2025-11-11,4895.82,293.76,5189.58,Issued,SampleGen
INV-ad425583-c939-4d63-9929-a81777e38ebd,ID206926,CID-393,ad425583-c939-4d63-9929-a81777e38ebd,2025-10-12,2025-11-11,783.82,47.04,830.86,Issued,SampleGen
INV-88ff4d24-ce15-407a-8110-30b072b8da58,ID206927,CID-393,88ff4d24-ce15-407a-8110-30b072b8da58,2025-11-09,2025-12-09,467.88,28.08,495.96,Issued,SampleGen
INV-03d29bf7-31fb-4639-baba-dff514fd7746,ID206928,CID-393,03d29bf7-31fb-4639-baba-dff514fd7746,2025-11-04,2025-12-04,387.92,23.28,411.2,Issued,SampleGen
INV-544575d3-c336-4f8d-8bff-b6f7065c6977,ID206929,CID-393,544575d3-c336-4f8d-8bff-b6f7065c6977,2025-12-20,2026-01-19,3299.72,198.0,3497.72,Issued,SampleGen
INV-c01a3d35-0759-4ed4-a845-d383e7553cdb,ID206930,CID-393,c01a3d35-0759-4ed4-a845-d383e7553cdb,2025-12-13,2026-01-12,1209.78,72.6,1282.38,Issued,SampleGen
INV-9615e0fb-61f6-4802-b039-06a0c0214cd0,ID206931,CID-393,9615e0fb-61f6-4802-b039-06a0c0214cd0,2026-01-05,2026-02-04,515.88,30.96,546.84,Issued,SampleGen
INV-a174815a-99d0-4cf7-8e97-3c51420ae731,ID206932,CID-393,a174815a-99d0-4cf7-8e97-3c51420ae731,2026-01-04,2026-02-03,2133.76,128.04,2261.8,Issued,SampleGen
INV-96760089-8e20-40c9-a453-b9901df5b499,ID206933,CID-393,96760089-8e20-40c9-a453-b9901df5b499,2026-02-26,2026-03-28,959.92,57.6,1017.52,Issued,SampleGen
INV-024b6e03-ab88-4346-977a-c9af352181db,ID206934,CID-393,024b6e03-ab88-4346-977a-c9af352181db,2026-02-15,2026-03-17,1175.76,70.56,1246.32,Issued,SampleGen
INV-68033714-b67c-4714-952e-912826369985,ID206935,CID-393,68033714-b67c-4714-952e-912826369985,2026-03-29,2026-04-28,1611.82,96.72,1708.54,Issued,SampleGen
INV-336ccd46-3ae8-4408-b030-af43b13c5e09,ID206936,CID-393,336ccd46-3ae8-4408-b030-af43b13c5e09,2026-03-11,2026-04-10,773.78,46.44,820.22,Issued,SampleGen
INV-e4b75804-1d32-43c9-b3fe-c84eb61e63f3,ID206937,CID-393,e4b75804-1d32-43c9-b3fe-c84eb61e63f3,2026-03-07,2026-04-06,2015.82,120.96,2136.78,Issued,SampleGen
INV-a67a661c-1179-446e-a21b-3ed27fadf534,ID206938,CID-393,a67a661c-1179-446e-a21b-3ed27fadf534,2026-04-03,2026-05-03,4135.8,248.16,4383.96,Issued,SampleGen
INV-4b87da47-ec2a-4b85-9e01-3352a27d3d02,ID206939,CID-393,4b87da47-ec2a-4b85-9e01-3352a27d3d02,2026-04-16,2026-05-16,4047.8,242.88,4290.68,Issued,SampleGen
INV-10387e96-74f4-404f-a60a-9898ca6468a1,ID206940,CID-393,10387e96-74f4-404f-a60a-9898ca6468a1,2026-04-06,2026-05-06,567.9,34.08,601.98,Issued,SampleGen
INV-43e112e9-8b3f-43b2-8592-a0e32f95d844,ID206941,CID-394,43e112e9-8b3f-43b2-8592-a0e32f95d844,2025-01-30,2025-03-01,643.86,38.64,682.5,Issued,SampleGen
INV-ca0442a5-d6a1-447f-a53c-df86f320f3f2,ID206942,CID-394,ca0442a5-d6a1-447f-a53c-df86f320f3f2,2025-02-05,2025-03-07,1035.9,62.16,1098.06,Issued,SampleGen
INV-2b18b521-0926-4e1d-85a9-78316e8e3dfd,ID206943,CID-394,2b18b521-0926-4e1d-85a9-78316e8e3dfd,2025-03-17,2025-04-16,1075.9,64.56,1140.46,Issued,SampleGen
INV-ac216ad8-cabc-4ae0-ad9d-7593768c7574,ID206944,CID-394,ac216ad8-cabc-4ae0-ad9d-7593768c7574,2025-04-27,2025-05-27,829.72,49.8,879.52,Issued,SampleGen
INV-d7ad71d2-69e9-41b1-8ec2-548313836f1a,ID206945,CID-394,d7ad71d2-69e9-41b1-8ec2-548313836f1a,2025-05-27,2025-06-26,3331.74,199.92,3531.66,Issued,SampleGen
INV-88a7a756-45a5-4455-8374-14d9df5fcf1e,ID206946,CID-394,88a7a756-45a5-4455-8374-14d9df5fcf1e,2025-05-28,2025-06-27,1259.86,75.6,1335.46,Issued,SampleGen
INV-99a66eb9-b0f6-4f43-8e49-4ae7ac1f420b,ID206947,CID-394,99a66eb9-b0f6-4f43-8e49-4ae7ac1f420b,2025-06-23,2025-07-23,1087.84,65.28,1153.12,Issued,SampleGen
INV-20d91a13-4e29-45ca-baef-1e53fab07828,ID206948,CID-394,20d91a13-4e29-45ca-baef-1e53fab07828,2025-06-05,2025-07-05,2007.86,120.48,2128.34,Issued,SampleGen
INV-b0286d11-a3df-4f21-b4ed-56882fc83b0a,ID206949,CID-394,b0286d11-a3df-4f21-b4ed-56882fc83b0a,2025-07-28,2025-08-27,3403.84,204.24,3608.08,Issued,SampleGen
INV-3ba464d2-1d0d-4d8e-94e8-4f0bd97426fe,ID206950,CID-394,3ba464d2-1d0d-4d8e-94e8-4f0bd97426fe,2025-08-15,2025-09-14,657.84,39.48,697.32,Issued,SampleGen
INV-512efa54-7fed-4dc7-a911-ecc9f0eff686,ID206951,CID-394,512efa54-7fed-4dc7-a911-ecc9f0eff686,2025-08-17,2025-09-16,1613.8,96.84,1710.64,Issued,SampleGen
INV-cbe4365e-51bc-4338-9893-83ac1cbf65f9,ID206952,CID-394,cbe4365e-51bc-4338-9893-83ac1cbf65f9,2025-09-19,2025-10-19,1073.76,64.44,1138.2,Issued,SampleGen
INV-0eaf1a76-64e6-4c5b-81fd-f813070007d0,ID206953,CID-394,0eaf1a76-64e6-4c5b-81fd-f813070007d0,2025-09-13,2025-10-13,815.86,48.96,864.82,Issued,SampleGen
INV-51f7781e-9bce-44f1-9cc2-f1443580fdbf,ID206954,CID-394,51f7781e-9bce-44f1-9cc2-f1443580fdbf,2025-11-01,2025-12-01,1841.76,110.52,1952.28,Issued,SampleGen
INV-ba46afcf-1011-4dc6-83e6-c9e59c15ade9,ID206955,CID-394,ba46afcf-1011-4dc6-83e6-c9e59c15ade9,2025-10-05,2025-11-04,3727.84,223.68,3951.52,Issued,SampleGen
INV-d4933268-ade4-488c-8852-50014f174db9,ID206956,CID-394,d4933268-ade4-488c-8852-50014f174db9,2025-11-04,2025-12-04,1851.76,111.12,1962.88,Issued,SampleGen
INV-87977135-84e0-4961-9e1c-fbe1fbeab6c8,ID206957,CID-394,87977135-84e0-4961-9e1c-fbe1fbeab6c8,2025-11-05,2025-12-05,1023.78,61.44,1085.22,Issued,SampleGen
INV-e3c00c2f-8ab9-4823-8bad-ffc4b0b9acd2,ID206958,CID-394,e3c00c2f-8ab9-4823-8bad-ffc4b0b9acd2,2025-12-21,2026-01-20,551.8,33.12,584.92,Issued,SampleGen
INV-6a4fd459-3d1e-4176-91dd-5f32f5afaa7e,ID206959,CID-394,6a4fd459-3d1e-4176-91dd-5f32f5afaa7e,2025-12-09,2026-01-08,799.76,48.0,847.76,Issued,SampleGen
INV-ffd69325-8af5-4bc0-81fe-80f01ec15780,ID206960,CID-394,ffd69325-8af5-4bc0-81fe-80f01ec15780,2026-01-24,2026-02-23,1451.7,87.12,1538.82,Issued,SampleGen
INV-923aad79-91f8-4d2d-9b9f-d9faa20ab16a,ID206961,CID-394,923aad79-91f8-4d2d-9b9f-d9faa20ab16a,2026-01-02,2026-02-01,1415.88,84.96,1500.84,Issued,SampleGen
INV-591b9fa3-5d43-4463-978f-af20a3077785,ID206962,CID-394,591b9fa3-5d43-4463-978f-af20a3077785,2026-01-18,2026-02-17,3791.82,227.52,4019.34,Issued,SampleGen
INV-91c98344-ade1-4c98-a121-d82531b92c08,ID206963,CID-394,91c98344-ade1-4c98-a121-d82531b92c08,2026-03-01,2026-03-31,599.84,36.0,635.84,Issued,SampleGen
INV-660f50b7-8040-4b0b-9351-62a80fa416cb,ID206964,CID-394,660f50b7-8040-4b0b-9351-62a80fa416cb,2026-02-17,2026-03-19,927.82,55.68,983.5,Issued,SampleGen
INV-3149d930-288b-466c-8fd4-484afd1d8a50,ID206965,CID-394,3149d930-288b-466c-8fd4-484afd1d8a50,2026-03-03,2026-04-02,2955.84,177.36,3133.2,Issued,SampleGen
INV-14ea19c7-633b-4942-84a5-893ebeecc2b5,ID206966,CID-394,14ea19c7-633b-4942-84a5-893ebeecc2b5,2026-03-12,2026-04-11,1443.82,86.64,1530.46,Issued,SampleGen
INV-38282a27-4870-4208-96ee-6265acd229ed,ID206967,CID-394,38282a27-4870-4208-96ee-6265acd229ed,2026-04-27,2026-05-27,1179.84,70.8,1250.64,Issued,SampleGen
INV-9f27199c-a70c-428e-a483-db77adebf868,ID206968,CID-394,9f27199c-a70c-428e-a483-db77adebf868,2026-04-26,2026-05-26,1469.8,88.2,1558.0,Issued,SampleGen
INV-d60d3735-002d-4191-8df8-e874f2b5f205,ID206969,CID-394,d60d3735-002d-4191-8df8-e874f2b5f205,2026-04-18,2026-05-18,1043.72,62.64,1106.36,Issued,SampleGen
INV-e30144a4-66b1-48f6-9185-9afec41a520a,ID206970,CID-395,e30144a4-66b1-48f6-9185-9afec41a520a,2025-04-03,2025-05-03,1535.82,92.16,1627.98,Issued,SampleGen
INV-10ecbcba-ab07-4cdd-a31e-fe258917872d,ID206971,CID-395,10ecbcba-ab07-4cdd-a31e-fe258917872d,2025-07-23,2025-08-22,3723.84,223.44,3947.28,Issued,SampleGen
INV-28c2f7c5-cdd4-4a03-ab56-a1e8bcec2e6d,ID206972,CID-395,28c2f7c5-cdd4-4a03-ab56-a1e8bcec2e6d,2025-09-11,2025-10-11,859.78,51.6,911.38,Issued,SampleGen
INV-a48fe9ad-c1b3-4c9e-8d89-6008b2465779,ID206973,CID-395,a48fe9ad-c1b3-4c9e-8d89-6008b2465779,2025-10-07,2025-11-06,1891.8,113.52,2005.32,Issued,SampleGen
INV-2e09af4a-f6a8-484e-b6dc-2039a289598a,ID206974,CID-395,2e09af4a-f6a8-484e-b6dc-2039a289598a,2025-11-16,2025-12-16,2207.84,132.48,2340.32,Issued,SampleGen
INV-86a56026-86c1-4cfe-8467-2edbaec4e78b,ID206975,CID-395,86a56026-86c1-4cfe-8467-2edbaec4e78b,2025-12-27,2026-01-26,1299.9,78.0,1377.9,Issued,SampleGen
INV-59b4f376-4581-4550-81c1-31988d9206fa,ID206976,CID-395,59b4f376-4581-4550-81c1-31988d9206fa,2026-01-05,2026-02-04,3095.88,185.76,3281.64,Issued,SampleGen
INV-4f985c7f-4542-4c61-97be-cd32507f11e1,ID206977,CID-395,4f985c7f-4542-4c61-97be-cd32507f11e1,2026-03-07,2026-04-06,3087.78,185.28,3273.06,Issued,SampleGen
INV-3071dd37-7812-46d1-a6f9-96c65381616b,ID206978,CID-395,3071dd37-7812-46d1-a6f9-96c65381616b,2026-04-04,2026-05-04,1475.88,88.56,1564.44,Issued,SampleGen
INV-9a1d2ec8-6979-4c64-88b6-4b02b613a982,ID206979,CID-396,9a1d2ec8-6979-4c64-88b6-4b02b613a982,2025-07-28,2025-08-27,1943.78,116.64,2060.42,Issued,SampleGen
INV-50ca437e-3ef5-451e-ae81-0ad57cb5c32f,ID206980,CID-396,50ca437e-3ef5-451e-ae81-0ad57cb5c32f,2025-08-05,2025-09-04,559.88,33.6,593.48,Issued,SampleGen
INV-15c2f09d-2f49-475c-a55d-f59ec5471b3a,ID206981,CID-396,15c2f09d-2f49-475c-a55d-f59ec5471b3a,2025-09-04,2025-10-04,725.82,43.56,769.38,Issued,SampleGen
INV-890d171b-deb9-4328-ac9c-185540082ed1,ID206982,CID-396,890d171b-deb9-4328-ac9c-185540082ed1,2025-10-22,2025-11-21,367.92,22.08,390.0,Issued,SampleGen
INV-08bc2065-c882-481e-b107-f61f859979f6,ID206983,CID-396,08bc2065-c882-481e-b107-f61f859979f6,2025-12-02,2026-01-01,3487.84,209.28,3697.12,Issued,SampleGen
INV-549bc1e1-dba5-43ff-85eb-351104c78a8e,ID206984,CID-396,549bc1e1-dba5-43ff-85eb-351104c78a8e,2026-01-03,2026-02-02,1143.76,68.64,1212.4,Issued,SampleGen
INV-d6951d61-f433-4923-beff-2bdfe3f0f34c,ID206985,CID-396,d6951d61-f433-4923-beff-2bdfe3f0f34c,2026-03-01,2026-03-31,2831.82,169.92,3001.74,Issued,SampleGen
INV-6e5d217b-b47a-49de-b262-df192f460820,ID206986,CID-396,6e5d217b-b47a-49de-b262-df192f460820,2026-03-29,2026-04-28,1345.76,80.76,1426.52,Issued,SampleGen
INV-d4df3383-c64f-4092-a485-04965d9a0f4b,ID206987,CID-397,d4df3383-c64f-4092-a485-04965d9a0f4b,2025-02-13,2025-03-15,475.88,28.56,504.44,Issued,SampleGen
INV-e577fe8f-116b-49e5-aa29-0d20c02786b4,ID206988,CID-397,e577fe8f-116b-49e5-aa29-0d20c02786b4,2025-03-02,2025-04-01,5309.74,318.6,5628.34,Issued,SampleGen
INV-f5bf5edb-410e-40ac-8755-6b6a3da47aaa,ID206989,CID-397,f5bf5edb-410e-40ac-8755-6b6a3da47aaa,2025-04-09,2025-05-09,591.9,35.52,627.42,Issued,SampleGen
INV-e2f73b35-aff4-46cd-af59-9b43425c9b40,ID206990,CID-397,e2f73b35-aff4-46cd-af59-9b43425c9b40,2025-05-30,2025-06-29,855.86,51.36,907.22,Issued,SampleGen
INV-97cafa29-ca6d-43ba-adb6-46c6de39240e,ID206991,CID-397,97cafa29-ca6d-43ba-adb6-46c6de39240e,2025-06-15,2025-07-15,2487.72,149.28,2637.0,Issued,SampleGen
INV-6b3b57da-c821-46a6-ac47-88a412c44a31,ID206992,CID-397,6b3b57da-c821-46a6-ac47-88a412c44a31,2025-08-01,2025-08-31,767.76,46.08,813.84,Issued,SampleGen
INV-7cbe69c1-5317-44bb-b491-5b37ddea0ad8,ID206993,CID-397,7cbe69c1-5317-44bb-b491-5b37ddea0ad8,2025-08-15,2025-09-14,1175.76,70.56,1246.32,Issued,SampleGen
INV-da0bde86-9942-49d9-8f3d-92e7126e84a6,ID206994,CID-397,da0bde86-9942-49d9-8f3d-92e7126e84a6,2025-09-19,2025-10-19,413.88,24.84,438.72,Issued,SampleGen
INV-9ef2f434-c74c-4be6-be2d-a8488ab43f68,ID206995,CID-397,9ef2f434-c74c-4be6-be2d-a8488ab43f68,2025-10-07,2025-11-06,863.84,51.84,915.68,Issued,SampleGen
INV-a2a27ed6-f31f-455a-8814-c14fa23f1e56,ID206996,CID-397,a2a27ed6-f31f-455a-8814-c14fa23f1e56,2025-10-29,2025-11-28,943.88,56.64,1000.52,Issued,SampleGen
INV-fdc60ab9-9f05-45fc-a579-4f4abf7724b9,ID206997,CID-397,fdc60ab9-9f05-45fc-a579-4f4abf7724b9,2025-11-16,2025-12-16,1479.88,88.8,1568.68,Issued,SampleGen
INV-2fcc8ab1-803a-4bd7-9ab9-1f79c9db31b5,ID206998,CID-397,2fcc8ab1-803a-4bd7-9ab9-1f79c9db31b5,2025-11-10,2025-12-10,441.86,26.52,468.38,Issued,SampleGen
INV-1d982cc7-b5ce-416c-8d74-7290bbc3d226,ID206999,CID-397,1d982cc7-b5ce-416c-8d74-7290bbc3d226,2025-12-25,2026-01-24,929.86,55.8,985.66,Issued,SampleGen
INV-eaf95f7c-52c6-4d52-920e-f44875d2d359,ID207000,CID-397,eaf95f7c-52c6-4d52-920e-f44875d2d359,2025-12-31,2026-01-30,459.9,27.6,487.5,Issued,SampleGen
INV-b5b141c2-4fcd-4150-afac-43d5bce65c46,ID207001,CID-397,b5b141c2-4fcd-4150-afac-43d5bce65c46,2026-01-14,2026-02-13,1195.72,71.76,1267.48,Issued,SampleGen
INV-93f9c1ed-81ff-463f-bd48-21d8a4b735a2,ID207002,CID-397,93f9c1ed-81ff-463f-bd48-21d8a4b735a2,2026-01-28,2026-02-27,495.84,29.76,525.6,Issued,SampleGen
INV-f51fe30f-6eca-45d0-879c-1d14303e3bb6,ID207003,CID-397,f51fe30f-6eca-45d0-879c-1d14303e3bb6,2026-02-06,2026-03-08,959.78,57.6,1017.38,Issued,SampleGen
INV-62c48e7f-5888-44c7-a180-17aa73290b86,ID207004,CID-397,62c48e7f-5888-44c7-a180-17aa73290b86,2026-02-24,2026-03-26,2179.82,130.8,2310.62,Issued,SampleGen
INV-0fa28c59-0a61-4ea3-8dff-0ea2664ae7c6,ID207005,CID-397,0fa28c59-0a61-4ea3-8dff-0ea2664ae7c6,2026-04-01,2026-05-01,659.88,39.6,699.48,Issued,SampleGen
INV-9b78a25e-ab89-431d-982b-79a59797f0bf,ID207006,CID-397,9b78a25e-ab89-431d-982b-79a59797f0bf,2026-03-23,2026-04-22,591.88,35.52,627.4,Issued,SampleGen
INV-6fca2e70-4dd9-4719-bcba-5831c72cdf45,ID207007,CID-397,6fca2e70-4dd9-4719-bcba-5831c72cdf45,2026-04-11,2026-05-11,3581.86,214.92,3796.78,Issued,SampleGen
INV-35f348c0-5004-4935-b33f-f1e4afe06440,ID207008,CID-397,35f348c0-5004-4935-b33f-f1e4afe06440,2026-04-16,2026-05-16,1795.7,107.76,1903.46,Issued,SampleGen
INV-f6496ed6-5216-41da-8cfe-66ddeaa48bf7,ID207009,CID-398,f6496ed6-5216-41da-8cfe-66ddeaa48bf7,2025-02-01,2025-03-03,935.74,56.16,991.9,Issued,SampleGen
INV-4161f21b-ee37-4d6b-9aff-4427af8023bd,ID207010,CID-398,4161f21b-ee37-4d6b-9aff-4427af8023bd,2025-03-15,2025-04-14,439.92,26.4,466.32,Issued,SampleGen
INV-58b64c58-88e8-4244-8f89-4b4d54fbe55b,ID207011,CID-398,58b64c58-88e8-4244-8f89-4b4d54fbe55b,2025-05-30,2025-06-29,979.8,58.8,1038.6,Issued,SampleGen
INV-5c738974-0bf0-4fb5-9809-c03f64709a10,ID207012,CID-398,5c738974-0bf0-4fb5-9809-c03f64709a10,2025-07-07,2025-08-06,931.76,55.92,987.68,Issued,SampleGen
INV-d9e06bb1-4bd9-4b26-8a77-509f1da0389c,ID207013,CID-398,d9e06bb1-4bd9-4b26-8a77-509f1da0389c,2025-08-22,2025-09-21,959.88,57.6,1017.48,Issued,SampleGen
INV-56877781-e66f-4e61-88d6-1857d3046180,ID207014,CID-398,56877781-e66f-4e61-88d6-1857d3046180,2025-09-25,2025-10-25,675.88,40.56,716.44,Issued,SampleGen
INV-aff11cae-c52a-434b-8664-654be376359b,ID207015,CID-398,aff11cae-c52a-434b-8664-654be376359b,2025-11-25,2025-12-25,4039.72,242.4,4282.12,Issued,SampleGen
INV-80d54ed7-4501-48a1-b74b-27f4f043f123,ID207016,CID-398,80d54ed7-4501-48a1-b74b-27f4f043f123,2025-12-02,2026-01-01,2793.72,167.64,2961.36,Issued,SampleGen
INV-4764f8b5-0ef9-475d-b609-b597b6d4f2d6,ID207017,CID-398,4764f8b5-0ef9-475d-b609-b597b6d4f2d6,2026-03-01,2026-03-31,2133.84,128.04,2261.88,Issued,SampleGen
INV-4043da80-73b4-41de-af7f-8b95b37aeaf8,ID207018,CID-398,4043da80-73b4-41de-af7f-8b95b37aeaf8,2026-04-13,2026-05-13,2967.86,178.08,3145.94,Issued,SampleGen
INV-a0dbca1a-fe1a-4a83-bcda-97027cddda99,ID207019,CID-399,a0dbca1a-fe1a-4a83-bcda-97027cddda99,2025-01-28,2025-02-27,2215.84,132.96,2348.8,Issued,SampleGen
INV-c0f85525-fa63-4a4f-b62e-b8bc3c21f4e5,ID207020,CID-399,c0f85525-fa63-4a4f-b62e-b8bc3c21f4e5,2025-02-03,2025-03-05,1717.86,103.08,1820.94,Issued,SampleGen
INV-30759b55-d6a5-4529-9053-25fa67d60b0d,ID207021,CID-399,30759b55-d6a5-4529-9053-25fa67d60b0d,2025-03-18,2025-04-17,2675.88,160.56,2836.44,Issued,SampleGen
INV-e2a0d4a9-019e-4f94-b055-7bf328e83290,ID207022,CID-399,e2a0d4a9-019e-4f94-b055-7bf328e83290,2025-04-22,2025-05-22,1627.78,97.68,1725.46,Issued,SampleGen
INV-b691bc6e-a635-4595-8f57-0bfcb5f57b91,ID207023,CID-399,b691bc6e-a635-4595-8f57-0bfcb5f57b91,2025-06-01,2025-07-01,1059.86,63.6,1123.46,Issued,SampleGen
INV-92bca8d3-dbdf-4e0c-85dd-fd5214d4af0c,ID207024,CID-399,92bca8d3-dbdf-4e0c-85dd-fd5214d4af0c,2025-06-17,2025-07-17,693.86,41.64,735.5,Issued,SampleGen
INV-c23a0951-fa35-41b3-9482-f8619daaa8bd,ID207025,CID-399,c23a0951-fa35-41b3-9482-f8619daaa8bd,2025-07-05,2025-08-04,2739.9,164.4,2904.3,Issued,SampleGen
INV-0565fa15-c019-4040-8da1-60b50688768b,ID207026,CID-399,0565fa15-c019-4040-8da1-60b50688768b,2025-08-27,2025-09-26,3859.82,231.6,4091.42,Issued,SampleGen
INV-67352d58-f0ec-448c-8c5d-449bb34226db,ID207027,CID-399,67352d58-f0ec-448c-8c5d-449bb34226db,2025-08-11,2025-09-10,875.92,52.56,928.48,Issued,SampleGen
INV-6a6dbaf8-c35b-4749-801d-30b8b7454a9f,ID207028,CID-399,6a6dbaf8-c35b-4749-801d-30b8b7454a9f,2025-10-01,2025-10-31,1775.84,106.56,1882.4,Issued,SampleGen
INV-1f32173f-0c55-4c24-b42c-4dea80c1ae87,ID207029,CID-399,1f32173f-0c55-4c24-b42c-4dea80c1ae87,2025-10-26,2025-11-25,1403.86,84.24,1488.1,Issued,SampleGen
INV-ee79181c-390c-4968-b5d2-bdcd78a80382,ID207030,CID-399,ee79181c-390c-4968-b5d2-bdcd78a80382,2025-10-17,2025-11-16,1779.84,106.8,1886.64,Issued,SampleGen
INV-c9dcf175-d0f6-48d5-bfbf-03b1a1aadc93,ID207031,CID-399,c9dcf175-d0f6-48d5-bfbf-03b1a1aadc93,2025-11-08,2025-12-08,2743.8,164.64,2908.44,Issued,SampleGen
INV-5cb66bbd-ca34-4414-8eb5-29a1afdb83f4,ID207032,CID-399,5cb66bbd-ca34-4414-8eb5-29a1afdb83f4,2025-12-06,2026-01-05,2487.82,149.28,2637.1,Issued,SampleGen
INV-febbc45d-9a33-4b3f-a3d2-5efb00654a18,ID207033,CID-399,febbc45d-9a33-4b3f-a3d2-5efb00654a18,2025-12-28,2026-01-27,2423.88,145.44,2569.32,Issued,SampleGen
INV-9936e25d-724a-416f-afe0-8672970ac5ef,ID207034,CID-399,9936e25d-724a-416f-afe0-8672970ac5ef,2026-02-01,2026-03-03,2463.78,147.84,2611.62,Issued,SampleGen
INV-62ec38b5-74c4-4f1f-8652-8ffd3f9a489c,ID207035,CID-399,62ec38b5-74c4-4f1f-8652-8ffd3f9a489c,2026-02-19,2026-03-21,4487.78,269.28,4757.06,Issued,SampleGen
INV-b78afd39-285a-40f3-8eb4-00f40b0e7ae6,ID207036,CID-399,b78afd39-285a-40f3-8eb4-00f40b0e7ae6,2026-03-04,2026-04-03,4071.72,244.32,4316.04,Issued,SampleGen
INV-556b5e9d-382f-41bc-9b45-db8bcd4fff5a,ID207037,CID-399,556b5e9d-382f-41bc-9b45-db8bcd4fff5a,2026-03-10,2026-04-09,2279.88,136.8,2416.68,Issued,SampleGen
INV-7e41556b-0290-4a7a-b9f5-a3735672338b,ID207038,CID-399,7e41556b-0290-4a7a-b9f5-a3735672338b,2026-04-08,2026-05-08,4395.8,263.76,4659.56,Issued,SampleGen
INV-d30263eb-477b-4ba4-b451-4032da07a7ee,ID207039,CID-399,d30263eb-477b-4ba4-b451-4032da07a7ee,2026-04-26,2026-05-26,543.92,32.64,576.56,Issued,SampleGen
INV-166d45ca-571d-464d-b9b9-8b71cf4f8c78,ID207040,CID-399,166d45ca-571d-464d-b9b9-8b71cf4f8c78,2026-04-07,2026-05-07,3095.74,185.76,3281.5,Issued,SampleGen
INV-e4e9c063-af9f-468e-a403-09412d1b34a2,ID207041,CID-400,e4e9c063-af9f-468e-a403-09412d1b34a2,2025-01-09,2025-02-08,1639.86,98.4,1738.26,Issued,SampleGen
INV-d7c98a66-031b-4e7b-8a5f-92670e2f557c,ID207042,CID-400,d7c98a66-031b-4e7b-8a5f-92670e2f557c,2025-02-24,2025-03-26,1783.88,107.04,1890.92,Issued,SampleGen
INV-7d4aa1c7-c34a-434e-a8d0-b0ae218aa22c,ID207043,CID-400,7d4aa1c7-c34a-434e-a8d0-b0ae218aa22c,2025-03-09,2025-04-08,4229.74,253.8,4483.54,Issued,SampleGen
INV-43771f8c-0555-4caf-90af-6fe52a1d72ed,ID207044,CID-400,43771f8c-0555-4caf-90af-6fe52a1d72ed,2025-04-01,2025-05-01,371.9,22.32,394.22,Issued,SampleGen
INV-8bb9eff5-51f0-4769-8df2-8034c623ee82,ID207045,CID-400,8bb9eff5-51f0-4769-8df2-8034c623ee82,2025-04-06,2025-05-06,859.88,51.6,911.48,Issued,SampleGen
INV-a254c3b1-ce1f-494a-a859-0d190f8038af,ID207046,CID-400,a254c3b1-ce1f-494a-a859-0d190f8038af,2025-04-14,2025-05-14,411.88,24.72,436.6,Issued,SampleGen
INV-948d4eaf-ffee-4da6-bbe4-b19f97f9087c,ID207047,CID-400,948d4eaf-ffee-4da6-bbe4-b19f97f9087c,2025-05-04,2025-06-03,3419.76,205.2,3624.96,Issued,SampleGen
INV-1a761577-3ed5-4237-bb50-31e1f95f3810,ID207048,CID-400,1a761577-3ed5-4237-bb50-31e1f95f3810,2025-05-17,2025-06-16,935.78,56.16,991.94,Issued,SampleGen
INV-56252384-3976-44af-ba31-d37c2eb932ff,ID207049,CID-400,56252384-3976-44af-ba31-d37c2eb932ff,2025-07-01,2025-07-31,1119.88,67.2,1187.08,Issued,SampleGen
INV-a03e8637-ac6d-4d11-b466-cabc2b9a5481,ID207050,CID-400,a03e8637-ac6d-4d11-b466-cabc2b9a5481,2025-06-11,2025-07-11,1613.8,96.84,1710.64,Issued,SampleGen
INV-acb5cb33-547e-474a-9e83-1430663a2f0d,ID207051,CID-400,acb5cb33-547e-474a-9e83-1430663a2f0d,2025-07-13,2025-08-12,3503.78,210.24,3714.02,Issued,SampleGen
INV-67cd28af-63bf-435b-9258-0478f415c03c,ID207052,CID-400,67cd28af-63bf-435b-9258-0478f415c03c,2025-07-19,2025-08-18,2461.76,147.72,2609.48,Issued,SampleGen
INV-1238b541-3c88-43b1-822b-e79e37e733d2,ID207053,CID-400,1238b541-3c88-43b1-822b-e79e37e733d2,2025-08-19,2025-09-18,2719.86,163.2,2883.06,Issued,SampleGen
INV-1c0e15e6-df9e-4b7f-8300-598c975a04af,ID207054,CID-400,1c0e15e6-df9e-4b7f-8300-598c975a04af,2025-08-31,2025-09-30,565.86,33.96,599.82,Issued,SampleGen
INV-ac088fe4-f062-479f-914a-885e8925fe73,ID207055,CID-400,ac088fe4-f062-479f-914a-885e8925fe73,2025-09-26,2025-10-26,1693.86,101.64,1795.5,Issued,SampleGen
INV-ced7609b-2f55-440b-8715-00decfd0bb90,ID207056,CID-400,ced7609b-2f55-440b-8715-00decfd0bb90,2025-09-17,2025-10-17,3191.76,191.52,3383.28,Issued,SampleGen
INV-f41b7ab5-2ab0-47ca-b4a1-50ff5d4c341b,ID207057,CID-400,f41b7ab5-2ab0-47ca-b4a1-50ff5d4c341b,2025-10-15,2025-11-14,2391.72,143.52,2535.24,Issued,SampleGen
INV-4370dcae-4609-4cba-bfc3-fa004b62bdc0,ID207058,CID-400,4370dcae-4609-4cba-bfc3-fa004b62bdc0,2025-10-12,2025-11-11,2715.76,162.96,2878.72,Issued,SampleGen
INV-78b1ae66-ce5c-4954-9ed8-f1318db63b24,ID207059,CID-400,78b1ae66-ce5c-4954-9ed8-f1318db63b24,2025-10-31,2025-11-30,3295.76,197.76,3493.52,Issued,SampleGen
INV-1bd60c88-96bc-4289-b365-d024ca28862b,ID207060,CID-400,1bd60c88-96bc-4289-b365-d024ca28862b,2025-11-29,2025-12-29,3115.86,186.96,3302.82,Issued,SampleGen
INV-4c9e71c9-d539-44cd-a57f-6c33eb50a1f6,ID207061,CID-400,4c9e71c9-d539-44cd-a57f-6c33eb50a1f6,2025-11-05,2025-12-05,3415.8,204.96,3620.76,Issued,SampleGen
INV-3656c189-a9a9-4f17-b3e3-e25a3272f004,ID207062,CID-400,3656c189-a9a9-4f17-b3e3-e25a3272f004,2025-11-04,2025-12-04,599.84,36.0,635.84,Issued,SampleGen
INV-11e6ea71-bccd-4a0e-bc70-086a33bf5861,ID207063,CID-400,11e6ea71-bccd-4a0e-bc70-086a33bf5861,2025-12-20,2026-01-19,1631.86,97.92,1729.78,Issued,SampleGen
INV-0ca76d84-d96f-4054-8ca1-8d996a67b6c6,ID207064,CID-400,0ca76d84-d96f-4054-8ca1-8d996a67b6c6,2025-12-16,2026-01-15,741.82,44.52,786.34,Issued,SampleGen
INV-b5121dd5-63f6-4e75-b2d9-8e1f2d497c40,ID207065,CID-400,b5121dd5-63f6-4e75-b2d9-8e1f2d497c40,2025-12-09,2026-01-08,4127.82,247.68,4375.5,Issued,SampleGen
INV-ed79bc00-b696-42a1-a286-163f4ff31fa0,ID207066,CID-400,ed79bc00-b696-42a1-a286-163f4ff31fa0,2026-01-15,2026-02-14,1783.84,107.04,1890.88,Issued,SampleGen
INV-69559c70-66ce-4e00-a582-217be1a5c1d8,ID207067,CID-400,69559c70-66ce-4e00-a582-217be1a5c1d8,2026-01-27,2026-02-26,901.8,54.12,955.92,Issued,SampleGen
INV-90567962-c351-430e-b0b2-710caf2606b0,ID207068,CID-400,90567962-c351-430e-b0b2-710caf2606b0,2026-01-23,2026-02-22,3303.72,198.24,3501.96,Issued,SampleGen
INV-76f0336d-80a5-499c-a5c8-ac15eacfffc9,ID207069,CID-400,76f0336d-80a5-499c-a5c8-ac15eacfffc9,2026-02-17,2026-03-19,3707.78,222.48,3930.26,Issued,SampleGen
INV-edfec353-31f0-4544-9304-ef90de97bc4e,ID207070,CID-400,edfec353-31f0-4544-9304-ef90de97bc4e,2026-02-21,2026-03-23,4131.82,247.92,4379.74,Issued,SampleGen
INV-4995d817-bbae-432e-9540-f2ce58d5ff96,ID207071,CID-400,4995d817-bbae-432e-9540-f2ce58d5ff96,2026-02-09,2026-03-11,3039.84,182.4,3222.24,Issued,SampleGen
INV-a64ac2e8-a9f2-46d4-a7b6-c004e7ce15ee,ID207072,CID-400,a64ac2e8-a9f2-46d4-a7b6-c004e7ce15ee,2026-03-22,2026-04-21,1583.74,95.04,1678.78,Issued,SampleGen
INV-d9eef630-8bf4-4ca5-bb72-2dc4288618e1,ID207073,CID-400,d9eef630-8bf4-4ca5-bb72-2dc4288618e1,2026-03-05,2026-04-04,631.8,37.92,669.72,Issued,SampleGen
INV-96f25942-7b40-4dc3-984c-56d812eb6760,ID207074,CID-400,96f25942-7b40-4dc3-984c-56d812eb6760,2026-03-07,2026-04-06,2403.8,144.24,2548.04,Issued,SampleGen
INV-ebfbc771-fd90-406c-9f56-9ebce3ec6a6a,ID207075,CID-400,ebfbc771-fd90-406c-9f56-9ebce3ec6a6a,2026-03-25,2026-04-24,1411.82,84.72,1496.54,Issued,SampleGen
INV-c91213d2-b878-4dbd-89f4-94e089b260ab,ID207076,CID-400,c91213d2-b878-4dbd-89f4-94e089b260ab,2026-04-22,2026-05-22,1249.72,75.0,1324.72,Issued,SampleGen
INV-3a187a85-f6f7-4f70-82d8-35668c1dce21,ID207077,CID-400,3a187a85-f6f7-4f70-82d8-35668c1dce21,2026-04-12,2026-05-12,739.84,44.4,784.24,Issued,SampleGen
INV-d85c1de4-a071-44f8-bba7-3bbddf3e2a69,ID207078,CID-400,d85c1de4-a071-44f8-bba7-3bbddf3e2a69,2026-04-28,2026-05-28,2671.9,160.32,2832.22,Issued,SampleGen
INV-9b828c40-2f07-4dda-846c-571a6d5f9d7d,ID207079,CID-401,9b828c40-2f07-4dda-846c-571a6d5f9d7d,2025-08-06,2025-09-05,6883.7,413.04,7296.74,Issued,SampleGen
INV-45c31fe4-a3e7-4b3c-9cd0-325a26d18f5d,ID207080,CID-401,45c31fe4-a3e7-4b3c-9cd0-325a26d18f5d,2025-12-25,2026-01-24,1383.84,83.04,1466.88,Issued,SampleGen
INV-9e2e7023-5625-4a42-8e89-f61c05e1435d,ID207081,CID-401,9e2e7023-5625-4a42-8e89-f61c05e1435d,2026-01-26,2026-02-25,595.88,35.76,631.64,Issued,SampleGen
INV-22218eb4-4310-4aba-b256-c119bd0a028b,ID207082,CID-401,22218eb4-4310-4aba-b256-c119bd0a028b,2026-02-19,2026-03-21,3565.78,213.96,3779.74,Issued,SampleGen
INV-baea8208-a9b5-4417-bd80-70adf7d95d26,ID207083,CID-401,baea8208-a9b5-4417-bd80-70adf7d95d26,2026-03-21,2026-04-20,1339.86,80.4,1420.26,Issued,SampleGen
INV-fb37b0ab-ff25-4265-82b0-de3e168cb135,ID207084,CID-401,fb37b0ab-ff25-4265-82b0-de3e168cb135,2026-04-07,2026-05-07,3775.84,226.56,4002.4,Issued,SampleGen
INV-2f3bf78c-a099-4be5-9dbe-5ea97469b4f5,ID207085,CID-402,2f3bf78c-a099-4be5-9dbe-5ea97469b4f5,2025-02-21,2025-03-23,2375.78,142.56,2518.34,Issued,SampleGen
INV-7c8fdd44-df91-49ad-9443-1dcf7486bba9,ID207086,CID-402,7c8fdd44-df91-49ad-9443-1dcf7486bba9,2025-05-06,2025-06-05,687.86,41.28,729.14,Issued,SampleGen
INV-860dbdf1-3c27-41c6-91d7-78962c4f5467,ID207087,CID-402,860dbdf1-3c27-41c6-91d7-78962c4f5467,2025-08-02,2025-09-01,4399.86,264.0,4663.86,Issued,SampleGen
INV-deb4bc5f-6234-4da0-8933-a7ffed5a4db6,ID207088,CID-402,deb4bc5f-6234-4da0-8933-a7ffed5a4db6,2025-12-30,2026-01-29,3107.82,186.48,3294.3,Issued,SampleGen
INV-12d6e911-46ee-45e3-8e59-d2569e6492ac,ID207089,CID-402,12d6e911-46ee-45e3-8e59-d2569e6492ac,2026-01-29,2026-02-28,1679.88,100.8,1780.68,Issued,SampleGen
INV-10599f10-d6c0-469f-af00-21f19c46c4ce,ID207090,CID-403,10599f10-d6c0-469f-af00-21f19c46c4ce,2025-03-21,2025-04-20,1019.84,61.2,1081.04,Issued,SampleGen
INV-c9a1f4d0-b48c-492b-b2cc-c1c8cf110882,ID207091,CID-403,c9a1f4d0-b48c-492b-b2cc-c1c8cf110882,2025-04-29,2025-05-29,301.86,18.12,319.98,Issued,SampleGen
INV-005ec56a-2084-4fb6-af60-4157886734b2,ID207092,CID-403,005ec56a-2084-4fb6-af60-4157886734b2,2025-05-27,2025-06-26,3755.82,225.36,3981.18,Issued,SampleGen
INV-0322070c-40d4-41ee-84a6-f975a261dc04,ID207093,CID-403,0322070c-40d4-41ee-84a6-f975a261dc04,2025-08-13,2025-09-12,2363.74,141.84,2505.58,Issued,SampleGen
INV-a2273af3-aee5-4f52-b2bf-3873e0f2a43f,ID207094,CID-403,a2273af3-aee5-4f52-b2bf-3873e0f2a43f,2025-09-26,2025-10-26,1407.74,84.48,1492.22,Issued,SampleGen
INV-ab6a2c85-e563-4b9e-aba0-2f5e5f20ba19,ID207095,CID-403,ab6a2c85-e563-4b9e-aba0-2f5e5f20ba19,2025-10-11,2025-11-10,543.92,32.64,576.56,Issued,SampleGen
INV-0a1c3420-20f7-4345-a1bf-d3ae04f52d01,ID207096,CID-403,0a1c3420-20f7-4345-a1bf-d3ae04f52d01,2025-11-15,2025-12-15,725.78,43.56,769.34,Issued,SampleGen
INV-d69211dd-d5c2-4975-811b-f288849b3ca4,ID207097,CID-403,d69211dd-d5c2-4975-811b-f288849b3ca4,2026-02-18,2026-03-20,371.92,22.32,394.24,Issued,SampleGen
INV-3deea78c-6941-4a18-a93e-a7afdd64357c,ID207098,CID-403,3deea78c-6941-4a18-a93e-a7afdd64357c,2026-03-05,2026-04-04,811.92,48.72,860.64,Issued,SampleGen
INV-6696ab72-2ae7-4632-9829-62ab322e85a5,ID207099,CID-403,6696ab72-2ae7-4632-9829-62ab322e85a5,2026-04-06,2026-05-06,3027.78,181.68,3209.46,Issued,SampleGen
INV-9f7316fa-81a8-40d2-9848-b2e3fc4cd1dd,ID207100,CID-404,9f7316fa-81a8-40d2-9848-b2e3fc4cd1dd,2025-02-03,2025-03-05,3375.8,202.56,3578.36,Issued,SampleGen
INV-65215ac3-939e-43ba-b851-6566fa186de6,ID207101,CID-404,65215ac3-939e-43ba-b851-6566fa186de6,2025-03-29,2025-04-28,1003.8,60.24,1064.04,Issued,SampleGen
INV-598f0c5c-c4e7-4541-a0ae-a6bda9927a0a,ID207102,CID-404,598f0c5c-c4e7-4541-a0ae-a6bda9927a0a,2025-06-30,2025-07-30,3459.74,207.6,3667.34,Issued,SampleGen
INV-3e8ba191-f6c2-4e17-9fe6-0eeec87a68b6,ID207103,CID-404,3e8ba191-f6c2-4e17-9fe6-0eeec87a68b6,2025-08-11,2025-09-10,763.76,45.84,809.6,Issued,SampleGen
INV-db4a4dd0-9af4-403a-9534-cfaa47827e5a,ID207104,CID-404,db4a4dd0-9af4-403a-9534-cfaa47827e5a,2025-10-01,2025-10-31,991.88,59.52,1051.4,Issued,SampleGen
INV-321c5b81-1430-4bc6-a945-c76c2884691e,ID207105,CID-404,321c5b81-1430-4bc6-a945-c76c2884691e,2025-10-11,2025-11-10,5179.74,310.8,5490.54,Issued,SampleGen
INV-f3ac847c-b295-4c1a-a66d-87daf4bce8da,ID207106,CID-404,f3ac847c-b295-4c1a-a66d-87daf4bce8da,2025-11-10,2025-12-10,1611.74,96.72,1708.46,Issued,SampleGen
INV-540067b2-e8b2-472a-b237-d1bdd0bc4593,ID207107,CID-404,540067b2-e8b2-472a-b237-d1bdd0bc4593,2025-12-23,2026-01-22,1877.9,112.68,1990.58,Issued,SampleGen
INV-22dfbd66-05ef-4804-8017-9a2fd8bef142,ID207108,CID-404,22dfbd66-05ef-4804-8017-9a2fd8bef142,2026-01-06,2026-02-05,835.8,50.16,885.96,Issued,SampleGen
INV-8b4d9c04-6d04-4eb6-be8a-63d4f2c6a4ec,ID207109,CID-404,8b4d9c04-6d04-4eb6-be8a-63d4f2c6a4ec,2026-02-08,2026-03-10,289.9,17.4,307.3,Issued,SampleGen
INV-98b0fce2-668e-4f8a-a4f4-82195dc7d4df,ID207110,CID-404,98b0fce2-668e-4f8a-a4f4-82195dc7d4df,2026-03-12,2026-04-11,1611.84,96.72,1708.56,Issued,SampleGen
INV-4df36649-85a7-4581-83db-99a8fb0117eb,ID207111,CID-404,4df36649-85a7-4581-83db-99a8fb0117eb,2026-04-05,2026-05-05,2495.72,149.76,2645.48,Issued,SampleGen
INV-2430c85b-2fbe-4b8b-8dae-c8f89b31b0d7,ID207112,CID-405,2430c85b-2fbe-4b8b-8dae-c8f89b31b0d7,2025-02-09,2025-03-11,5211.84,312.72,5524.56,Issued,SampleGen
INV-aa401569-9210-4aa1-9fca-99841d6d26be,ID207113,CID-405,aa401569-9210-4aa1-9fca-99841d6d26be,2025-04-03,2025-05-03,967.74,58.08,1025.82,Issued,SampleGen
INV-1d798570-3bfb-48f5-9f32-39be2a87ea8f,ID207114,CID-405,1d798570-3bfb-48f5-9f32-39be2a87ea8f,2025-05-09,2025-06-08,1301.72,78.12,1379.84,Issued,SampleGen
INV-b8a0fa3a-cf20-4ac6-bf2c-8d745ca58b66,ID207115,CID-405,b8a0fa3a-cf20-4ac6-bf2c-8d745ca58b66,2025-06-05,2025-07-05,845.82,50.76,896.58,Issued,SampleGen
INV-6c6ccad2-ada0-42a0-b858-6f3f35b63b72,ID207116,CID-405,6c6ccad2-ada0-42a0-b858-6f3f35b63b72,2025-07-15,2025-08-14,2423.88,145.44,2569.32,Issued,SampleGen
INV-c5d9b2d3-7d2e-4c09-8470-7f1feb8f81bd,ID207117,CID-405,c5d9b2d3-7d2e-4c09-8470-7f1feb8f81bd,2025-07-11,2025-08-10,829.84,49.8,879.64,Issued,SampleGen
INV-c646c99c-ae70-4e6d-b6bb-bd1dee50f003,ID207118,CID-405,c646c99c-ae70-4e6d-b6bb-bd1dee50f003,2025-08-06,2025-09-05,639.9,38.4,678.3,Issued,SampleGen
INV-12e3ae15-34a0-4346-8629-90bdd59cc790,ID207119,CID-405,12e3ae15-34a0-4346-8629-90bdd59cc790,2025-09-22,2025-10-22,539.82,32.4,572.22,Issued,SampleGen
INV-1c606e01-b07a-427f-8b90-ec2e1e35a16e,ID207120,CID-405,1c606e01-b07a-427f-8b90-ec2e1e35a16e,2025-09-18,2025-10-18,915.8,54.96,970.76,Issued,SampleGen
INV-350c60bb-a077-4c10-bcb7-9866196df4bc,ID207121,CID-405,350c60bb-a077-4c10-bcb7-9866196df4bc,2025-10-31,2025-11-30,879.88,52.8,932.68,Issued,SampleGen
INV-e1b1fe95-dd8e-4f7d-a96f-3c52150b0068,ID207122,CID-405,e1b1fe95-dd8e-4f7d-a96f-3c52150b0068,2025-10-07,2025-11-06,3951.84,237.12,4188.96,Issued,SampleGen
INV-8ff0dac1-501e-407f-9baf-093a48d5b6f4,ID207123,CID-405,8ff0dac1-501e-407f-9baf-093a48d5b6f4,2025-12-01,2025-12-31,1863.84,111.84,1975.68,Issued,SampleGen
INV-7d8e4d22-aaa1-45eb-afd9-dad276134eae,ID207124,CID-405,7d8e4d22-aaa1-45eb-afd9-dad276134eae,2025-11-17,2025-12-17,511.82,30.72,542.54,Issued,SampleGen
INV-08e554e4-458d-41ba-82fe-eead7a3429c9,ID207125,CID-405,08e554e4-458d-41ba-82fe-eead7a3429c9,2025-12-12,2026-01-11,631.92,37.92,669.84,Issued,SampleGen
INV-87a8c101-92d3-447d-aa50-fd6dc194b42c,ID207126,CID-405,87a8c101-92d3-447d-aa50-fd6dc194b42c,2025-12-20,2026-01-19,1493.76,89.64,1583.4,Issued,SampleGen
INV-6553f827-2374-4e1b-b18a-dd010d2b5487,ID207127,CID-405,6553f827-2374-4e1b-b18a-dd010d2b5487,2026-01-11,2026-02-10,5339.7,320.4,5660.1,Issued,SampleGen
INV-fea0a557-22b0-4103-8944-b045f66455d8,ID207128,CID-405,fea0a557-22b0-4103-8944-b045f66455d8,2026-01-11,2026-02-10,2677.76,160.68,2838.44,Issued,SampleGen
INV-d850e4a4-e2b6-4ba6-9b3d-d31977e3593f,ID207129,CID-405,d850e4a4-e2b6-4ba6-9b3d-d31977e3593f,2026-02-06,2026-03-08,823.84,49.44,873.28,Issued,SampleGen
INV-ed0c29a7-0e89-4558-be17-71db93c329ad,ID207130,CID-405,ed0c29a7-0e89-4558-be17-71db93c329ad,2026-02-23,2026-03-25,5299.76,318.0,5617.76,Issued,SampleGen
INV-105de1ba-9430-49a7-88d5-cef943e49821,ID207131,CID-405,105de1ba-9430-49a7-88d5-cef943e49821,2026-03-04,2026-04-03,2259.78,135.6,2395.38,Issued,SampleGen
INV-357840da-52b1-4a96-ba7e-fed9db9e754d,ID207132,CID-405,357840da-52b1-4a96-ba7e-fed9db9e754d,2026-03-24,2026-04-23,4259.9,255.6,4515.5,Issued,SampleGen
INV-71af8f1a-d6c5-44eb-817b-04d545986299,ID207133,CID-405,71af8f1a-d6c5-44eb-817b-04d545986299,2026-04-17,2026-05-17,643.84,38.64,682.48,Issued,SampleGen
INV-db43dfe6-231d-4e0b-99d2-bbb376c208ed,ID207134,CID-405,db43dfe6-231d-4e0b-99d2-bbb376c208ed,2026-04-17,2026-05-17,591.82,35.52,627.34,Issued,SampleGen
INV-3300431d-9058-4e66-94eb-d8e25ec6ec09,ID207135,CID-406,3300431d-9058-4e66-94eb-d8e25ec6ec09,2025-02-06,2025-03-08,803.86,48.24,852.1,Issued,SampleGen
INV-576353f5-199a-4632-b153-81f1550af9ca,ID207136,CID-406,576353f5-199a-4632-b153-81f1550af9ca,2025-03-23,2025-04-22,727.88,43.68,771.56,Issued,SampleGen
INV-15dbf1d0-3e6a-4b3c-aee2-29327886c51f,ID207137,CID-406,15dbf1d0-3e6a-4b3c-aee2-29327886c51f,2025-04-22,2025-05-22,1649.72,99.0,1748.72,Issued,SampleGen
INV-73978b01-ff58-4ea6-9c03-1bd46b324a8a,ID207138,CID-406,73978b01-ff58-4ea6-9c03-1bd46b324a8a,2025-05-12,2025-06-11,951.86,57.12,1008.98,Issued,SampleGen
INV-443a5b9a-ac58-4695-941b-b27ffdb7fb10,ID207139,CID-406,443a5b9a-ac58-4695-941b-b27ffdb7fb10,2025-05-12,2025-06-11,2231.84,133.92,2365.76,Issued,SampleGen
INV-55fdb80d-7d6a-4394-a832-fd2388cec690,ID207140,CID-406,55fdb80d-7d6a-4394-a832-fd2388cec690,2025-06-05,2025-07-05,927.8,55.68,983.48,Issued,SampleGen
INV-a1672b11-2c3f-4a6e-9bfa-795d20e9f3cf,ID207141,CID-406,a1672b11-2c3f-4a6e-9bfa-795d20e9f3cf,2025-07-31,2025-08-30,1247.68,74.88,1322.56,Issued,SampleGen
INV-87dd8632-1434-4f5f-9d0b-40da217439ce,ID207142,CID-406,87dd8632-1434-4f5f-9d0b-40da217439ce,2025-08-16,2025-09-15,6041.8,362.52,6404.32,Issued,SampleGen
INV-bb5a77a9-63dc-448c-aba9-0653542304b3,ID207143,CID-406,bb5a77a9-63dc-448c-aba9-0653542304b3,2025-09-18,2025-10-18,1567.86,94.08,1661.94,Issued,SampleGen
INV-40a27653-f5ee-4dfc-a570-2b1c5d64763e,ID207144,CID-406,40a27653-f5ee-4dfc-a570-2b1c5d64763e,2025-09-17,2025-10-17,535.82,32.16,567.98,Issued,SampleGen
INV-00dfff0c-d4fb-4780-9ea1-fb5bd514b067,ID207145,CID-406,00dfff0c-d4fb-4780-9ea1-fb5bd514b067,2025-10-25,2025-11-24,4359.78,261.6,4621.38,Issued,SampleGen
INV-c5ddb2b1-f787-449f-92e0-991a6e334639,ID207146,CID-406,c5ddb2b1-f787-449f-92e0-991a6e334639,2025-10-07,2025-11-06,703.88,42.24,746.12,Issued,SampleGen
INV-881bbb0f-afdb-45a8-9110-7d74283053f6,ID207147,CID-406,881bbb0f-afdb-45a8-9110-7d74283053f6,2025-11-19,2025-12-19,3903.76,234.24,4138.0,Issued,SampleGen
INV-d5e38c96-7d27-4a11-b7c9-5391f7e06f94,ID207148,CID-406,d5e38c96-7d27-4a11-b7c9-5391f7e06f94,2025-11-05,2025-12-05,649.82,39.0,688.82,Issued,SampleGen
INV-640a7761-e2ee-4852-9ba3-472e2ea7e953,ID207149,CID-406,640a7761-e2ee-4852-9ba3-472e2ea7e953,2025-12-22,2026-01-21,231.92,13.92,245.84,Issued,SampleGen
INV-8fbfb9c3-d279-479d-95b3-64fbf031f6a6,ID207150,CID-406,8fbfb9c3-d279-479d-95b3-64fbf031f6a6,2025-12-07,2026-01-06,2055.76,123.36,2179.12,Issued,SampleGen
INV-bccec82b-f46b-4a95-8a81-87b44f4ba81d,ID207151,CID-406,bccec82b-f46b-4a95-8a81-87b44f4ba81d,2026-01-22,2026-02-21,1213.74,72.84,1286.58,Issued,SampleGen
INV-cb935788-62e2-41c8-99ae-03a38dec4051,ID207152,CID-406,cb935788-62e2-41c8-99ae-03a38dec4051,2026-01-04,2026-02-03,1293.76,77.64,1371.4,Issued,SampleGen
INV-3fd139cf-f093-4527-9448-0db24f33786b,ID207153,CID-406,3fd139cf-f093-4527-9448-0db24f33786b,2026-02-16,2026-03-18,1455.76,87.36,1543.12,Issued,SampleGen
INV-8b9d31a4-8b65-48a1-b954-208131f78598,ID207154,CID-406,8b9d31a4-8b65-48a1-b954-208131f78598,2026-03-01,2026-03-31,3875.78,232.56,4108.34,Issued,SampleGen
INV-f47bf9ab-a9cd-4b86-b88e-30b13bc957ff,ID207155,CID-406,f47bf9ab-a9cd-4b86-b88e-30b13bc957ff,2026-02-05,2026-03-07,1587.76,95.28,1683.04,Issued,SampleGen
INV-32298f26-ffbd-49ca-b7b4-a9ff7910d80d,ID207156,CID-406,32298f26-ffbd-49ca-b7b4-a9ff7910d80d,2026-03-16,2026-04-15,1003.84,60.24,1064.08,Issued,SampleGen
INV-4b65e5ab-d5ee-4cb7-ab70-17416ce28ae5,ID207157,CID-406,4b65e5ab-d5ee-4cb7-ab70-17416ce28ae5,2026-03-02,2026-04-01,2043.82,122.64,2166.46,Issued,SampleGen
INV-63cb37c8-02d6-437d-9ebc-e580f82b9105,ID207158,CID-406,63cb37c8-02d6-437d-9ebc-e580f82b9105,2026-04-19,2026-05-19,4055.84,243.36,4299.2,Issued,SampleGen
INV-9eb17f47-8234-4209-9518-b3c789ea0c27,ID207159,CID-406,9eb17f47-8234-4209-9518-b3c789ea0c27,2026-04-21,2026-05-21,1799.84,108.0,1907.84,Issued,SampleGen
INV-47e8475b-c5da-42c2-b2fe-91829afe3fb2,ID207160,CID-407,47e8475b-c5da-42c2-b2fe-91829afe3fb2,2025-06-14,2025-07-14,2601.72,156.12,2757.84,Issued,SampleGen
INV-321e7305-7cec-4c01-b742-bcf31496eda1,ID207161,CID-407,321e7305-7cec-4c01-b742-bcf31496eda1,2025-12-11,2026-01-10,1031.92,61.92,1093.84,Issued,SampleGen
INV-9440b6e6-ab61-4cc0-8b18-138af7a43d94,ID207162,CID-407,9440b6e6-ab61-4cc0-8b18-138af7a43d94,2026-03-24,2026-04-23,447.88,26.88,474.76,Issued,SampleGen
INV-7bc768f7-3de4-425d-8eb1-b1a602963a58,ID207163,CID-407,7bc768f7-3de4-425d-8eb1-b1a602963a58,2026-04-29,2026-05-29,1523.7,91.44,1615.14,Issued,SampleGen
INV-c6e6eee4-6bcd-4d47-a38b-fad6474c545b,ID207164,CID-408,c6e6eee4-6bcd-4d47-a38b-fad6474c545b,2025-01-16,2025-02-15,2115.74,126.96,2242.7,Issued,SampleGen
INV-45b0434b-e3c7-4c02-89a8-82f0fe9334e2,ID207165,CID-408,45b0434b-e3c7-4c02-89a8-82f0fe9334e2,2025-02-12,2025-03-14,7851.74,471.12,8322.86,Issued,SampleGen
INV-8d596eb5-7208-4d5c-8161-43539784796c,ID207166,CID-408,8d596eb5-7208-4d5c-8161-43539784796c,2025-03-20,2025-04-19,2403.86,144.24,2548.1,Issued,SampleGen
INV-2c0f79e8-9828-44d7-966a-52f1417e586c,ID207167,CID-408,2c0f79e8-9828-44d7-966a-52f1417e586c,2025-04-19,2025-05-19,415.9,24.96,440.86,Issued,SampleGen
INV-4c23ee74-eeb9-4e77-ac2d-1ba0586685bc,ID207168,CID-408,4c23ee74-eeb9-4e77-ac2d-1ba0586685bc,2025-05-09,2025-06-08,1329.76,79.8,1409.56,Issued,SampleGen
INV-6f7d32fd-f2ca-48d5-9195-c75296bfd296,ID207169,CID-408,6f7d32fd-f2ca-48d5-9195-c75296bfd296,2025-06-08,2025-07-08,819.88,49.2,869.08,Issued,SampleGen
INV-a91324a0-b3e2-477d-a314-dc6615fae826,ID207170,CID-408,a91324a0-b3e2-477d-a314-dc6615fae826,2025-07-09,2025-08-08,1839.8,110.4,1950.2,Issued,SampleGen
INV-17a0949c-18da-4f74-b38f-c0a369588b60,ID207171,CID-408,17a0949c-18da-4f74-b38f-c0a369588b60,2025-08-15,2025-09-14,2051.78,123.12,2174.9,Issued,SampleGen
INV-d3b9e63a-1702-4018-a098-aba4a5e7b436,ID207172,CID-408,d3b9e63a-1702-4018-a098-aba4a5e7b436,2025-08-27,2025-09-26,4027.78,241.68,4269.46,Issued,SampleGen
INV-20aa0262-b409-4d6e-a7b6-b437a84e7df6,ID207173,CID-408,20aa0262-b409-4d6e-a7b6-b437a84e7df6,2025-09-08,2025-10-08,659.88,39.6,699.48,Issued,SampleGen
INV-ccf5d4fc-d5a1-456b-840f-a4cb2a1f8c45,ID207174,CID-408,ccf5d4fc-d5a1-456b-840f-a4cb2a1f8c45,2025-10-02,2025-11-01,1059.8,63.6,1123.4,Issued,SampleGen
INV-e28ed70f-07ca-4ec4-b50b-57e6d8cb9874,ID207175,CID-408,e28ed70f-07ca-4ec4-b50b-57e6d8cb9874,2025-10-13,2025-11-12,851.88,51.12,903.0,Issued,SampleGen
INV-3a7e05ab-d745-434e-9ad7-0fd0ce790b45,ID207176,CID-408,3a7e05ab-d745-434e-9ad7-0fd0ce790b45,2025-11-14,2025-12-14,3855.8,231.36,4087.16,Issued,SampleGen
INV-25503dee-75bc-4b19-9f36-c820094340b4,ID207177,CID-408,25503dee-75bc-4b19-9f36-c820094340b4,2025-11-14,2025-12-14,1071.92,64.32,1136.24,Issued,SampleGen
INV-098dd839-9c2c-4d7d-bde9-3a8a92614a9b,ID207178,CID-408,098dd839-9c2c-4d7d-bde9-3a8a92614a9b,2025-12-18,2026-01-17,1911.8,114.72,2026.52,Issued,SampleGen
INV-45db78f2-62b2-4ce9-8160-241e6436008b,ID207179,CID-408,45db78f2-62b2-4ce9-8160-241e6436008b,2025-12-29,2026-01-28,2255.72,135.36,2391.08,Issued,SampleGen
INV-a734f29c-7304-4504-bdf0-0f06e8e393e2,ID207180,CID-408,a734f29c-7304-4504-bdf0-0f06e8e393e2,2026-01-04,2026-02-03,1735.84,104.16,1840.0,Issued,SampleGen
INV-2976578d-be11-47e4-a214-edbee1298659,ID207181,CID-408,2976578d-be11-47e4-a214-edbee1298659,2026-01-28,2026-02-27,727.88,43.68,771.56,Issued,SampleGen
INV-1ad311d6-d4d1-4b98-96d7-0ae21112060c,ID207182,CID-408,1ad311d6-d4d1-4b98-96d7-0ae21112060c,2026-02-02,2026-03-04,2859.7,171.6,3031.3,Issued,SampleGen
INV-4bf844ed-eb23-4c2d-abd5-591f35f3a895,ID207183,CID-408,4bf844ed-eb23-4c2d-abd5-591f35f3a895,2026-02-14,2026-03-16,1315.8,78.96,1394.76,Issued,SampleGen
INV-456592bd-4cc8-48ca-b947-565812fe0385,ID207184,CID-408,456592bd-4cc8-48ca-b947-565812fe0385,2026-03-16,2026-04-15,1707.84,102.48,1810.32,Issued,SampleGen
INV-b8ed3361-e949-4ad7-a311-8329ecdf5155,ID207185,CID-408,b8ed3361-e949-4ad7-a311-8329ecdf5155,2026-03-09,2026-04-08,3275.86,196.56,3472.42,Issued,SampleGen
INV-c2f2bdcf-c323-440d-9a9f-0d361b6e7811,ID207186,CID-408,c2f2bdcf-c323-440d-9a9f-0d361b6e7811,2026-04-05,2026-05-05,2211.84,132.72,2344.56,Issued,SampleGen
INV-3337617b-8234-46e6-9d5f-d871ea7303ed,ID207187,CID-408,3337617b-8234-46e6-9d5f-d871ea7303ed,2026-04-13,2026-05-13,567.84,34.08,601.92,Issued,SampleGen
INV-f7fb34a6-b002-4cbc-9192-df846231665b,ID207188,CID-408,f7fb34a6-b002-4cbc-9192-df846231665b,2026-04-10,2026-05-10,4025.74,241.56,4267.3,Issued,SampleGen
INV-a8aeee27-fcb1-4761-8647-aa0cf92c5626,ID207189,CID-409,a8aeee27-fcb1-4761-8647-aa0cf92c5626,2026-04-05,2026-05-05,1801.76,108.12,1909.88,Issued,SampleGen
INV-0aa2b8ee-5f76-40a1-b6c3-e129da741df7,ID207190,CID-410,0aa2b8ee-5f76-40a1-b6c3-e129da741df7,2025-01-27,2025-02-26,815.88,48.96,864.84,Issued,SampleGen
INV-5cb61300-0571-4729-b4b9-00fd0991cc64,ID207191,CID-410,5cb61300-0571-4729-b4b9-00fd0991cc64,2025-02-03,2025-03-05,1859.86,111.6,1971.46,Issued,SampleGen
INV-91eb72a0-c953-411c-9abf-a39a1e395aaa,ID207192,CID-410,91eb72a0-c953-411c-9abf-a39a1e395aaa,2025-03-16,2025-04-15,435.88,26.16,462.04,Issued,SampleGen
INV-c0ab3768-c53b-4704-a645-9b5f4743c807,ID207193,CID-410,c0ab3768-c53b-4704-a645-9b5f4743c807,2025-04-20,2025-05-20,1637.76,98.28,1736.04,Issued,SampleGen
INV-695990fa-f29f-4170-b444-9c3608ac255d,ID207194,CID-410,695990fa-f29f-4170-b444-9c3608ac255d,2025-05-12,2025-06-11,3943.8,236.64,4180.44,Issued,SampleGen
INV-7e5553e5-6f42-4a45-8e53-82c584243d15,ID207195,CID-410,7e5553e5-6f42-4a45-8e53-82c584243d15,2025-06-16,2025-07-16,653.86,39.24,693.1,Issued,SampleGen
INV-9d37c526-b735-4010-a64c-971deac829c4,ID207196,CID-410,9d37c526-b735-4010-a64c-971deac829c4,2025-07-20,2025-08-19,3343.72,200.64,3544.36,Issued,SampleGen
INV-1cef468b-c9dd-4da9-88c0-0a3ff72b08cb,ID207197,CID-410,1cef468b-c9dd-4da9-88c0-0a3ff72b08cb,2025-07-06,2025-08-05,1985.86,119.16,2105.02,Issued,SampleGen
INV-1c7fc5d8-7e69-4af0-8b28-858403dbd1a2,ID207198,CID-410,1c7fc5d8-7e69-4af0-8b28-858403dbd1a2,2025-08-29,2025-09-28,1887.84,113.28,2001.12,Issued,SampleGen
INV-2c0bb0e3-b5a8-4996-8e85-8c9cd64f1af9,ID207199,CID-410,2c0bb0e3-b5a8-4996-8e85-8c9cd64f1af9,2025-08-07,2025-09-06,1119.92,67.2,1187.12,Issued,SampleGen
INV-81d2bc0a-40cc-47a6-8f20-aa9a46a698d5,ID207200,CID-410,81d2bc0a-40cc-47a6-8f20-aa9a46a698d5,2025-09-29,2025-10-29,1303.84,78.24,1382.08,Issued,SampleGen
INV-456c7ac6-d2f9-445b-9646-876abf7dc96a,ID207201,CID-410,456c7ac6-d2f9-445b-9646-876abf7dc96a,2025-10-10,2025-11-09,547.86,32.88,580.74,Issued,SampleGen
INV-17c91d4d-7dd4-4418-8497-12c4b9230c22,ID207202,CID-410,17c91d4d-7dd4-4418-8497-12c4b9230c22,2025-10-31,2025-11-30,3815.86,228.96,4044.82,Issued,SampleGen
INV-b99b3b9f-65c6-4f6c-85aa-717427d5712e,ID207203,CID-410,b99b3b9f-65c6-4f6c-85aa-717427d5712e,2025-11-18,2025-12-18,4267.84,256.08,4523.92,Issued,SampleGen
INV-c55520bd-5e27-4565-ae49-4b5de918b050,ID207204,CID-410,c55520bd-5e27-4565-ae49-4b5de918b050,2025-11-16,2025-12-16,3503.76,210.24,3714.0,Issued,SampleGen
INV-168f2615-f10a-44f9-a334-524ed0a5e97a,ID207205,CID-410,168f2615-f10a-44f9-a334-524ed0a5e97a,2025-12-29,2026-01-28,943.78,56.64,1000.42,Issued,SampleGen
INV-b0c44155-bb53-47c5-a51e-ceb93a62027a,ID207206,CID-410,b0c44155-bb53-47c5-a51e-ceb93a62027a,2025-12-20,2026-01-19,691.82,41.52,733.34,Issued,SampleGen
INV-d883f59b-93ed-4a23-82a5-6e7df4462878,ID207207,CID-410,d883f59b-93ed-4a23-82a5-6e7df4462878,2026-01-06,2026-02-05,5935.72,356.16,6291.88,Issued,SampleGen
INV-87cb0f2f-f995-4fc0-9089-fa0f220b1a7d,ID207208,CID-410,87cb0f2f-f995-4fc0-9089-fa0f220b1a7d,2026-01-08,2026-02-07,1039.78,62.4,1102.18,Issued,SampleGen
INV-78086205-04a9-4324-90a2-ed59540cff2a,ID207209,CID-410,78086205-04a9-4324-90a2-ed59540cff2a,2026-02-17,2026-03-19,959.74,57.6,1017.34,Issued,SampleGen
INV-5d1a07e4-3763-4dcd-95e8-1119aae84af2,ID207210,CID-410,5d1a07e4-3763-4dcd-95e8-1119aae84af2,2026-03-24,2026-04-23,2799.76,168.0,2967.76,Issued,SampleGen
INV-138ec6b7-e1f7-4fcd-a526-7b284d06acad,ID207211,CID-410,138ec6b7-e1f7-4fcd-a526-7b284d06acad,2026-03-16,2026-04-15,3199.7,192.0,3391.7,Issued,SampleGen
INV-dc27a4d8-ace0-4165-8c68-5ac1abf8105e,ID207212,CID-410,dc27a4d8-ace0-4165-8c68-5ac1abf8105e,2026-04-09,2026-05-09,4343.72,260.64,4604.36,Issued,SampleGen
INV-6ca94aae-8abf-4d9c-bb74-9c74b9827e4d,ID207213,CID-410,6ca94aae-8abf-4d9c-bb74-9c74b9827e4d,2026-04-03,2026-05-03,2041.86,122.52,2164.38,Issued,SampleGen
INV-a1815047-b615-48ea-80ff-8c660a67a7ee,ID207214,CID-411,a1815047-b615-48ea-80ff-8c660a67a7ee,2025-03-19,2025-04-18,6607.72,396.48,7004.2,Issued,SampleGen
INV-c57aad39-da89-4e18-876d-afec57fc217f,ID207215,CID-411,c57aad39-da89-4e18-876d-afec57fc217f,2025-04-14,2025-05-14,821.82,49.32,871.14,Issued,SampleGen
INV-c0ff5028-8977-499e-b39e-a340e7b5f77a,ID207216,CID-411,c0ff5028-8977-499e-b39e-a340e7b5f77a,2025-05-26,2025-06-25,499.88,30.0,529.88,Issued,SampleGen
INV-2e3596d6-2702-4324-bde0-556833e31cbc,ID207217,CID-411,2e3596d6-2702-4324-bde0-556833e31cbc,2025-06-18,2025-07-18,1987.8,119.28,2107.08,Issued,SampleGen
INV-88d52a7b-7b42-42c3-9f7b-028e5a7bf06e,ID207218,CID-411,88d52a7b-7b42-42c3-9f7b-028e5a7bf06e,2025-07-15,2025-08-14,1277.82,76.68,1354.5,Issued,SampleGen
INV-ead4fbe9-e8a9-4e44-9d15-ad51f1bbae33,ID207219,CID-411,ead4fbe9-e8a9-4e44-9d15-ad51f1bbae33,2025-08-31,2025-09-30,2615.72,156.96,2772.68,Issued,SampleGen
INV-9102a7f7-e9c8-42bd-9dcd-5960a40f396f,ID207220,CID-411,9102a7f7-e9c8-42bd-9dcd-5960a40f396f,2025-08-24,2025-09-23,3899.82,234.0,4133.82,Issued,SampleGen
INV-4ae77d67-dba9-4688-a1c1-d82cd80cfa4b,ID207221,CID-411,4ae77d67-dba9-4688-a1c1-d82cd80cfa4b,2025-09-13,2025-10-13,2169.74,130.2,2299.94,Issued,SampleGen
INV-7417be08-df17-4244-837a-1a8c23f34372,ID207222,CID-411,7417be08-df17-4244-837a-1a8c23f34372,2025-09-24,2025-10-24,633.84,38.04,671.88,Issued,SampleGen
INV-f066ac0b-fb2a-48cd-a59c-a69344cd03ca,ID207223,CID-411,f066ac0b-fb2a-48cd-a59c-a69344cd03ca,2025-10-03,2025-11-02,883.72,53.04,936.76,Issued,SampleGen
INV-2ca54808-e1fe-4fc2-a472-9a5e7d32fef1,ID207224,CID-411,2ca54808-e1fe-4fc2-a472-9a5e7d32fef1,2025-11-03,2025-12-03,3103.84,186.24,3290.08,Issued,SampleGen
INV-a2d0b222-1d09-4929-b468-3214aa2dc4be,ID207225,CID-411,a2d0b222-1d09-4929-b468-3214aa2dc4be,2025-11-20,2025-12-20,445.86,26.76,472.62,Issued,SampleGen
INV-0c181d51-75ca-4959-8067-5698eae3b101,ID207226,CID-411,0c181d51-75ca-4959-8067-5698eae3b101,2025-12-17,2026-01-16,639.88,38.4,678.28,Issued,SampleGen
INV-1e5b2dce-6ca2-42e4-a3eb-8ab486946bd3,ID207227,CID-411,1e5b2dce-6ca2-42e4-a3eb-8ab486946bd3,2025-12-09,2026-01-08,507.86,30.48,538.34,Issued,SampleGen
INV-10867804-f39c-4b0d-9d39-88d73cec218b,ID207228,CID-411,10867804-f39c-4b0d-9d39-88d73cec218b,2026-01-17,2026-02-16,943.92,56.64,1000.56,Issued,SampleGen
INV-1a6534be-f908-43d3-a5e2-c763f4085202,ID207229,CID-411,1a6534be-f908-43d3-a5e2-c763f4085202,2026-01-05,2026-02-04,683.88,41.04,724.92,Issued,SampleGen
INV-ef8331ed-4b47-4c18-9b1c-af59623dcfaa,ID207230,CID-411,ef8331ed-4b47-4c18-9b1c-af59623dcfaa,2026-02-02,2026-03-04,2045.78,122.76,2168.54,Issued,SampleGen
INV-39c6f5ca-11e4-44d6-a335-7bd241195e23,ID207231,CID-411,39c6f5ca-11e4-44d6-a335-7bd241195e23,2026-02-09,2026-03-11,1511.82,90.72,1602.54,Issued,SampleGen
INV-b60abfc9-c1ce-4d82-b0d0-f2522be9596a,ID207232,CID-411,b60abfc9-c1ce-4d82-b0d0-f2522be9596a,2026-03-04,2026-04-03,503.88,30.24,534.12,Issued,SampleGen
INV-d6070de0-dba3-42f6-af5b-89819133034b,ID207233,CID-411,d6070de0-dba3-42f6-af5b-89819133034b,2026-03-20,2026-04-19,405.86,24.36,430.22,Issued,SampleGen
INV-7207f57e-048c-4f3d-b6a6-d83ac629b518,ID207234,CID-411,7207f57e-048c-4f3d-b6a6-d83ac629b518,2026-04-06,2026-05-06,3991.76,239.52,4231.28,Issued,SampleGen
INV-47ce74a0-2b8b-4b60-a11d-2cc8140c0c77,ID207235,CID-411,47ce74a0-2b8b-4b60-a11d-2cc8140c0c77,2026-04-16,2026-05-16,1691.86,101.52,1793.38,Issued,SampleGen
INV-12f3ec55-4b97-4ebd-b0d2-5c7db7d5f2a1,ID207236,CID-412,12f3ec55-4b97-4ebd-b0d2-5c7db7d5f2a1,2025-06-08,2025-07-08,689.88,41.4,731.28,Issued,SampleGen
INV-644639de-6231-45c1-af7e-2cb5c7aeee8f,ID207237,CID-412,644639de-6231-45c1-af7e-2cb5c7aeee8f,2025-07-09,2025-08-08,727.76,43.68,771.44,Issued,SampleGen
INV-d47c0f2f-2ab4-477d-abc1-2d0af4282087,ID207238,CID-412,d47c0f2f-2ab4-477d-abc1-2d0af4282087,2025-10-06,2025-11-05,3755.88,225.36,3981.24,Issued,SampleGen
INV-ff572faf-7fd5-4fda-9ca7-1e3ae740e774,ID207239,CID-412,ff572faf-7fd5-4fda-9ca7-1e3ae740e774,2026-04-29,2026-05-29,459.88,27.6,487.48,Issued,SampleGen
INV-5ba363e8-d0d1-4ac9-a93f-4c2833055d0f,ID207240,CID-413,5ba363e8-d0d1-4ac9-a93f-4c2833055d0f,2025-06-01,2025-07-01,4587.76,275.28,4863.04,Issued,SampleGen
INV-526bac2c-d80e-412b-8fea-bc2dea8a2b28,ID207241,CID-413,526bac2c-d80e-412b-8fea-bc2dea8a2b28,2025-07-27,2025-08-26,1483.72,89.04,1572.76,Issued,SampleGen
INV-31dbd6e4-cb3f-4842-abac-9e648af06bcc,ID207242,CID-413,31dbd6e4-cb3f-4842-abac-9e648af06bcc,2025-08-23,2025-09-22,2239.84,134.4,2374.24,Issued,SampleGen
INV-fad35061-1d60-45c6-86e3-df29776ca100,ID207243,CID-413,fad35061-1d60-45c6-86e3-df29776ca100,2026-04-19,2026-05-19,2255.84,135.36,2391.2,Issued,SampleGen
INV-8daf468b-25ae-4365-9a8d-ecd073737255,ID207244,CID-414,8daf468b-25ae-4365-9a8d-ecd073737255,2025-04-06,2025-05-06,333.9,20.04,353.94,Issued,SampleGen
INV-60e6206b-86f2-426e-8099-093b753d7870,ID207245,CID-414,60e6206b-86f2-426e-8099-093b753d7870,2025-07-01,2025-07-31,2553.8,153.24,2707.04,Issued,SampleGen
INV-aa33f860-f3a1-4379-914f-a5111bd659a5,ID207246,CID-414,aa33f860-f3a1-4379-914f-a5111bd659a5,2025-07-25,2025-08-24,383.88,23.04,406.92,Issued,SampleGen
INV-91716c76-84ff-47c3-ac41-09ea64ea44c1,ID207247,CID-414,91716c76-84ff-47c3-ac41-09ea64ea44c1,2025-11-01,2025-12-01,3573.74,214.44,3788.18,Issued,SampleGen
INV-cd48e63d-158d-4e2b-a79f-0da62b2121dd,ID207248,CID-414,cd48e63d-158d-4e2b-a79f-0da62b2121dd,2025-11-29,2025-12-29,423.9,25.44,449.34,Issued,SampleGen
INV-28cb260d-1432-4af2-983e-9783312b70b5,ID207249,CID-414,28cb260d-1432-4af2-983e-9783312b70b5,2026-01-24,2026-02-23,919.84,55.2,975.04,Issued,SampleGen
INV-de840c68-db0e-4212-877c-7db128f1ae95,ID207250,CID-414,de840c68-db0e-4212-877c-7db128f1ae95,2026-02-26,2026-03-28,2875.82,172.56,3048.38,Issued,SampleGen
INV-5c735c43-cab5-4744-8487-b26485f270b3,ID207251,CID-414,5c735c43-cab5-4744-8487-b26485f270b3,2026-03-09,2026-04-08,4483.76,269.04,4752.8,Issued,SampleGen
INV-469b9e3c-9e15-46c8-aff0-02bb9fa78118,ID207252,CID-414,469b9e3c-9e15-46c8-aff0-02bb9fa78118,2026-04-04,2026-05-04,2063.8,123.84,2187.64,Issued,SampleGen
INV-65985c9d-fbf5-4703-8f3f-a20f21c158b7,ID207253,CID-415,65985c9d-fbf5-4703-8f3f-a20f21c158b7,2025-04-09,2025-05-09,1899.82,114.0,2013.82,Issued,SampleGen
INV-1d488342-df1c-4721-80a8-267164dd14a6,ID207254,CID-415,1d488342-df1c-4721-80a8-267164dd14a6,2025-05-16,2025-06-15,5607.72,336.48,5944.2,Issued,SampleGen
INV-dc9683fe-287a-4a05-8149-793905fd1f05,ID207255,CID-415,dc9683fe-287a-4a05-8149-793905fd1f05,2025-06-10,2025-07-10,991.74,59.52,1051.26,Issued,SampleGen
INV-1b2d833e-16d9-49a9-96fb-85db7f387dd0,ID207256,CID-415,1b2d833e-16d9-49a9-96fb-85db7f387dd0,2025-07-29,2025-08-28,607.86,36.48,644.34,Issued,SampleGen
INV-aa105498-1ea1-4d20-962d-9a9d158ff4cc,ID207257,CID-415,aa105498-1ea1-4d20-962d-9a9d158ff4cc,2025-08-23,2025-09-22,1135.82,68.16,1203.98,Issued,SampleGen
INV-3491ec7d-8b30-486a-bfb2-42beb66111c8,ID207258,CID-415,3491ec7d-8b30-486a-bfb2-42beb66111c8,2025-11-01,2025-12-01,2335.8,140.16,2475.96,Issued,SampleGen
INV-64af638c-fc4b-43ed-9930-cd3c27acdc20,ID207259,CID-415,64af638c-fc4b-43ed-9930-cd3c27acdc20,2025-11-11,2025-12-11,839.82,50.4,890.22,Issued,SampleGen
INV-934223e0-7008-4685-870f-ee53692f8891,ID207260,CID-415,934223e0-7008-4685-870f-ee53692f8891,2025-12-27,2026-01-26,5335.78,320.16,5655.94,Issued,SampleGen
INV-7ab9ac3d-954b-486b-b089-47922a91ab3b,ID207261,CID-415,7ab9ac3d-954b-486b-b089-47922a91ab3b,2026-01-27,2026-02-26,3661.82,219.72,3881.54,Issued,SampleGen
INV-96b86b7d-3fa6-4ec0-99da-ffefe37c354f,ID207262,CID-415,96b86b7d-3fa6-4ec0-99da-ffefe37c354f,2026-02-24,2026-03-26,2053.78,123.24,2177.02,Issued,SampleGen
INV-6631196b-3648-41d9-a3a8-4806f2532633,ID207263,CID-415,6631196b-3648-41d9-a3a8-4806f2532633,2026-03-10,2026-04-09,1223.78,73.44,1297.22,Issued,SampleGen
INV-1063bd21-1631-4409-b707-3ff73b73acc5,ID207264,CID-415,1063bd21-1631-4409-b707-3ff73b73acc5,2026-04-27,2026-05-27,2041.76,122.52,2164.28,Issued,SampleGen
INV-cafb01cf-2b7d-490b-a1ad-71ada03d940d,ID207265,CID-416,cafb01cf-2b7d-490b-a1ad-71ada03d940d,2025-02-10,2025-03-12,5387.74,323.28,5711.02,Issued,SampleGen
INV-f48b2377-415d-43f4-ac5e-154bc8124f6a,ID207266,CID-416,f48b2377-415d-43f4-ac5e-154bc8124f6a,2025-03-14,2025-04-13,867.82,52.08,919.9,Issued,SampleGen
INV-15975278-97ae-4262-b8e0-85954ce24832,ID207267,CID-416,15975278-97ae-4262-b8e0-85954ce24832,2025-04-29,2025-05-29,2545.74,152.76,2698.5,Issued,SampleGen
INV-9358eb20-8fb2-452f-8b3e-3bf48a92c02a,ID207268,CID-416,9358eb20-8fb2-452f-8b3e-3bf48a92c02a,2025-05-23,2025-06-22,1003.8,60.24,1064.04,Issued,SampleGen
INV-94b21e16-62c8-419c-8f67-6a89c3f2d7d7,ID207269,CID-416,94b21e16-62c8-419c-8f67-6a89c3f2d7d7,2025-08-30,2025-09-29,1553.8,93.24,1647.04,Issued,SampleGen
INV-3af7b200-aa14-4bf7-af02-1c9ac1782814,ID207270,CID-416,3af7b200-aa14-4bf7-af02-1c9ac1782814,2025-09-02,2025-10-02,3275.86,196.56,3472.42,Issued,SampleGen
INV-543091ab-7134-4541-9160-90d2b69e1172,ID207271,CID-416,543091ab-7134-4541-9160-90d2b69e1172,2025-10-31,2025-11-30,4221.74,253.32,4475.06,Issued,SampleGen
INV-0f0375c7-e9cc-477e-b78d-9f03a011cba9,ID207272,CID-416,0f0375c7-e9cc-477e-b78d-9f03a011cba9,2025-11-07,2025-12-07,951.86,57.12,1008.98,Issued,SampleGen
INV-a9c7cf2d-131d-4b14-b912-6c59bc0be350,ID207273,CID-416,a9c7cf2d-131d-4b14-b912-6c59bc0be350,2025-12-18,2026-01-17,2809.84,168.6,2978.44,Issued,SampleGen
INV-e8e7de54-34c9-4b56-8da0-a91c51102840,ID207274,CID-416,e8e7de54-34c9-4b56-8da0-a91c51102840,2026-01-18,2026-02-17,449.86,27.0,476.86,Issued,SampleGen
INV-34854c36-28ee-4392-b32b-cf9c4f428ec4,ID207275,CID-416,34854c36-28ee-4392-b32b-cf9c4f428ec4,2026-02-23,2026-03-25,271.86,16.32,288.18,Issued,SampleGen
INV-353d562d-dde4-412a-b113-7e81c4b7f9ec,ID207276,CID-416,353d562d-dde4-412a-b113-7e81c4b7f9ec,2026-03-07,2026-04-06,1815.72,108.96,1924.68,Issued,SampleGen
INV-6a556609-c1de-49ca-bf0e-e8e1469601dd,ID207277,CID-416,6a556609-c1de-49ca-bf0e-e8e1469601dd,2026-04-30,2026-05-30,2239.84,134.4,2374.24,Issued,SampleGen
INV-27b75ddf-7193-4681-ab51-871e17501de8,ID207278,CID-417,27b75ddf-7193-4681-ab51-871e17501de8,2025-01-06,2025-02-05,2767.72,166.08,2933.8,Issued,SampleGen
INV-6ca4b087-b777-4c15-b81c-2534a059f545,ID207279,CID-417,6ca4b087-b777-4c15-b81c-2534a059f545,2025-03-01,2025-03-31,2923.78,175.44,3099.22,Issued,SampleGen
INV-27392238-e362-415e-b175-ae7896b740d7,ID207280,CID-417,27392238-e362-415e-b175-ae7896b740d7,2025-04-09,2025-05-09,1823.84,109.44,1933.28,Issued,SampleGen
INV-94e40be4-1756-4955-adc0-b5e5ea4e16d7,ID207281,CID-417,94e40be4-1756-4955-adc0-b5e5ea4e16d7,2025-06-17,2025-07-17,2963.88,177.84,3141.72,Issued,SampleGen
INV-1e8ac5e5-a400-4c64-be36-a7a8f3df2fc4,ID207282,CID-417,1e8ac5e5-a400-4c64-be36-a7a8f3df2fc4,2025-07-24,2025-08-23,775.86,46.56,822.42,Issued,SampleGen
INV-cba2b5f2-aadc-495e-8248-52b8d892bccb,ID207283,CID-417,cba2b5f2-aadc-495e-8248-52b8d892bccb,2025-09-06,2025-10-06,2233.74,134.04,2367.78,Issued,SampleGen
INV-4440c9a5-3726-4bd2-9ccb-99d2dd554a37,ID207284,CID-417,4440c9a5-3726-4bd2-9ccb-99d2dd554a37,2025-11-02,2025-12-02,517.86,31.08,548.94,Issued,SampleGen
INV-ce2d2502-63f8-4161-a528-30cb51132f17,ID207285,CID-417,ce2d2502-63f8-4161-a528-30cb51132f17,2025-12-17,2026-01-16,3149.8,189.0,3338.8,Issued,SampleGen
INV-fb13d6c1-a314-48eb-8316-d009ce7e2d4e,ID207286,CID-417,fb13d6c1-a314-48eb-8316-d009ce7e2d4e,2026-02-11,2026-03-13,517.82,31.08,548.9,Issued,SampleGen
INV-771ea488-1d28-4816-b9f9-f2a3b06353a1,ID207287,CID-417,771ea488-1d28-4816-b9f9-f2a3b06353a1,2026-03-29,2026-04-28,1675.82,100.56,1776.38,Issued,SampleGen
INV-9c96f954-85bb-44e5-9f62-7ebe1d9dec03,ID207288,CID-417,9c96f954-85bb-44e5-9f62-7ebe1d9dec03,2026-04-29,2026-05-29,943.92,56.64,1000.56,Issued,SampleGen
INV-1625cbba-8002-4d61-9a61-5c11d6920de6,ID207289,CID-418,1625cbba-8002-4d61-9a61-5c11d6920de6,2025-03-16,2025-04-15,1991.82,119.52,2111.34,Issued,SampleGen
INV-a407876f-31ac-4571-8ffd-dca14ec23d53,ID207290,CID-418,a407876f-31ac-4571-8ffd-dca14ec23d53,2025-09-05,2025-10-05,993.8,59.64,1053.44,Issued,SampleGen
INV-5beab1c3-e579-4cc7-9088-53c98195cc1d,ID207291,CID-418,5beab1c3-e579-4cc7-9088-53c98195cc1d,2025-10-31,2025-11-30,1483.86,89.04,1572.9,Issued,SampleGen
INV-a9e7602e-8d07-44f7-8c4c-0f15289a7a2d,ID207292,CID-418,a9e7602e-8d07-44f7-8c4c-0f15289a7a2d,2025-12-21,2026-01-20,683.88,41.04,724.92,Issued,SampleGen
INV-5db9e7f7-49ca-4478-8348-3b2bc57030bb,ID207293,CID-418,5db9e7f7-49ca-4478-8348-3b2bc57030bb,2026-03-07,2026-04-06,3047.86,182.88,3230.74,Issued,SampleGen
INV-74743bfd-c18d-41ad-b37b-e1cdfa799392,ID207294,CID-419,74743bfd-c18d-41ad-b37b-e1cdfa799392,2025-01-08,2025-02-07,2423.88,145.44,2569.32,Issued,SampleGen
INV-aad4ac06-8007-4957-85b3-2312bafcaf9f,ID207295,CID-419,aad4ac06-8007-4957-85b3-2312bafcaf9f,2025-02-24,2025-03-26,1999.82,120.0,2119.82,Issued,SampleGen
INV-7482cf9c-1858-4c55-ab86-1dd4248b2db6,ID207296,CID-419,7482cf9c-1858-4c55-ab86-1dd4248b2db6,2025-03-04,2025-04-03,3683.86,221.04,3904.9,Issued,SampleGen
INV-6a625405-29b0-4a6b-9c1c-f237eb3a8819,ID207297,CID-419,6a625405-29b0-4a6b-9c1c-f237eb3a8819,2025-04-17,2025-05-17,5675.78,340.56,6016.34,Issued,SampleGen
INV-e0fe3f09-392f-48b1-9ec2-6a970534e2ba,ID207298,CID-419,e0fe3f09-392f-48b1-9ec2-6a970534e2ba,2025-04-12,2025-05-12,3343.76,200.64,3544.4,Issued,SampleGen
INV-9e184dad-0065-478c-8643-e8fa361bd3ba,ID207299,CID-419,9e184dad-0065-478c-8643-e8fa361bd3ba,2025-05-17,2025-06-16,357.9,21.48,379.38,Issued,SampleGen
INV-796ca52c-8f51-496f-9725-7a0ec05643b4,ID207300,CID-419,796ca52c-8f51-496f-9725-7a0ec05643b4,2025-06-29,2025-07-29,4275.78,256.56,4532.34,Issued,SampleGen
INV-b3a23711-a2da-4c25-8d7d-fb59f355b077,ID207301,CID-419,b3a23711-a2da-4c25-8d7d-fb59f355b077,2025-07-09,2025-08-08,539.86,32.4,572.26,Issued,SampleGen
INV-9eee7c54-a0cc-4683-a158-24f266dda384,ID207302,CID-419,9eee7c54-a0cc-4683-a158-24f266dda384,2025-09-01,2025-10-01,3131.74,187.92,3319.66,Issued,SampleGen
INV-25d60bc5-701c-4212-9932-f9b5ab469385,ID207303,CID-419,25d60bc5-701c-4212-9932-f9b5ab469385,2025-08-08,2025-09-07,1179.74,70.8,1250.54,Issued,SampleGen
INV-30d58b97-0630-43b9-8b4b-22abb3589da7,ID207304,CID-419,30d58b97-0630-43b9-8b4b-22abb3589da7,2025-09-21,2025-10-21,499.84,30.0,529.84,Issued,SampleGen
INV-6165d4ab-a522-4466-af54-f52f3b48a110,ID207305,CID-419,6165d4ab-a522-4466-af54-f52f3b48a110,2025-09-30,2025-10-30,679.88,40.8,720.68,Issued,SampleGen
INV-c2e6178d-5cf8-45cd-b46d-f1023f7b8422,ID207306,CID-419,c2e6178d-5cf8-45cd-b46d-f1023f7b8422,2025-10-27,2025-11-26,2659.86,159.6,2819.46,Issued,SampleGen
INV-2db9c735-d9dd-41d6-8ee4-f7bbb4a26083,ID207307,CID-419,2db9c735-d9dd-41d6-8ee4-f7bbb4a26083,2025-10-31,2025-11-30,907.86,54.48,962.34,Issued,SampleGen
INV-968198dc-6f3e-4e0a-bc63-e3fe5b0252c4,ID207308,CID-419,968198dc-6f3e-4e0a-bc63-e3fe5b0252c4,2025-11-30,2025-12-30,253.9,15.24,269.14,Issued,SampleGen
INV-7ac463df-74d2-451a-a581-67a93d92b3a3,ID207309,CID-419,7ac463df-74d2-451a-a581-67a93d92b3a3,2025-11-12,2025-12-12,2923.86,175.44,3099.3,Issued,SampleGen
INV-5e1f952a-5707-4dea-90dd-109ac65ca510,ID207310,CID-419,5e1f952a-5707-4dea-90dd-109ac65ca510,2025-12-11,2026-01-10,6123.82,367.44,6491.26,Issued,SampleGen
INV-ce806c60-a8ff-4b7a-95a8-6928b4029d0b,ID207311,CID-419,ce806c60-a8ff-4b7a-95a8-6928b4029d0b,2025-12-31,2026-01-30,5099.74,306.0,5405.74,Issued,SampleGen
INV-e18678d5-bbee-4a2c-947b-5370bcc0aefa,ID207312,CID-419,e18678d5-bbee-4a2c-947b-5370bcc0aefa,2026-01-09,2026-02-08,289.9,17.4,307.3,Issued,SampleGen
INV-60e44c4c-59f9-47dc-9036-f6833909e4ce,ID207313,CID-419,60e44c4c-59f9-47dc-9036-f6833909e4ce,2026-01-24,2026-02-23,1259.78,75.6,1335.38,Issued,SampleGen
INV-40405bc1-c591-4a30-a592-2f9243c85872,ID207314,CID-419,40405bc1-c591-4a30-a592-2f9243c85872,2026-02-09,2026-03-11,5323.72,319.44,5643.16,Issued,SampleGen
INV-59ec07c3-931d-4bd3-86e6-4deb1c8ea56d,ID207315,CID-419,59ec07c3-931d-4bd3-86e6-4deb1c8ea56d,2026-02-09,2026-03-11,1567.8,94.08,1661.88,Issued,SampleGen
INV-db5e18c5-482a-459f-95b3-866b5d33d401,ID207316,CID-419,db5e18c5-482a-459f-95b3-866b5d33d401,2026-03-06,2026-04-05,723.84,43.44,767.28,Issued,SampleGen
INV-8bc5109c-8d93-4863-b90e-8bfa5532d3a5,ID207317,CID-419,8bc5109c-8d93-4863-b90e-8bfa5532d3a5,2026-03-16,2026-04-15,2675.76,160.56,2836.32,Issued,SampleGen
INV-80b28a6a-0daf-4569-ba58-5a4d9111b9b9,ID207318,CID-419,80b28a6a-0daf-4569-ba58-5a4d9111b9b9,2026-04-14,2026-05-14,817.74,49.08,866.82,Issued,SampleGen
INV-1f8ecf71-b89d-4aa5-928f-9ee104e7cc5d,ID207319,CID-419,1f8ecf71-b89d-4aa5-928f-9ee104e7cc5d,2026-04-13,2026-05-13,2963.82,177.84,3141.66,Issued,SampleGen
INV-56321aee-f087-45be-b812-456533e0a421,ID207320,CID-420,56321aee-f087-45be-b812-456533e0a421,2025-01-13,2025-02-12,815.88,48.96,864.84,Issued,SampleGen
INV-a0c5799d-9480-4cb9-8d3a-32fca8207bfb,ID207321,CID-420,a0c5799d-9480-4cb9-8d3a-32fca8207bfb,2025-03-01,2025-03-31,2119.86,127.2,2247.06,Issued,SampleGen
INV-45194217-a80f-4f1f-89d3-b39814bab3f3,ID207322,CID-420,45194217-a80f-4f1f-89d3-b39814bab3f3,2025-03-12,2025-04-11,5111.88,306.72,5418.6,Issued,SampleGen
INV-d7836502-c47a-4f41-bb81-572797ced985,ID207323,CID-420,d7836502-c47a-4f41-bb81-572797ced985,2025-03-09,2025-04-08,4547.86,272.88,4820.74,Issued,SampleGen
INV-7c099aac-a125-43cf-b1db-a6b83820fec5,ID207324,CID-420,7c099aac-a125-43cf-b1db-a6b83820fec5,2025-04-23,2025-05-23,2299.76,138.0,2437.76,Issued,SampleGen
INV-c33e6a58-411a-4479-99ff-4f3fa9f6c0c1,ID207325,CID-420,c33e6a58-411a-4479-99ff-4f3fa9f6c0c1,2025-05-04,2025-06-03,4075.76,244.56,4320.32,Issued,SampleGen
INV-7dc7af19-1ec2-4c30-b66a-b8fe83bb04e4,ID207326,CID-420,7dc7af19-1ec2-4c30-b66a-b8fe83bb04e4,2025-05-28,2025-06-27,3727.84,223.68,3951.52,Issued,SampleGen
INV-9b80f906-7dad-4be0-bea7-f65785a15524,ID207327,CID-420,9b80f906-7dad-4be0-bea7-f65785a15524,2025-06-26,2025-07-26,557.88,33.48,591.36,Issued,SampleGen
INV-999bdfc0-8cfe-4a95-9149-098e01033143,ID207328,CID-420,999bdfc0-8cfe-4a95-9149-098e01033143,2025-06-08,2025-07-08,1285.76,77.16,1362.92,Issued,SampleGen
INV-348565cc-c812-4470-b0d6-675599dd10fa,ID207329,CID-420,348565cc-c812-4470-b0d6-675599dd10fa,2025-07-03,2025-08-02,751.82,45.12,796.94,Issued,SampleGen
INV-aaaf57d7-61a9-4846-8f54-d27c975887d8,ID207330,CID-420,aaaf57d7-61a9-4846-8f54-d27c975887d8,2025-07-25,2025-08-24,4021.74,241.32,4263.06,Issued,SampleGen
INV-f328d705-88ee-48e2-8552-b42ebed2f165,ID207331,CID-420,f328d705-88ee-48e2-8552-b42ebed2f165,2025-08-21,2025-09-20,527.88,31.68,559.56,Issued,SampleGen
INV-2550ce79-74ab-4d4c-82df-79b61d7490bc,ID207332,CID-420,2550ce79-74ab-4d4c-82df-79b61d7490bc,2025-08-03,2025-09-02,1759.84,105.6,1865.44,Issued,SampleGen
INV-ec96960f-f824-4500-b52b-18a9dae79ccd,ID207333,CID-420,ec96960f-f824-4500-b52b-18a9dae79ccd,2025-09-10,2025-10-10,1313.78,78.84,1392.62,Issued,SampleGen
INV-2dd214eb-ffb4-4396-8932-c8c9749a68a4,ID207334,CID-420,2dd214eb-ffb4-4396-8932-c8c9749a68a4,2025-09-26,2025-10-26,4211.78,252.72,4464.5,Issued,SampleGen
INV-9a1c2465-e103-451c-943d-f6e7bac7f1c5,ID207335,CID-420,9a1c2465-e103-451c-943d-f6e7bac7f1c5,2025-10-03,2025-11-02,1571.82,94.32,1666.14,Issued,SampleGen
INV-61597375-acdc-4c00-ae62-4ed016f876ac,ID207336,CID-420,61597375-acdc-4c00-ae62-4ed016f876ac,2025-10-09,2025-11-08,1419.86,85.2,1505.06,Issued,SampleGen
INV-35a1160d-f35f-438e-bffd-de978d1fee97,ID207337,CID-420,35a1160d-f35f-438e-bffd-de978d1fee97,2025-10-14,2025-11-13,1803.8,108.24,1912.04,Issued,SampleGen
INV-fbae70e9-ec41-4efc-8155-c97df7f4b9b7,ID207338,CID-420,fbae70e9-ec41-4efc-8155-c97df7f4b9b7,2025-11-30,2025-12-30,4135.72,248.16,4383.88,Issued,SampleGen
INV-cd270be2-741a-42ac-91a5-162ec1cfab9f,ID207339,CID-420,cd270be2-741a-42ac-91a5-162ec1cfab9f,2025-11-02,2025-12-02,3247.74,194.88,3442.62,Issued,SampleGen
INV-77cbf75f-3e0f-44e3-83ff-dceea4ca6bf1,ID207340,CID-420,77cbf75f-3e0f-44e3-83ff-dceea4ca6bf1,2025-11-09,2025-12-09,2471.76,148.32,2620.08,Issued,SampleGen
INV-cb454d62-b335-411d-98ef-8efd8468f647,ID207341,CID-420,cb454d62-b335-411d-98ef-8efd8468f647,2025-12-31,2026-01-30,2819.82,169.2,2989.02,Issued,SampleGen
INV-c77bd343-fceb-48fb-a123-3a6e16c71098,ID207342,CID-420,c77bd343-fceb-48fb-a123-3a6e16c71098,2025-12-13,2026-01-12,1887.78,113.28,2001.06,Issued,SampleGen
INV-5ac4030e-983e-400e-a032-9ff6a76593ab,ID207343,CID-420,5ac4030e-983e-400e-a032-9ff6a76593ab,2025-12-27,2026-01-26,3951.84,237.12,4188.96,Issued,SampleGen
INV-425ec7f8-70f9-4475-9e80-4eb396f3c192,ID207344,CID-420,425ec7f8-70f9-4475-9e80-4eb396f3c192,2026-01-12,2026-02-11,6467.72,388.08,6855.8,Issued,SampleGen
INV-2eb21856-32db-4bc0-988d-3546dd9bba48,ID207345,CID-420,2eb21856-32db-4bc0-988d-3546dd9bba48,2026-01-19,2026-02-18,959.86,57.6,1017.46,Issued,SampleGen
INV-329c4028-1d83-4dcc-a452-2edd98d8e558,ID207346,CID-420,329c4028-1d83-4dcc-a452-2edd98d8e558,2026-01-07,2026-02-06,1141.76,68.52,1210.28,Issued,SampleGen
INV-83c98a43-8e2c-4561-acd1-db4a63c6f001,ID207347,CID-420,83c98a43-8e2c-4561-acd1-db4a63c6f001,2026-02-09,2026-03-11,895.8,53.76,949.56,Issued,SampleGen
INV-9f6dda97-fe19-4a97-92a3-d643e6e6bd57,ID207348,CID-420,9f6dda97-fe19-4a97-92a3-d643e6e6bd57,2026-02-24,2026-03-26,3435.76,206.16,3641.92,Issued,SampleGen
INV-f13b20ba-9af1-4e86-b65f-e9844017205f,ID207349,CID-420,f13b20ba-9af1-4e86-b65f-e9844017205f,2026-02-18,2026-03-20,2823.8,169.44,2993.24,Issued,SampleGen
INV-8119b049-d771-45e6-826f-6387d689f3f1,ID207350,CID-420,8119b049-d771-45e6-826f-6387d689f3f1,2026-03-07,2026-04-06,713.76,42.84,756.6,Issued,SampleGen
INV-3cdad591-267e-4281-95ab-cc643245922f,ID207351,CID-420,3cdad591-267e-4281-95ab-cc643245922f,2026-03-28,2026-04-27,751.86,45.12,796.98,Issued,SampleGen
INV-2dc21604-df96-41b2-88b4-24aeadf25aad,ID207352,CID-420,2dc21604-df96-41b2-88b4-24aeadf25aad,2026-03-23,2026-04-22,1859.86,111.6,1971.46,Issued,SampleGen
INV-94507056-b97c-414e-b7c5-89237c4b3ddd,ID207353,CID-420,94507056-b97c-414e-b7c5-89237c4b3ddd,2026-04-17,2026-05-17,1643.78,98.64,1742.42,Issued,SampleGen
INV-34da8174-425c-4d23-bc6a-e60d0220b4f9,ID207354,CID-420,34da8174-425c-4d23-bc6a-e60d0220b4f9,2026-04-26,2026-05-26,399.88,24.0,423.88,Issued,SampleGen
INV-2d43b26e-a070-4560-a286-0b62c31d28a2,ID207355,CID-420,2d43b26e-a070-4560-a286-0b62c31d28a2,2026-04-15,2026-05-15,1809.78,108.6,1918.38,Issued,SampleGen
INV-71e7f9cf-2f17-460f-9a20-a79632e4ef17,ID207356,CID-421,71e7f9cf-2f17-460f-9a20-a79632e4ef17,2025-02-25,2025-03-27,2729.88,163.8,2893.68,Issued,SampleGen
INV-2d92e822-75f5-4ca7-89ee-0cbbd882776f,ID207357,CID-421,2d92e822-75f5-4ca7-89ee-0cbbd882776f,2025-03-27,2025-04-26,1383.9,83.04,1466.94,Issued,SampleGen
INV-27420c34-5f1c-4ada-9606-f1a46fe4e882,ID207358,CID-421,27420c34-5f1c-4ada-9606-f1a46fe4e882,2025-04-10,2025-05-10,4315.82,258.96,4574.78,Issued,SampleGen
INV-c14543fb-e201-4ccb-a29b-4de50a81107c,ID207359,CID-421,c14543fb-e201-4ccb-a29b-4de50a81107c,2025-05-17,2025-06-16,1783.84,107.04,1890.88,Issued,SampleGen
INV-ea35d671-de5e-486f-8ed7-69764d92e532,ID207360,CID-421,ea35d671-de5e-486f-8ed7-69764d92e532,2025-05-16,2025-06-15,1039.76,62.4,1102.16,Issued,SampleGen
INV-65dff371-e623-47c1-9850-ce2b4a8addc1,ID207361,CID-421,65dff371-e623-47c1-9850-ce2b4a8addc1,2025-06-05,2025-07-05,819.86,49.2,869.06,Issued,SampleGen
INV-082f08b5-9d30-4be7-9163-e505038486b1,ID207362,CID-421,082f08b5-9d30-4be7-9163-e505038486b1,2025-06-06,2025-07-06,2107.88,126.48,2234.36,Issued,SampleGen
INV-b4a06646-2397-49d9-b0cb-aa7b909da303,ID207363,CID-421,b4a06646-2397-49d9-b0cb-aa7b909da303,2025-07-27,2025-08-26,2061.82,123.72,2185.54,Issued,SampleGen
INV-dcdce884-37b7-48b4-a6b9-c9cae97ac2cd,ID207364,CID-421,dcdce884-37b7-48b4-a6b9-c9cae97ac2cd,2025-08-08,2025-09-07,3119.84,187.2,3307.04,Issued,SampleGen
INV-4103b31e-f4a6-4aa5-8e40-6e7c8c8a2af0,ID207365,CID-421,4103b31e-f4a6-4aa5-8e40-6e7c8c8a2af0,2025-08-08,2025-09-07,397.86,23.88,421.74,Issued,SampleGen
INV-d5324c5c-b457-47f9-b4f4-f22a1d648787,ID207366,CID-421,d5324c5c-b457-47f9-b4f4-f22a1d648787,2025-09-17,2025-10-17,995.86,59.76,1055.62,Issued,SampleGen
INV-e8db3fd1-ae5a-41ea-9b8e-4b5629943a9e,ID207367,CID-421,e8db3fd1-ae5a-41ea-9b8e-4b5629943a9e,2025-09-29,2025-10-29,1363.78,81.84,1445.62,Issued,SampleGen
INV-06aa9512-7904-44c2-a517-13e525f4a9f9,ID207368,CID-421,06aa9512-7904-44c2-a517-13e525f4a9f9,2025-10-08,2025-11-07,2279.88,136.8,2416.68,Issued,SampleGen
INV-66446fbd-dac1-45b3-894d-1019fbd9c3e3,ID207369,CID-421,66446fbd-dac1-45b3-894d-1019fbd9c3e3,2025-10-20,2025-11-19,879.74,52.8,932.54,Issued,SampleGen
INV-0ea4e1b4-804e-470e-a15b-ade7344b1971,ID207370,CID-421,0ea4e1b4-804e-470e-a15b-ade7344b1971,2025-11-18,2025-12-18,1589.82,95.4,1685.22,Issued,SampleGen
INV-44e40c65-f496-444b-9f1c-0a64215fe942,ID207371,CID-421,44e40c65-f496-444b-9f1c-0a64215fe942,2025-11-25,2025-12-25,1269.8,76.2,1346.0,Issued,SampleGen
INV-f99b0563-7a52-4e3e-9824-65238d963174,ID207372,CID-421,f99b0563-7a52-4e3e-9824-65238d963174,2025-12-18,2026-01-17,1903.82,114.24,2018.06,Issued,SampleGen
INV-502a45a6-e9ef-4a02-9951-a7bbc020d588,ID207373,CID-421,502a45a6-e9ef-4a02-9951-a7bbc020d588,2025-12-20,2026-01-19,1799.82,108.0,1907.82,Issued,SampleGen
INV-88b5783b-b5ec-449a-bfdf-474ff060ffe6,ID207374,CID-421,88b5783b-b5ec-449a-bfdf-474ff060ffe6,2026-01-25,2026-02-24,2207.84,132.48,2340.32,Issued,SampleGen
INV-c682b93c-3961-4120-b5fc-6c7cbe39fb21,ID207375,CID-421,c682b93c-3961-4120-b5fc-6c7cbe39fb21,2026-01-24,2026-02-23,1507.86,90.48,1598.34,Issued,SampleGen
INV-9e1a8281-c7bd-4f09-9735-cd0498c91e98,ID207376,CID-421,9e1a8281-c7bd-4f09-9735-cd0498c91e98,2026-02-01,2026-03-03,2239.8,134.4,2374.2,Issued,SampleGen
INV-fd7d5b14-4c1a-4e06-9496-8792518d8603,ID207377,CID-421,fd7d5b14-4c1a-4e06-9496-8792518d8603,2026-02-25,2026-03-27,1013.8,60.84,1074.64,Issued,SampleGen
INV-408fe5fe-7b15-4508-b4e4-a19d21a96ffc,ID207378,CID-421,408fe5fe-7b15-4508-b4e4-a19d21a96ffc,2026-02-06,2026-03-08,5007.8,300.48,5308.28,Issued,SampleGen
INV-056ae5b0-5c3e-45d7-9dfe-2476b46a3715,ID207379,CID-421,056ae5b0-5c3e-45d7-9dfe-2476b46a3715,2026-03-04,2026-04-03,519.86,31.2,551.06,Issued,SampleGen
INV-ff7c6d81-2386-48af-8855-b0092964efdf,ID207380,CID-421,ff7c6d81-2386-48af-8855-b0092964efdf,2026-03-11,2026-04-10,749.82,45.0,794.82,Issued,SampleGen
INV-30ae100f-94e0-4573-bf9c-81c5b6c31f96,ID207381,CID-421,30ae100f-94e0-4573-bf9c-81c5b6c31f96,2026-04-26,2026-05-26,3775.84,226.56,4002.4,Issued,SampleGen
INV-2e6d3130-ada4-43a6-a9a2-3f8c46fe724a,ID207382,CID-421,2e6d3130-ada4-43a6-a9a2-3f8c46fe724a,2026-04-12,2026-05-12,5067.8,304.08,5371.88,Issued,SampleGen
INV-234206bf-0587-4618-a828-3128454a8a45,ID207383,CID-422,234206bf-0587-4618-a828-3128454a8a45,2025-02-15,2025-03-17,2491.84,149.52,2641.36,Issued,SampleGen
INV-f91c2a4d-4e6a-409b-a720-9f4167f5ed6e,ID207384,CID-422,f91c2a4d-4e6a-409b-a720-9f4167f5ed6e,2025-03-14,2025-04-13,5479.7,328.8,5808.5,Issued,SampleGen
INV-99ba94da-617d-41d1-a0db-d0a6a38ed29c,ID207385,CID-422,99ba94da-617d-41d1-a0db-d0a6a38ed29c,2025-04-07,2025-05-07,1711.82,102.72,1814.54,Issued,SampleGen
INV-0b171376-2610-403c-a5f4-7355014130cf,ID207386,CID-422,0b171376-2610-403c-a5f4-7355014130cf,2025-05-24,2025-06-23,2319.88,139.2,2459.08,Issued,SampleGen
INV-b9283186-325b-4844-90e1-c8923c928f6f,ID207387,CID-422,b9283186-325b-4844-90e1-c8923c928f6f,2025-06-06,2025-07-06,303.84,18.24,322.08,Issued,SampleGen
INV-0a4b6ae7-5e9e-4b46-abcc-fb71dd7c1168,ID207388,CID-422,0a4b6ae7-5e9e-4b46-abcc-fb71dd7c1168,2025-07-28,2025-08-27,4443.78,266.64,4710.42,Issued,SampleGen
INV-5b194844-affb-45fa-ac57-8f7ffa096545,ID207389,CID-422,5b194844-affb-45fa-ac57-8f7ffa096545,2025-08-13,2025-09-12,2315.78,138.96,2454.74,Issued,SampleGen
INV-40cdb3c7-5fc9-4a12-b2d5-979689cb5c35,ID207390,CID-422,40cdb3c7-5fc9-4a12-b2d5-979689cb5c35,2025-09-04,2025-10-04,2843.9,170.64,3014.54,Issued,SampleGen
INV-76332098-ea19-402b-9ff5-bc4823e9f112,ID207391,CID-422,76332098-ea19-402b-9ff5-bc4823e9f112,2025-09-13,2025-10-13,447.88,26.88,474.76,Issued,SampleGen
INV-fcc1029f-7e6a-4986-bedc-c66b4f08d001,ID207392,CID-422,fcc1029f-7e6a-4986-bedc-c66b4f08d001,2025-10-07,2025-11-06,1635.88,98.16,1734.04,Issued,SampleGen
INV-e8352f68-7558-444d-9f2b-6d36751652bb,ID207393,CID-422,e8352f68-7558-444d-9f2b-6d36751652bb,2025-11-12,2025-12-12,751.84,45.12,796.96,Issued,SampleGen
INV-5a5285fd-47e9-404e-8e22-2729d55fcabb,ID207394,CID-422,5a5285fd-47e9-404e-8e22-2729d55fcabb,2025-12-06,2026-01-05,2831.84,169.92,3001.76,Issued,SampleGen
INV-20c26a31-03ab-4f68-ba7f-0fb87511046a,ID207395,CID-422,20c26a31-03ab-4f68-ba7f-0fb87511046a,2025-12-28,2026-01-27,1911.82,114.72,2026.54,Issued,SampleGen
INV-3843544d-d16f-46fb-8f3f-3aeca08d274b,ID207396,CID-422,3843544d-d16f-46fb-8f3f-3aeca08d274b,2026-01-06,2026-02-05,701.82,42.12,743.94,Issued,SampleGen
INV-2e6bb476-d4f6-4b41-9b04-68617ab2e4ed,ID207397,CID-422,2e6bb476-d4f6-4b41-9b04-68617ab2e4ed,2026-01-17,2026-02-16,535.88,32.16,568.04,Issued,SampleGen
INV-436ab3ad-16aa-4bca-ad8e-caa9b8d6ee07,ID207398,CID-422,436ab3ad-16aa-4bca-ad8e-caa9b8d6ee07,2026-02-25,2026-03-27,1043.8,62.64,1106.44,Issued,SampleGen
INV-338b4f2c-ca72-4669-a5a5-634992bc9590,ID207399,CID-422,338b4f2c-ca72-4669-a5a5-634992bc9590,2026-02-20,2026-03-22,3601.82,216.12,3817.94,Issued,SampleGen
INV-d51052aa-c046-4edb-84a3-ae0bce7437bf,ID207400,CID-422,d51052aa-c046-4edb-84a3-ae0bce7437bf,2026-03-02,2026-04-01,4455.74,267.36,4723.1,Issued,SampleGen
INV-b3cba37e-6fc8-4c2c-b548-95e37a507679,ID207401,CID-422,b3cba37e-6fc8-4c2c-b548-95e37a507679,2026-03-15,2026-04-14,1079.88,64.8,1144.68,Issued,SampleGen
INV-e570154b-255a-431e-8e2d-87574890e37d,ID207402,CID-422,e570154b-255a-431e-8e2d-87574890e37d,2026-04-14,2026-05-14,357.9,21.48,379.38,Issued,SampleGen
INV-957c0343-9a4b-4e41-bab6-e0cfbdc7fff6,ID207403,CID-422,957c0343-9a4b-4e41-bab6-e0cfbdc7fff6,2026-04-24,2026-05-24,3503.78,210.24,3714.02,Issued,SampleGen
INV-8d1875ee-42ff-457d-af04-3aff54127cef,ID207404,CID-423,8d1875ee-42ff-457d-af04-3aff54127cef,2025-02-23,2025-03-25,3407.92,204.48,3612.4,Issued,SampleGen
INV-e52d5742-b489-42fb-9184-e13de907acf8,ID207405,CID-423,e52d5742-b489-42fb-9184-e13de907acf8,2025-03-18,2025-04-17,3485.86,209.16,3695.02,Issued,SampleGen
INV-f00158b0-3c92-4b93-9801-8fd475b3cff2,ID207406,CID-423,f00158b0-3c92-4b93-9801-8fd475b3cff2,2025-05-13,2025-06-12,679.88,40.8,720.68,Issued,SampleGen
INV-62af9e19-a9ee-474c-a335-f7b718ee96e2,ID207407,CID-423,62af9e19-a9ee-474c-a335-f7b718ee96e2,2025-06-28,2025-07-28,3059.76,183.6,3243.36,Issued,SampleGen
INV-ca97ccaa-851d-41a2-96e7-cd5a011f182d,ID207408,CID-423,ca97ccaa-851d-41a2-96e7-cd5a011f182d,2025-07-13,2025-08-12,7183.76,431.04,7614.8,Issued,SampleGen
INV-3aa7e4bc-ddea-4cb3-82da-0c684d431d9c,ID207409,CID-423,3aa7e4bc-ddea-4cb3-82da-0c684d431d9c,2025-08-17,2025-09-16,643.88,38.64,682.52,Issued,SampleGen
INV-1ba51934-eaa4-4ca0-8c25-2b6df157ac78,ID207410,CID-423,1ba51934-eaa4-4ca0-8c25-2b6df157ac78,2025-10-15,2025-11-14,1283.86,77.04,1360.9,Issued,SampleGen
INV-5e592017-df09-49ec-932a-b086e5fd8fec,ID207411,CID-423,5e592017-df09-49ec-932a-b086e5fd8fec,2025-11-05,2025-12-05,1379.86,82.8,1462.66,Issued,SampleGen
INV-46822094-cba2-4e64-9fb8-be84064b96ea,ID207412,CID-423,46822094-cba2-4e64-9fb8-be84064b96ea,2026-01-31,2026-03-02,2843.9,170.64,3014.54,Issued,SampleGen
INV-2f45ee30-e193-48f6-8ae2-c9c05df15b49,ID207413,CID-423,2f45ee30-e193-48f6-8ae2-c9c05df15b49,2026-02-03,2026-03-05,4547.86,272.88,4820.74,Issued,SampleGen
INV-46334d98-2c79-48ab-bb42-957cfc9dc7d2,ID207414,CID-423,46334d98-2c79-48ab-bb42-957cfc9dc7d2,2026-03-08,2026-04-07,1443.82,86.64,1530.46,Issued,SampleGen
INV-8caf03a1-1d60-4932-9a32-f3f8e52d7f6a,ID207415,CID-423,8caf03a1-1d60-4932-9a32-f3f8e52d7f6a,2026-04-14,2026-05-14,879.82,52.8,932.62,Issued,SampleGen
INV-18a40b97-5b55-4e4f-89c9-f8e4f87a0741,ID207416,CID-424,18a40b97-5b55-4e4f-89c9-f8e4f87a0741,2025-05-30,2025-06-29,445.86,26.76,472.62,Issued,SampleGen
INV-0917d110-49b9-4c58-9573-434e8517ff8d,ID207417,CID-424,0917d110-49b9-4c58-9573-434e8517ff8d,2025-07-20,2025-08-19,1843.82,110.64,1954.46,Issued,SampleGen
INV-9c353c34-5dff-4f4b-a7e2-2f16e762ca82,ID207418,CID-424,9c353c34-5dff-4f4b-a7e2-2f16e762ca82,2025-08-04,2025-09-03,1955.82,117.36,2073.18,Issued,SampleGen
INV-ee2172c1-0de0-4227-b600-fa73d55d215a,ID207419,CID-424,ee2172c1-0de0-4227-b600-fa73d55d215a,2025-09-17,2025-10-17,3355.74,201.36,3557.1,Issued,SampleGen
INV-375846e3-6d40-41e3-a6ed-dd2c37b44b16,ID207420,CID-424,375846e3-6d40-41e3-a6ed-dd2c37b44b16,2025-10-05,2025-11-04,1247.8,74.88,1322.68,Issued,SampleGen
INV-5d029c58-9ad6-47f1-b8a4-1e3ddbd870a2,ID207421,CID-424,5d029c58-9ad6-47f1-b8a4-1e3ddbd870a2,2026-03-18,2026-04-17,5651.82,339.12,5990.94,Issued,SampleGen
INV-1c90c375-4510-465a-b2d6-855af125c735,ID207422,CID-424,1c90c375-4510-465a-b2d6-855af125c735,2026-04-15,2026-05-15,3055.74,183.36,3239.1,Issued,SampleGen
INV-fe2797e0-25ad-4ae4-8383-68ad44d6b9a8,ID207423,CID-425,fe2797e0-25ad-4ae4-8383-68ad44d6b9a8,2025-01-17,2025-02-16,1933.8,116.04,2049.84,Issued,SampleGen
INV-1af2221f-bad9-4b88-a729-f2c260893005,ID207424,CID-425,1af2221f-bad9-4b88-a729-f2c260893005,2025-02-09,2025-03-11,291.92,17.52,309.44,Issued,SampleGen
INV-7deddea3-ca27-4859-983e-7901e7dada2a,ID207425,CID-425,7deddea3-ca27-4859-983e-7901e7dada2a,2025-03-11,2025-04-10,3867.74,232.08,4099.82,Issued,SampleGen
INV-c2231d21-341d-4643-a47e-32138abc4cd6,ID207426,CID-425,c2231d21-341d-4643-a47e-32138abc4cd6,2025-04-13,2025-05-13,4097.74,245.88,4343.62,Issued,SampleGen
INV-9a783271-1952-4c82-9076-600d8eafb46c,ID207427,CID-425,9a783271-1952-4c82-9076-600d8eafb46c,2025-05-07,2025-06-06,1913.9,114.84,2028.74,Issued,SampleGen
INV-91c49314-ffdb-4e5b-8e4c-3b147ece9e26,ID207428,CID-425,91c49314-ffdb-4e5b-8e4c-3b147ece9e26,2025-06-10,2025-07-10,607.86,36.48,644.34,Issued,SampleGen
INV-aaff9cec-9545-4d83-8bfc-c91152bf268c,ID207429,CID-425,aaff9cec-9545-4d83-8bfc-c91152bf268c,2025-07-21,2025-08-20,2943.86,176.64,3120.5,Issued,SampleGen
INV-a80cfedf-e616-4998-98d4-b2addefe88ea,ID207430,CID-425,a80cfedf-e616-4998-98d4-b2addefe88ea,2025-08-29,2025-09-28,3767.72,226.08,3993.8,Issued,SampleGen
INV-a3fc616f-ff90-43c8-b4b5-9f072d6c122c,ID207431,CID-425,a3fc616f-ff90-43c8-b4b5-9f072d6c122c,2025-08-30,2025-09-29,3567.88,214.08,3781.96,Issued,SampleGen
INV-2c003eb2-0879-44a9-ab48-c67caa497aa7,ID207432,CID-425,2c003eb2-0879-44a9-ab48-c67caa497aa7,2025-09-18,2025-10-18,4627.74,277.68,4905.42,Issued,SampleGen
INV-66b24dce-9ffb-4a93-bb9e-ffde84c3f9c2,ID207433,CID-425,66b24dce-9ffb-4a93-bb9e-ffde84c3f9c2,2025-09-30,2025-10-30,1959.76,117.6,2077.36,Issued,SampleGen
INV-2050b671-09f4-468e-97da-d7193b1bdab1,ID207434,CID-425,2050b671-09f4-468e-97da-d7193b1bdab1,2025-10-12,2025-11-11,1183.86,71.04,1254.9,Issued,SampleGen
INV-188202fc-0bd7-46bf-81c4-b966537ecc71,ID207435,CID-425,188202fc-0bd7-46bf-81c4-b966537ecc71,2025-10-21,2025-11-20,543.92,32.64,576.56,Issued,SampleGen
INV-301cb5cd-1e33-47b2-952e-e4339d9fbbf9,ID207436,CID-425,301cb5cd-1e33-47b2-952e-e4339d9fbbf9,2025-11-14,2025-12-14,1135.78,68.16,1203.94,Issued,SampleGen
INV-b826e1b6-7d4e-4754-8fe2-45fb0710a038,ID207437,CID-425,b826e1b6-7d4e-4754-8fe2-45fb0710a038,2026-01-01,2026-01-31,4017.72,241.08,4258.8,Issued,SampleGen
INV-1ef2c8c4-a0b0-43a3-bbd3-28e283ebe876,ID207438,CID-425,1ef2c8c4-a0b0-43a3-bbd3-28e283ebe876,2025-12-04,2026-01-03,1835.84,110.16,1946.0,Issued,SampleGen
INV-70fe3489-f3fe-4939-949a-6c4c79c69650,ID207439,CID-425,70fe3489-f3fe-4939-949a-6c4c79c69650,2026-01-12,2026-02-11,567.9,34.08,601.98,Issued,SampleGen
INV-5ae6e2d0-97a7-4135-a738-d29fc8fdda9f,ID207440,CID-425,5ae6e2d0-97a7-4135-a738-d29fc8fdda9f,2026-01-11,2026-02-10,3695.88,221.76,3917.64,Issued,SampleGen
INV-1ad25f00-1338-4cc8-99a4-bf92072c33a7,ID207441,CID-425,1ad25f00-1338-4cc8-99a4-bf92072c33a7,2026-02-06,2026-03-08,3695.88,221.76,3917.64,Issued,SampleGen
INV-02ee5d65-590a-4641-8e1e-1632554bd3f3,ID207442,CID-425,02ee5d65-590a-4641-8e1e-1632554bd3f3,2026-02-19,2026-03-21,3567.78,214.08,3781.86,Issued,SampleGen
INV-62d779a8-d1ce-4a24-9225-827f70f0a571,ID207443,CID-425,62d779a8-d1ce-4a24-9225-827f70f0a571,2026-03-03,2026-04-02,7107.76,426.48,7534.24,Issued,SampleGen
INV-b37b1e0d-b633-48a1-8ef9-4d21f7bd5cab,ID207444,CID-425,b37b1e0d-b633-48a1-8ef9-4d21f7bd5cab,2026-03-16,2026-04-15,723.9,43.44,767.34,Issued,SampleGen
INV-56ba7787-21cd-44aa-84e4-8ac9c4d199b9,ID207445,CID-425,56ba7787-21cd-44aa-84e4-8ac9c4d199b9,2026-04-11,2026-05-11,4879.76,292.8,5172.56,Issued,SampleGen
INV-572c4962-30ad-4a66-b6eb-1d916beacb81,ID207446,CID-425,572c4962-30ad-4a66-b6eb-1d916beacb81,2026-04-25,2026-05-25,6467.74,388.08,6855.82,Issued,SampleGen
INV-b5c29e17-ab20-45b3-b74d-4a86b26864a3,ID207447,CID-426,b5c29e17-ab20-45b3-b74d-4a86b26864a3,2025-04-28,2025-05-28,1507.86,90.48,1598.34,Issued,SampleGen
INV-91095a11-a090-40fe-8b3c-e4205fd9ccce,ID207448,CID-426,91095a11-a090-40fe-8b3c-e4205fd9ccce,2025-06-05,2025-07-05,887.8,53.28,941.08,Issued,SampleGen
INV-78fe8b63-76fb-4877-99ea-b7c4394fcaf7,ID207449,CID-426,78fe8b63-76fb-4877-99ea-b7c4394fcaf7,2025-08-16,2025-09-15,3951.84,237.12,4188.96,Issued,SampleGen
INV-04ee5c9e-c6ef-45ea-8cc2-5f4438370cd6,ID207450,CID-426,04ee5c9e-c6ef-45ea-8cc2-5f4438370cd6,2026-03-19,2026-04-18,959.86,57.6,1017.46,Issued,SampleGen
INV-1301c555-e15a-439a-858c-3455842ce5ab,ID207451,CID-427,1301c555-e15a-439a-858c-3455842ce5ab,2025-03-25,2025-04-24,2479.84,148.8,2628.64,Issued,SampleGen
INV-4adacd28-481a-426b-acf8-c007a892ba88,ID207452,CID-427,4adacd28-481a-426b-acf8-c007a892ba88,2025-07-18,2025-08-17,771.8,46.32,818.12,Issued,SampleGen
INV-a46c6a8e-e31b-4f9b-b83f-03e76de70b8e,ID207453,CID-427,a46c6a8e-e31b-4f9b-b83f-03e76de70b8e,2025-08-10,2025-09-09,1179.76,70.8,1250.56,Issued,SampleGen
INV-ec795e52-6792-4ab9-8684-dc073c2887dc,ID207454,CID-427,ec795e52-6792-4ab9-8684-dc073c2887dc,2025-10-01,2025-10-31,1847.78,110.88,1958.66,Issued,SampleGen
INV-07cf5951-4ea2-4d85-83d6-cced1739d2aa,ID207455,CID-427,07cf5951-4ea2-4d85-83d6-cced1739d2aa,2025-11-01,2025-12-01,2177.82,130.68,2308.5,Issued,SampleGen
INV-9648b9f1-827a-4e84-bb41-0356299aee0e,ID207456,CID-427,9648b9f1-827a-4e84-bb41-0356299aee0e,2025-11-30,2025-12-30,1841.76,110.52,1952.28,Issued,SampleGen
INV-6791a891-12b8-4069-926c-01d278735bf9,ID207457,CID-427,6791a891-12b8-4069-926c-01d278735bf9,2025-12-15,2026-01-14,2659.86,159.6,2819.46,Issued,SampleGen
INV-bcfd0591-1464-4441-bd9b-ab93f02b19f9,ID207458,CID-427,bcfd0591-1464-4441-bd9b-ab93f02b19f9,2026-01-14,2026-02-13,3013.74,180.84,3194.58,Issued,SampleGen
INV-2e70b55e-3713-4f0d-aef4-76822402a493,ID207459,CID-427,2e70b55e-3713-4f0d-aef4-76822402a493,2026-02-12,2026-03-14,1867.82,112.08,1979.9,Issued,SampleGen
INV-62dc601f-83f1-4eb9-8ef5-f8378522e154,ID207460,CID-427,62dc601f-83f1-4eb9-8ef5-f8378522e154,2026-03-28,2026-04-27,543.84,32.64,576.48,Issued,SampleGen
INV-069fc22d-1943-4465-905e-b61112fa86be,ID207461,CID-427,069fc22d-1943-4465-905e-b61112fa86be,2026-04-03,2026-05-03,1373.88,82.44,1456.32,Issued,SampleGen
INV-25561b96-ba52-4ea7-bf51-d66514e56c1d,ID207462,CID-428,25561b96-ba52-4ea7-bf51-d66514e56c1d,2025-02-24,2025-03-26,867.72,52.08,919.8,Issued,SampleGen
INV-7ef9c5e9-6824-4ff4-bf4b-e97741370232,ID207463,CID-428,7ef9c5e9-6824-4ff4-bf4b-e97741370232,2025-03-06,2025-04-05,959.86,57.6,1017.46,Issued,SampleGen
INV-ce45dfee-5c01-4408-bda9-1559a53fdf3a,ID207464,CID-428,ce45dfee-5c01-4408-bda9-1559a53fdf3a,2025-05-23,2025-06-22,879.84,52.8,932.64,Issued,SampleGen
INV-8c245156-0edf-4e87-889c-d30c3d715ddd,ID207465,CID-428,8c245156-0edf-4e87-889c-d30c3d715ddd,2025-06-19,2025-07-19,879.88,52.8,932.68,Issued,SampleGen
INV-644d024a-4b28-40fc-a7ad-8adcec273ebd,ID207466,CID-428,644d024a-4b28-40fc-a7ad-8adcec273ebd,2025-07-09,2025-08-08,1795.86,107.76,1903.62,Issued,SampleGen
INV-b9f2c1b1-5058-4ffc-b0bf-449f04805bd4,ID207467,CID-428,b9f2c1b1-5058-4ffc-b0bf-449f04805bd4,2025-08-26,2025-09-25,367.92,22.08,390.0,Issued,SampleGen
INV-7b749fc3-6423-412b-80a7-c8b02a130008,ID207468,CID-428,7b749fc3-6423-412b-80a7-c8b02a130008,2025-09-28,2025-10-28,2147.82,128.88,2276.7,Issued,SampleGen
INV-fb6b53ff-884c-46bc-bd12-4aa5e6707b65,ID207469,CID-428,fb6b53ff-884c-46bc-bd12-4aa5e6707b65,2025-10-14,2025-11-13,3711.82,222.72,3934.54,Issued,SampleGen
INV-480d4582-d269-4353-b270-b47ba291dbc5,ID207470,CID-428,480d4582-d269-4353-b270-b47ba291dbc5,2025-10-08,2025-11-07,2709.74,162.6,2872.34,Issued,SampleGen
INV-f4c325f8-835c-41b5-9b33-02dd0d31a185,ID207471,CID-428,f4c325f8-835c-41b5-9b33-02dd0d31a185,2025-11-24,2025-12-24,2111.86,126.72,2238.58,Issued,SampleGen
INV-afb9087f-b72f-4225-8b54-cae63485521c,ID207472,CID-428,afb9087f-b72f-4225-8b54-cae63485521c,2025-12-24,2026-01-23,1229.86,73.8,1303.66,Issued,SampleGen
INV-883e863f-524f-4adb-9267-a05666902d2d,ID207473,CID-428,883e863f-524f-4adb-9267-a05666902d2d,2026-01-06,2026-02-05,1507.86,90.48,1598.34,Issued,SampleGen
INV-2e938541-4a4f-4f9a-b074-6cae50bab362,ID207474,CID-428,2e938541-4a4f-4f9a-b074-6cae50bab362,2026-01-28,2026-02-27,2915.82,174.96,3090.78,Issued,SampleGen
INV-c4a468ee-1b7c-4d34-8dbb-b176e7ecb74e,ID207475,CID-428,c4a468ee-1b7c-4d34-8dbb-b176e7ecb74e,2026-02-25,2026-03-27,2189.8,131.4,2321.2,Issued,SampleGen
INV-00c5df9b-506a-4bb2-96f3-5603dcc23321,ID207476,CID-428,00c5df9b-506a-4bb2-96f3-5603dcc23321,2026-02-24,2026-03-26,1575.8,94.56,1670.36,Issued,SampleGen
INV-6f260a4d-bfd7-4a1a-a054-855fd7eebcf3,ID207477,CID-428,6f260a4d-bfd7-4a1a-a054-855fd7eebcf3,2026-03-06,2026-04-05,1371.86,82.32,1454.18,Issued,SampleGen
INV-87136581-ceb2-47d0-b17c-14960f684256,ID207478,CID-428,87136581-ceb2-47d0-b17c-14960f684256,2026-04-07,2026-05-07,2051.78,123.12,2174.9,Issued,SampleGen
INV-94cbc847-21ee-4975-a357-5d924ba17b59,ID207479,CID-429,94cbc847-21ee-4975-a357-5d924ba17b59,2025-02-28,2025-03-30,5395.8,323.76,5719.56,Issued,SampleGen
INV-c0a3f32f-217e-4c1d-a5de-d3946ba5d1d9,ID207480,CID-429,c0a3f32f-217e-4c1d-a5de-d3946ba5d1d9,2025-03-23,2025-04-22,1967.88,118.08,2085.96,Issued,SampleGen
INV-5ad6740e-22e0-46da-a90b-6d8380436887,ID207481,CID-429,5ad6740e-22e0-46da-a90b-6d8380436887,2025-04-08,2025-05-08,2527.8,151.68,2679.48,Issued,SampleGen
INV-b9370bf2-687d-4ff1-8925-21aaed63f458,ID207482,CID-429,b9370bf2-687d-4ff1-8925-21aaed63f458,2025-05-19,2025-06-18,5971.76,358.32,6330.08,Issued,SampleGen
INV-a10780ce-9f76-4f69-ad69-69c727f8c924,ID207483,CID-429,a10780ce-9f76-4f69-ad69-69c727f8c924,2025-06-28,2025-07-28,1845.78,110.76,1956.54,Issued,SampleGen
INV-3bbecc57-4a8b-4b1a-9e26-3235f5559740,ID207484,CID-429,3bbecc57-4a8b-4b1a-9e26-3235f5559740,2025-07-23,2025-08-22,659.84,39.6,699.44,Issued,SampleGen
INV-ddb18be6-fc03-40eb-b1a1-15249ebc60df,ID207485,CID-429,ddb18be6-fc03-40eb-b1a1-15249ebc60df,2025-08-11,2025-09-10,2397.82,143.88,2541.7,Issued,SampleGen
INV-cc248909-d58c-4540-93a0-74340c3ca6e4,ID207486,CID-429,cc248909-d58c-4540-93a0-74340c3ca6e4,2025-09-07,2025-10-07,1119.92,67.2,1187.12,Issued,SampleGen
INV-e3874907-5450-4ee0-ab32-9172a780532b,ID207487,CID-429,e3874907-5450-4ee0-ab32-9172a780532b,2025-10-02,2025-11-01,3881.8,232.92,4114.72,Issued,SampleGen
INV-0e9a79d7-ab0a-40e5-aa48-5c5edbe67cd5,ID207488,CID-429,0e9a79d7-ab0a-40e5-aa48-5c5edbe67cd5,2025-11-28,2025-12-28,251.88,15.12,267.0,Issued,SampleGen
INV-b689d806-3d20-48d9-bdbc-3f97c8b86a72,ID207489,CID-429,b689d806-3d20-48d9-bdbc-3f97c8b86a72,2025-12-10,2026-01-09,4063.82,243.84,4307.66,Issued,SampleGen
INV-486c2912-6d69-46ef-bbc3-4c50721f3090,ID207490,CID-429,486c2912-6d69-46ef-bbc3-4c50721f3090,2026-01-17,2026-02-16,829.84,49.8,879.64,Issued,SampleGen
INV-12777bb6-ced7-4e95-9c43-4a3583939aa0,ID207491,CID-429,12777bb6-ced7-4e95-9c43-4a3583939aa0,2026-02-01,2026-03-03,4317.82,259.08,4576.9,Issued,SampleGen
INV-0e6cfde0-1622-4866-92bd-fec9d5375e5e,ID207492,CID-429,0e6cfde0-1622-4866-92bd-fec9d5375e5e,2026-02-21,2026-03-23,3095.88,185.76,3281.64,Issued,SampleGen
INV-106b3c93-624e-4d83-81a5-fc1e3f780d86,ID207493,CID-429,106b3c93-624e-4d83-81a5-fc1e3f780d86,2026-03-16,2026-04-15,923.8,55.44,979.24,Issued,SampleGen
INV-70fb86e5-7995-4dfd-b4a7-8cf90cca1802,ID207494,CID-429,70fb86e5-7995-4dfd-b4a7-8cf90cca1802,2026-04-02,2026-05-02,1863.92,111.84,1975.76,Issued,SampleGen
INV-d9ea3ee4-c623-4806-90fe-407371c4add2,ID207495,CID-430,d9ea3ee4-c623-4806-90fe-407371c4add2,2025-01-25,2025-02-24,2595.7,155.76,2751.46,Issued,SampleGen
INV-871edf08-c1a0-4b5d-b137-fd5cf6b08aea,ID207496,CID-430,871edf08-c1a0-4b5d-b137-fd5cf6b08aea,2025-02-19,2025-03-21,4055.84,243.36,4299.2,Issued,SampleGen
INV-d2e84a9f-19b1-4343-aa8d-74cdb266653d,ID207497,CID-430,d2e84a9f-19b1-4343-aa8d-74cdb266653d,2025-03-17,2025-04-16,919.92,55.2,975.12,Issued,SampleGen
INV-333b63e8-1f5b-4858-87ae-015648a5d8a9,ID207498,CID-430,333b63e8-1f5b-4858-87ae-015648a5d8a9,2025-04-08,2025-05-08,703.88,42.24,746.12,Issued,SampleGen
INV-abeb9d60-070e-49de-8b4b-308ddf679d6c,ID207499,CID-430,abeb9d60-070e-49de-8b4b-308ddf679d6c,2025-05-14,2025-06-13,2583.8,155.04,2738.84,Issued,SampleGen
INV-44eb7769-38f6-48fc-9225-1ead82149285,ID207500,CID-430,44eb7769-38f6-48fc-9225-1ead82149285,2025-06-27,2025-07-27,2023.88,121.44,2145.32,Issued,SampleGen
INV-bf76fc3b-3c7c-46fb-9a51-bc34b40bcf4a,ID207501,CID-430,bf76fc3b-3c7c-46fb-9a51-bc34b40bcf4a,2025-07-17,2025-08-16,3671.84,220.32,3892.16,Issued,SampleGen
INV-5a647a98-fe00-4ae7-b9bc-6b1a6355f3df,ID207502,CID-430,5a647a98-fe00-4ae7-b9bc-6b1a6355f3df,2025-08-24,2025-09-23,6583.78,395.04,6978.82,Issued,SampleGen
INV-c84999e7-5a01-4d79-98b3-5a6197112f12,ID207503,CID-430,c84999e7-5a01-4d79-98b3-5a6197112f12,2025-08-12,2025-09-11,1699.88,102.0,1801.88,Issued,SampleGen
INV-f883d9a2-3406-46c1-83fd-36a993cf166d,ID207504,CID-430,f883d9a2-3406-46c1-83fd-36a993cf166d,2025-09-21,2025-10-21,3041.8,182.52,3224.32,Issued,SampleGen
INV-d51163a5-1862-43b2-9d26-cb2f5b877a7e,ID207505,CID-430,d51163a5-1862-43b2-9d26-cb2f5b877a7e,2025-10-06,2025-11-05,2141.82,128.52,2270.34,Issued,SampleGen
INV-4e3403c2-402b-479e-a842-c996b1ffa862,ID207506,CID-430,4e3403c2-402b-479e-a842-c996b1ffa862,2025-11-22,2025-12-22,353.88,21.24,375.12,Issued,SampleGen
INV-6b4e4e39-a355-46ad-9094-e6e87ca6ebd9,ID207507,CID-430,6b4e4e39-a355-46ad-9094-e6e87ca6ebd9,2025-12-20,2026-01-19,3189.78,191.4,3381.18,Issued,SampleGen
INV-384733cc-c741-4bef-8afa-57d9ad9ddb42,ID207508,CID-430,384733cc-c741-4bef-8afa-57d9ad9ddb42,2026-01-19,2026-02-18,931.84,55.92,987.76,Issued,SampleGen
INV-2ead2ed2-be53-4b1b-8e3b-4cfe40374095,ID207509,CID-430,2ead2ed2-be53-4b1b-8e3b-4cfe40374095,2026-02-16,2026-03-18,1319.88,79.2,1399.08,Issued,SampleGen
INV-4fc96794-07eb-4903-bb79-7cff3322bb48,ID207510,CID-430,4fc96794-07eb-4903-bb79-7cff3322bb48,2026-03-01,2026-03-31,4395.78,263.76,4659.54,Issued,SampleGen
INV-36aa7d09-92b9-4ffe-ab69-227ce9de432c,ID207511,CID-430,36aa7d09-92b9-4ffe-ab69-227ce9de432c,2026-03-25,2026-04-24,2453.78,147.24,2601.02,Issued,SampleGen
INV-456e8a4d-674e-4041-95d4-3961cc3662b7,ID207512,CID-430,456e8a4d-674e-4041-95d4-3961cc3662b7,2026-04-30,2026-05-30,853.82,51.24,905.06,Issued,SampleGen
INV-02dabbff-739c-4591-be19-d93deafe715f,ID207513,CID-430,02dabbff-739c-4591-be19-d93deafe715f,2026-04-25,2026-05-25,1261.8,75.72,1337.52,Issued,SampleGen
INV-46d54806-7251-4235-ba8a-9fff0afca9cf,ID207514,CID-431,46d54806-7251-4235-ba8a-9fff0afca9cf,2025-02-06,2025-03-08,4155.86,249.36,4405.22,Issued,SampleGen
INV-3f608d02-f86d-461b-83c0-b9de59c394ef,ID207515,CID-431,3f608d02-f86d-461b-83c0-b9de59c394ef,2025-04-28,2025-05-28,767.9,46.08,813.98,Issued,SampleGen
INV-4382ee15-b29b-4349-adb3-a33b0d130ce2,ID207516,CID-431,4382ee15-b29b-4349-adb3-a33b0d130ce2,2025-05-10,2025-06-09,541.86,32.52,574.38,Issued,SampleGen
INV-1f9a4980-8e93-4da3-9f53-1a0aaa7c4c4e,ID207517,CID-431,1f9a4980-8e93-4da3-9f53-1a0aaa7c4c4e,2025-06-17,2025-07-17,797.86,47.88,845.74,Issued,SampleGen
INV-eb1e6759-1bc7-4f4c-9685-bb3aefef95a7,ID207518,CID-431,eb1e6759-1bc7-4f4c-9685-bb3aefef95a7,2025-07-10,2025-08-09,699.78,42.0,741.78,Issued,SampleGen
INV-6e472a92-826a-44ac-9d5b-9f62b8399919,ID207519,CID-431,6e472a92-826a-44ac-9d5b-9f62b8399919,2025-08-15,2025-09-14,1005.78,60.36,1066.14,Issued,SampleGen
INV-f3dc9987-edd4-4be3-874b-020566e8613e,ID207520,CID-431,f3dc9987-edd4-4be3-874b-020566e8613e,2025-09-26,2025-10-26,461.82,27.72,489.54,Issued,SampleGen
INV-e3b9d434-bbbe-43cf-930d-e976a112f564,ID207521,CID-431,e3b9d434-bbbe-43cf-930d-e976a112f564,2025-10-21,2025-11-20,247.92,14.88,262.8,Issued,SampleGen
INV-780f3d3b-2869-47c5-9b79-c8d606c4159a,ID207522,CID-431,780f3d3b-2869-47c5-9b79-c8d606c4159a,2025-10-07,2025-11-06,3279.84,196.8,3476.64,Issued,SampleGen
INV-641e0843-6436-4e00-af0a-1b48ba90263c,ID207523,CID-431,641e0843-6436-4e00-af0a-1b48ba90263c,2025-11-14,2025-12-14,939.8,56.4,996.2,Issued,SampleGen
INV-d521f391-3940-40f6-9c41-47f00b8783bb,ID207524,CID-431,d521f391-3940-40f6-9c41-47f00b8783bb,2025-12-19,2026-01-18,951.86,57.12,1008.98,Issued,SampleGen
INV-8e9c9ab0-b5c7-4751-b4bb-24f411a23a6f,ID207525,CID-431,8e9c9ab0-b5c7-4751-b4bb-24f411a23a6f,2026-01-30,2026-03-01,819.86,49.2,869.06,Issued,SampleGen
INV-40c9e168-3dc7-4e9e-b9fc-6976de9be588,ID207526,CID-431,40c9e168-3dc7-4e9e-b9fc-6976de9be588,2026-02-23,2026-03-25,2607.84,156.48,2764.32,Issued,SampleGen
INV-674b01a3-eac3-454d-ab2b-0702b7d8ec64,ID207527,CID-431,674b01a3-eac3-454d-ab2b-0702b7d8ec64,2026-02-13,2026-03-15,263.92,15.84,279.76,Issued,SampleGen
INV-18159fac-0152-4a37-bf0b-0fe2c7e7b263,ID207528,CID-431,18159fac-0152-4a37-bf0b-0fe2c7e7b263,2026-03-14,2026-04-13,513.84,30.84,544.68,Issued,SampleGen
INV-a76a6869-910f-46d6-a76f-a33d4c47cdae,ID207529,CID-431,a76a6869-910f-46d6-a76f-a33d4c47cdae,2026-04-01,2026-05-01,795.78,47.76,843.54,Issued,SampleGen
INV-e522eecb-ce56-4ab8-94ce-3274fe4237e9,ID207530,CID-431,e522eecb-ce56-4ab8-94ce-3274fe4237e9,2026-04-14,2026-05-14,2463.92,147.84,2611.76,Issued,SampleGen
INV-1cc49413-4d2c-478d-b994-d0b6b1878390,ID207531,CID-432,1cc49413-4d2c-478d-b994-d0b6b1878390,2025-01-31,2025-03-02,471.86,28.32,500.18,Issued,SampleGen
INV-072e7851-dd6c-4afa-b609-6edf33302e64,ID207532,CID-432,072e7851-dd6c-4afa-b609-6edf33302e64,2025-02-06,2025-03-08,3557.7,213.48,3771.18,Issued,SampleGen
INV-c8b4c401-1816-47b2-b8c7-f13973079954,ID207533,CID-432,c8b4c401-1816-47b2-b8c7-f13973079954,2025-03-06,2025-04-05,1499.78,90.0,1589.78,Issued,SampleGen
INV-ce29c17a-4e7e-42d8-9e79-f8dfea06119c,ID207534,CID-432,ce29c17a-4e7e-42d8-9e79-f8dfea06119c,2025-04-04,2025-05-04,1643.8,98.64,1742.44,Issued,SampleGen
INV-e572b59b-2468-4d03-bc9a-f398971ad9a8,ID207535,CID-432,e572b59b-2468-4d03-bc9a-f398971ad9a8,2025-05-06,2025-06-05,541.86,32.52,574.38,Issued,SampleGen
INV-f5493f61-c6e1-43da-82ca-600c594a1596,ID207536,CID-432,f5493f61-c6e1-43da-82ca-600c594a1596,2025-06-27,2025-07-27,675.84,40.56,716.4,Issued,SampleGen
INV-a7aadd4c-58a4-41f3-adab-5b41e9bba3ce,ID207537,CID-432,a7aadd4c-58a4-41f3-adab-5b41e9bba3ce,2025-07-13,2025-08-12,1637.76,98.28,1736.04,Issued,SampleGen
INV-b07e8b57-8252-4572-b84e-a0902d9b2658,ID207538,CID-432,b07e8b57-8252-4572-b84e-a0902d9b2658,2025-08-22,2025-09-21,3541.74,212.52,3754.26,Issued,SampleGen
INV-adfbb025-78fe-4475-8b7c-859c3dd91ee3,ID207539,CID-432,adfbb025-78fe-4475-8b7c-859c3dd91ee3,2025-09-21,2025-10-21,291.9,17.52,309.42,Issued,SampleGen
INV-ac43437a-08c2-4844-86d9-10da825b8f60,ID207540,CID-432,ac43437a-08c2-4844-86d9-10da825b8f60,2025-10-17,2025-11-16,753.78,45.24,799.02,Issued,SampleGen
INV-1feeae4a-f9f8-4d2c-bc33-ca9b15f3a7fb,ID207541,CID-432,1feeae4a-f9f8-4d2c-bc33-ca9b15f3a7fb,2025-10-26,2025-11-25,699.9,42.0,741.9,Issued,SampleGen
INV-120843b2-06a3-4685-bebc-2a7128982b23,ID207542,CID-432,120843b2-06a3-4685-bebc-2a7128982b23,2025-11-27,2025-12-27,4149.78,249.0,4398.78,Issued,SampleGen
INV-f2bb2ac0-41ee-42b8-a927-531193a5e908,ID207543,CID-432,f2bb2ac0-41ee-42b8-a927-531193a5e908,2025-11-20,2025-12-20,4179.78,250.8,4430.58,Issued,SampleGen
INV-ee75a141-1257-4a92-be36-ab48805e159b,ID207544,CID-432,ee75a141-1257-4a92-be36-ab48805e159b,2025-12-04,2026-01-03,1199.82,72.0,1271.82,Issued,SampleGen
INV-a6908862-bc37-456c-8237-9ffc75500dee,ID207545,CID-432,a6908862-bc37-456c-8237-9ffc75500dee,2026-01-13,2026-02-12,1321.8,79.32,1401.12,Issued,SampleGen
INV-7153b831-c251-4ce9-8b48-cc284de982ec,ID207546,CID-432,7153b831-c251-4ce9-8b48-cc284de982ec,2026-02-08,2026-03-10,5139.74,308.4,5448.14,Issued,SampleGen
INV-d3ef2c1c-9df2-4451-b6e3-589646f729b6,ID207547,CID-432,d3ef2c1c-9df2-4451-b6e3-589646f729b6,2026-03-26,2026-04-25,1171.86,70.32,1242.18,Issued,SampleGen
INV-e3bc258b-69f2-4306-90a1-281cc9c28927,ID207548,CID-432,e3bc258b-69f2-4306-90a1-281cc9c28927,2026-03-18,2026-04-17,875.78,52.56,928.34,Issued,SampleGen
INV-0e2f8942-4613-43bb-85f9-5d2f2e81dd75,ID207549,CID-432,0e2f8942-4613-43bb-85f9-5d2f2e81dd75,2026-04-06,2026-05-06,263.92,15.84,279.76,Issued,SampleGen
INV-85b48a8b-ce61-4ec1-8d03-f135fb477300,ID207550,CID-432,85b48a8b-ce61-4ec1-8d03-f135fb477300,2026-04-14,2026-05-14,3599.78,216.0,3815.78,Issued,SampleGen
INV-83649675-fb7a-4380-8db1-ff99e3f76e7c,ID207551,CID-433,83649675-fb7a-4380-8db1-ff99e3f76e7c,2025-03-13,2025-04-12,4365.82,261.96,4627.78,Issued,SampleGen
INV-8bf5a3e2-9c4b-454f-89e0-4fe30d4308a0,ID207552,CID-433,8bf5a3e2-9c4b-454f-89e0-4fe30d4308a0,2025-04-10,2025-05-10,5155.72,309.36,5465.08,Issued,SampleGen
INV-a0eab585-072b-4b53-aa14-215a99ef5896,ID207553,CID-433,a0eab585-072b-4b53-aa14-215a99ef5896,2025-05-11,2025-06-10,891.76,53.52,945.28,Issued,SampleGen
INV-b42ec0da-161f-4d6d-aebb-b72267e07cb7,ID207554,CID-433,b42ec0da-161f-4d6d-aebb-b72267e07cb7,2025-08-10,2025-09-09,349.86,21.0,370.86,Issued,SampleGen
INV-3e4c3fed-be47-4709-a880-cb2bb8e705c3,ID207555,CID-433,3e4c3fed-be47-4709-a880-cb2bb8e705c3,2025-09-20,2025-10-20,1127.86,67.68,1195.54,Issued,SampleGen
INV-65e9eea8-f7f3-4c4b-aa8f-109495e3e07e,ID207556,CID-433,65e9eea8-f7f3-4c4b-aa8f-109495e3e07e,2025-12-17,2026-01-16,3223.88,193.44,3417.32,Issued,SampleGen
INV-12a1d6a7-f248-4503-95aa-0552720bf019,ID207557,CID-433,12a1d6a7-f248-4503-95aa-0552720bf019,2026-01-12,2026-02-11,1363.8,81.84,1445.64,Issued,SampleGen
INV-bbdd0d8b-65aa-4d22-8c6d-ba662057640d,ID207558,CID-433,bbdd0d8b-65aa-4d22-8c6d-ba662057640d,2026-02-10,2026-03-12,2043.74,122.64,2166.38,Issued,SampleGen
INV-21dba58d-4a9e-4aee-85cd-6764887451b8,ID207559,CID-433,21dba58d-4a9e-4aee-85cd-6764887451b8,2026-03-31,2026-04-30,1697.84,101.88,1799.72,Issued,SampleGen
INV-01d490cf-49ed-4dbf-98cd-123a24658a25,ID207560,CID-433,01d490cf-49ed-4dbf-98cd-123a24658a25,2026-04-16,2026-05-16,587.8,35.28,623.08,Issued,SampleGen
INV-cf04b959-6bcd-484f-9d39-d08ec465d4ac,ID207561,CID-434,cf04b959-6bcd-484f-9d39-d08ec465d4ac,2025-04-15,2025-05-15,1035.9,62.16,1098.06,Issued,SampleGen
INV-4ff45b54-b17d-41d8-a4d9-42b462a23010,ID207562,CID-434,4ff45b54-b17d-41d8-a4d9-42b462a23010,2025-05-29,2025-06-28,3227.74,193.68,3421.42,Issued,SampleGen
INV-fb558a90-963f-483e-8023-2e80f264581a,ID207563,CID-434,fb558a90-963f-483e-8023-2e80f264581a,2025-06-05,2025-07-05,3955.82,237.36,4193.18,Issued,SampleGen
INV-1edde785-e550-43e4-8163-a12ec27d0f50,ID207564,CID-434,1edde785-e550-43e4-8163-a12ec27d0f50,2025-11-13,2025-12-13,3059.8,183.6,3243.4,Issued,SampleGen
INV-47642e77-6ffc-4e34-ae16-9a5e153daf13,ID207565,CID-434,47642e77-6ffc-4e34-ae16-9a5e153daf13,2025-12-12,2026-01-11,1323.74,79.44,1403.18,Issued,SampleGen
INV-51635963-1ddd-4d91-a066-cba3f894bc36,ID207566,CID-434,51635963-1ddd-4d91-a066-cba3f894bc36,2026-02-11,2026-03-13,3899.74,234.0,4133.74,Issued,SampleGen
INV-6f745287-49ff-4f06-a2b5-6ebfa55255ac,ID207567,CID-434,6f745287-49ff-4f06-a2b5-6ebfa55255ac,2026-03-17,2026-04-16,883.8,53.04,936.84,Issued,SampleGen
INV-345057b3-d9c2-4531-8077-cf2c39300daf,ID207568,CID-434,345057b3-d9c2-4531-8077-cf2c39300daf,2026-04-07,2026-05-07,1951.8,117.12,2068.92,Issued,SampleGen
INV-0e1b7f2a-ff29-4b90-99ea-ee9bcc1d7670,ID207569,CID-435,0e1b7f2a-ff29-4b90-99ea-ee9bcc1d7670,2025-01-17,2025-02-16,4055.84,243.36,4299.2,Issued,SampleGen
INV-be421ac7-cf08-4f8d-a322-010a51289ac6,ID207570,CID-435,be421ac7-cf08-4f8d-a322-010a51289ac6,2025-02-07,2025-03-09,1879.88,112.8,1992.68,Issued,SampleGen
INV-b14ba3ed-31a7-471c-836e-aa06e329fd58,ID207571,CID-435,b14ba3ed-31a7-471c-836e-aa06e329fd58,2025-03-09,2025-04-08,1751.84,105.12,1856.96,Issued,SampleGen
INV-264cdc2f-1093-48cc-8c8e-d7243a2f147b,ID207572,CID-435,264cdc2f-1093-48cc-8c8e-d7243a2f147b,2025-04-07,2025-05-07,1279.88,76.8,1356.68,Issued,SampleGen
INV-c9032aeb-ae7d-45d9-aa1f-69cc5a248ed0,ID207573,CID-435,c9032aeb-ae7d-45d9-aa1f-69cc5a248ed0,2025-04-23,2025-05-23,515.86,30.96,546.82,Issued,SampleGen
INV-7daa7d89-0298-40b7-9648-a0d9a0a291f6,ID207574,CID-435,7daa7d89-0298-40b7-9648-a0d9a0a291f6,2025-05-31,2025-06-30,4251.7,255.12,4506.82,Issued,SampleGen
INV-a2f50838-1180-49fb-abb6-a00ba006784b,ID207575,CID-435,a2f50838-1180-49fb-abb6-a00ba006784b,2025-05-17,2025-06-16,211.92,12.72,224.64,Issued,SampleGen
INV-505e7c4c-dc7e-46c3-a29f-5cad85a32663,ID207576,CID-435,505e7c4c-dc7e-46c3-a29f-5cad85a32663,2025-06-13,2025-07-13,2679.72,160.8,2840.52,Issued,SampleGen
INV-9468575f-388b-479e-841f-c50a3668f7bc,ID207577,CID-435,9468575f-388b-479e-841f-c50a3668f7bc,2025-06-19,2025-07-19,7955.78,477.36,8433.14,Issued,SampleGen
INV-b207ade2-8492-4b5b-a5e2-251d142200bb,ID207578,CID-435,b207ade2-8492-4b5b-a5e2-251d142200bb,2025-07-29,2025-08-28,591.88,35.52,627.4,Issued,SampleGen
INV-d5f2b6b8-8e53-489d-a124-cf50228f74ec,ID207579,CID-435,d5f2b6b8-8e53-489d-a124-cf50228f74ec,2025-07-26,2025-08-25,871.82,52.32,924.14,Issued,SampleGen
INV-f0055514-14ed-450e-ad78-5a167733776f,ID207580,CID-435,f0055514-14ed-450e-ad78-5a167733776f,2025-08-08,2025-09-07,1853.9,111.24,1965.14,Issued,SampleGen
INV-6576920c-52c0-400d-af07-2a63d25c35b4,ID207581,CID-435,6576920c-52c0-400d-af07-2a63d25c35b4,2025-08-26,2025-09-25,775.84,46.56,822.4,Issued,SampleGen
INV-e0d0d9a7-51ea-4593-9bb4-90ff688387bc,ID207582,CID-435,e0d0d9a7-51ea-4593-9bb4-90ff688387bc,2025-08-17,2025-09-16,2891.78,173.52,3065.3,Issued,SampleGen
INV-61ed30df-315a-4f5f-952c-7b319b6a6ae3,ID207583,CID-435,61ed30df-315a-4f5f-952c-7b319b6a6ae3,2025-09-28,2025-10-28,4135.8,248.16,4383.96,Issued,SampleGen
INV-c7de3f32-0efb-4156-9a62-2a4bbd8e8d35,ID207584,CID-435,c7de3f32-0efb-4156-9a62-2a4bbd8e8d35,2025-09-14,2025-10-14,261.9,15.72,277.62,Issued,SampleGen
INV-cf2f2545-f241-4d10-8ebe-e8e15eb3a6d8,ID207585,CID-435,cf2f2545-f241-4d10-8ebe-e8e15eb3a6d8,2025-09-13,2025-10-13,1837.76,110.28,1948.04,Issued,SampleGen
INV-6f782040-e9ad-4f54-916f-6b00a47f46f5,ID207586,CID-435,6f782040-e9ad-4f54-916f-6b00a47f46f5,2025-10-16,2025-11-15,3407.92,204.48,3612.4,Issued,SampleGen
INV-6996ccb4-981d-4183-afad-ddbdf3c00069,ID207587,CID-435,6996ccb4-981d-4183-afad-ddbdf3c00069,2025-10-18,2025-11-17,1879.84,112.8,1992.64,Issued,SampleGen
INV-46a3cdc7-716e-4c10-a5d6-3bcc27162d6b,ID207588,CID-435,46a3cdc7-716e-4c10-a5d6-3bcc27162d6b,2025-10-31,2025-11-30,1363.78,81.84,1445.62,Issued,SampleGen
INV-4b55c525-0f31-4f60-aadc-63861f7b1ffc,ID207589,CID-435,4b55c525-0f31-4f60-aadc-63861f7b1ffc,2025-10-20,2025-11-19,1523.7,91.44,1615.14,Issued,SampleGen
INV-b03e0256-20c0-4c25-8654-3a39ab5454e1,ID207590,CID-435,b03e0256-20c0-4c25-8654-3a39ab5454e1,2025-11-18,2025-12-18,6731.76,403.92,7135.68,Issued,SampleGen
INV-7a23f573-7eed-484c-a880-b2bd703c9cff,ID207591,CID-435,7a23f573-7eed-484c-a880-b2bd703c9cff,2025-12-01,2025-12-31,1607.7,96.48,1704.18,Issued,SampleGen
INV-ec4a0d34-6bf6-42cc-826e-eba7fe57eb0d,ID207592,CID-435,ec4a0d34-6bf6-42cc-826e-eba7fe57eb0d,2025-11-20,2025-12-20,6379.7,382.8,6762.5,Issued,SampleGen
INV-a8b97270-5c1f-442c-ac70-2ebac63eed1c,ID207593,CID-435,a8b97270-5c1f-442c-ac70-2ebac63eed1c,2025-11-12,2025-12-12,991.82,59.52,1051.34,Issued,SampleGen
INV-3e173049-ee02-44ab-9d04-ede5651d9f1d,ID207594,CID-435,3e173049-ee02-44ab-9d04-ede5651d9f1d,2025-12-15,2026-01-14,837.9,50.28,888.18,Issued,SampleGen
INV-bb12d85c-6d94-4919-ae65-4a8e4f01f423,ID207595,CID-435,bb12d85c-6d94-4919-ae65-4a8e4f01f423,2025-12-05,2026-01-04,605.84,36.36,642.2,Issued,SampleGen
INV-da857ae8-1f4f-4a06-ae1a-01dd688f9e79,ID207596,CID-435,da857ae8-1f4f-4a06-ae1a-01dd688f9e79,2025-12-28,2026-01-27,969.86,58.2,1028.06,Issued,SampleGen
INV-836e9d7d-5ec7-4e0b-9044-0ea635022bb4,ID207597,CID-435,836e9d7d-5ec7-4e0b-9044-0ea635022bb4,2026-01-12,2026-02-11,1339.9,80.4,1420.3,Issued,SampleGen
INV-352d389a-a646-4dd1-adf5-a4264381dd1e,ID207598,CID-435,352d389a-a646-4dd1-adf5-a4264381dd1e,2026-01-13,2026-02-12,3085.76,185.16,3270.92,Issued,SampleGen
INV-a63c3053-d124-4847-913b-e3ce744c2f92,ID207599,CID-435,a63c3053-d124-4847-913b-e3ce744c2f92,2026-01-12,2026-02-11,891.86,53.52,945.38,Issued,SampleGen
INV-cd7e758e-e316-4f76-ad1d-9a15ed468ee3,ID207600,CID-435,cd7e758e-e316-4f76-ad1d-9a15ed468ee3,2026-02-05,2026-03-07,4547.86,272.88,4820.74,Issued,SampleGen
INV-d6823734-9931-4c7c-afd4-3ca4194d90e0,ID207601,CID-435,d6823734-9931-4c7c-afd4-3ca4194d90e0,2026-02-12,2026-03-14,533.78,32.04,565.82,Issued,SampleGen
INV-966f739f-8d3b-4dfe-ac1f-d8ab553e4bbe,ID207602,CID-435,966f739f-8d3b-4dfe-ac1f-d8ab553e4bbe,2026-02-23,2026-03-25,835.82,50.16,885.98,Issued,SampleGen
INV-48427fcc-5502-401c-a739-fc4122012c1c,ID207603,CID-435,48427fcc-5502-401c-a739-fc4122012c1c,2026-02-10,2026-03-12,3015.78,180.96,3196.74,Issued,SampleGen
INV-23a3a596-c39e-42bd-ba56-1f33bb70e60c,ID207604,CID-435,23a3a596-c39e-42bd-ba56-1f33bb70e60c,2026-03-29,2026-04-28,1271.9,76.32,1348.22,Issued,SampleGen
INV-daa9343e-10ff-4d6f-af0c-a10d4d35b196,ID207605,CID-435,daa9343e-10ff-4d6f-af0c-a10d4d35b196,2026-03-25,2026-04-24,4819.82,289.2,5109.02,Issued,SampleGen
INV-8ed07835-4595-40a3-b7fb-97f946762ba1,ID207606,CID-435,8ed07835-4595-40a3-b7fb-97f946762ba1,2026-03-13,2026-04-12,1191.8,71.52,1263.32,Issued,SampleGen
INV-5169fff5-f9d5-4fc7-9fe5-e3cd0f6960b1,ID207607,CID-435,5169fff5-f9d5-4fc7-9fe5-e3cd0f6960b1,2026-03-20,2026-04-19,1183.8,71.04,1254.84,Issued,SampleGen
INV-54f7ed93-cb15-4fc3-abc5-c03fd977c586,ID207608,CID-435,54f7ed93-cb15-4fc3-abc5-c03fd977c586,2026-04-06,2026-05-06,2867.82,172.08,3039.9,Issued,SampleGen
INV-b6830392-be2d-4d0d-af34-241d4db03907,ID207609,CID-435,b6830392-be2d-4d0d-af34-241d4db03907,2026-04-02,2026-05-02,1717.86,103.08,1820.94,Issued,SampleGen
INV-b9ed87d3-a76b-40fc-aa25-54976ac14c0f,ID207610,CID-435,b9ed87d3-a76b-40fc-aa25-54976ac14c0f,2026-04-18,2026-05-18,4093.7,245.64,4339.34,Issued,SampleGen
INV-5a91dbfb-8b51-4f37-a7f0-a70ed66a7eaa,ID207611,CID-435,5a91dbfb-8b51-4f37-a7f0-a70ed66a7eaa,2026-04-15,2026-05-15,2439.8,146.4,2586.2,Issued,SampleGen
INV-78d65c4c-f436-4937-b847-9609b6429b84,ID207612,CID-436,78d65c4c-f436-4937-b847-9609b6429b84,2025-01-15,2025-02-14,1663.78,99.84,1763.62,Issued,SampleGen
INV-38798786-a204-4b3b-8389-a82631e22a45,ID207613,CID-436,38798786-a204-4b3b-8389-a82631e22a45,2025-01-19,2025-02-18,671.9,40.32,712.22,Issued,SampleGen
INV-eddf00b7-4ecf-4fd3-900e-437713fa531a,ID207614,CID-436,eddf00b7-4ecf-4fd3-900e-437713fa531a,2025-02-02,2025-03-04,3591.88,215.52,3807.4,Issued,SampleGen
INV-3703369c-8c06-4314-9289-1e6686fe76e2,ID207615,CID-436,3703369c-8c06-4314-9289-1e6686fe76e2,2025-02-18,2025-03-20,4301.78,258.12,4559.9,Issued,SampleGen
INV-2a03af43-bde8-428a-811e-2e1976c26c7b,ID207616,CID-436,2a03af43-bde8-428a-811e-2e1976c26c7b,2025-03-21,2025-04-20,563.8,33.84,597.64,Issued,SampleGen
INV-466af57a-f455-4080-9902-1551a6c0e485,ID207617,CID-436,466af57a-f455-4080-9902-1551a6c0e485,2025-03-03,2025-04-02,2239.84,134.4,2374.24,Issued,SampleGen
INV-692a85ca-e5aa-4950-85e6-041d1db01827,ID207618,CID-436,692a85ca-e5aa-4950-85e6-041d1db01827,2025-03-06,2025-04-05,3947.82,236.88,4184.7,Issued,SampleGen
INV-b6d8756a-167b-4cc6-b3b9-522b070eeec0,ID207619,CID-436,b6d8756a-167b-4cc6-b3b9-522b070eeec0,2025-04-23,2025-05-23,3973.78,238.44,4212.22,Issued,SampleGen
INV-5a2311a0-4128-4e25-ba87-9be10b044560,ID207620,CID-436,5a2311a0-4128-4e25-ba87-9be10b044560,2025-04-29,2025-05-29,397.86,23.88,421.74,Issued,SampleGen
INV-d497ed5b-8ca8-41c7-8ff3-c246e7cdf286,ID207621,CID-436,d497ed5b-8ca8-41c7-8ff3-c246e7cdf286,2025-04-20,2025-05-20,1987.72,119.28,2107.0,Issued,SampleGen
INV-49b1d989-3271-4f4a-a024-22cad5ee2911,ID207622,CID-436,49b1d989-3271-4f4a-a024-22cad5ee2911,2025-05-20,2025-06-19,2659.86,159.6,2819.46,Issued,SampleGen
INV-8dbf451f-7ef5-46d8-aa60-8e01c18f5478,ID207623,CID-436,8dbf451f-7ef5-46d8-aa60-8e01c18f5478,2025-05-04,2025-06-03,1789.78,107.4,1897.18,Issued,SampleGen
INV-838619cb-6366-4964-b2de-915b8da889f7,ID207624,CID-436,838619cb-6366-4964-b2de-915b8da889f7,2025-05-24,2025-06-23,1179.82,70.8,1250.62,Issued,SampleGen
INV-5d9d9a96-30b1-4904-b659-84659ae72859,ID207625,CID-436,5d9d9a96-30b1-4904-b659-84659ae72859,2025-06-08,2025-07-08,349.86,21.0,370.86,Issued,SampleGen
INV-73bd2bd5-8553-4814-8541-a333b19129c9,ID207626,CID-436,73bd2bd5-8553-4814-8541-a333b19129c9,2025-06-13,2025-07-13,743.84,44.64,788.48,Issued,SampleGen
INV-21127721-c1f2-4ba9-910d-d1e838496181,ID207627,CID-436,21127721-c1f2-4ba9-910d-d1e838496181,2025-06-08,2025-07-08,895.76,53.76,949.52,Issued,SampleGen
INV-4738d3a9-4976-4454-ae2c-5a36de8379d2,ID207628,CID-436,4738d3a9-4976-4454-ae2c-5a36de8379d2,2025-06-26,2025-07-26,1139.78,68.4,1208.18,Issued,SampleGen
INV-29e23ff7-6a58-4adc-aa66-eab57552cc61,ID207629,CID-436,29e23ff7-6a58-4adc-aa66-eab57552cc61,2025-07-15,2025-08-14,1703.88,102.24,1806.12,Issued,SampleGen
INV-aefd04dd-ea92-4e97-a634-7044331d3e48,ID207630,CID-436,aefd04dd-ea92-4e97-a634-7044331d3e48,2025-08-01,2025-08-31,3195.82,191.76,3387.58,Issued,SampleGen
INV-9073d0f9-71a5-41a4-a1e7-ae89fa8bd90a,ID207631,CID-436,9073d0f9-71a5-41a4-a1e7-ae89fa8bd90a,2025-07-10,2025-08-09,2187.8,131.28,2319.08,Issued,SampleGen
INV-5d0b51da-cb64-47c8-a69c-a1a336cb71a2,ID207632,CID-436,5d0b51da-cb64-47c8-a69c-a1a336cb71a2,2025-08-18,2025-09-17,1311.84,78.72,1390.56,Issued,SampleGen
INV-be9797f6-8525-4c34-b932-a8022d1254b6,ID207633,CID-436,be9797f6-8525-4c34-b932-a8022d1254b6,2025-08-04,2025-09-03,2729.88,163.8,2893.68,Issued,SampleGen
INV-89eabe78-c867-4425-abf8-21193d343ff5,ID207634,CID-436,89eabe78-c867-4425-abf8-21193d343ff5,2025-08-08,2025-09-07,4627.74,277.68,4905.42,Issued,SampleGen
INV-1e6069cc-ba6b-46df-a6fe-110c8027ee8b,ID207635,CID-436,1e6069cc-ba6b-46df-a6fe-110c8027ee8b,2025-09-11,2025-10-11,1299.9,78.0,1377.9,Issued,SampleGen
INV-3c552c2b-7483-4572-9fda-00ef7347b340,ID207636,CID-436,3c552c2b-7483-4572-9fda-00ef7347b340,2025-09-30,2025-10-30,5559.68,333.6,5893.28,Issued,SampleGen
INV-a28f59cb-c930-494e-b04c-381d6054f8c3,ID207637,CID-436,a28f59cb-c930-494e-b04c-381d6054f8c3,2025-09-05,2025-10-05,3695.88,221.76,3917.64,Issued,SampleGen
INV-56116e55-d625-44bb-b106-41af527d6bfa,ID207638,CID-436,56116e55-d625-44bb-b106-41af527d6bfa,2025-09-09,2025-10-09,1947.82,116.88,2064.7,Issued,SampleGen
INV-8cf3e4b4-848d-44db-91ac-393d32a2b194,ID207639,CID-436,8cf3e4b4-848d-44db-91ac-393d32a2b194,2025-10-05,2025-11-04,1541.76,92.52,1634.28,Issued,SampleGen
INV-308cbcb0-3671-4039-a7f5-8473bf177c80,ID207640,CID-436,308cbcb0-3671-4039-a7f5-8473bf177c80,2025-10-10,2025-11-09,1465.78,87.96,1553.74,Issued,SampleGen
INV-1fc9b967-ef8e-4c66-b62d-5bd9bac88e32,ID207641,CID-436,1fc9b967-ef8e-4c66-b62d-5bd9bac88e32,2025-10-25,2025-11-24,675.88,40.56,716.44,Issued,SampleGen
INV-1f07c6c1-fb10-472b-80d0-39092a7cc682,ID207642,CID-436,1f07c6c1-fb10-472b-80d0-39092a7cc682,2025-10-04,2025-11-03,1609.78,96.6,1706.38,Issued,SampleGen
INV-6e292863-8251-4fd5-95a6-dfe453b94b1c,ID207643,CID-436,6e292863-8251-4fd5-95a6-dfe453b94b1c,2025-10-24,2025-11-23,2535.78,152.16,2687.94,Issued,SampleGen
INV-e380f898-1236-4af7-a8bc-349d02e91cec,ID207644,CID-436,e380f898-1236-4af7-a8bc-349d02e91cec,2025-11-24,2025-12-24,487.86,29.28,517.14,Issued,SampleGen
INV-65112d0a-a804-44cf-bd4f-a1518b4d192c,ID207645,CID-436,65112d0a-a804-44cf-bd4f-a1518b4d192c,2025-11-16,2025-12-16,997.9,59.88,1057.78,Issued,SampleGen
INV-67e9f6eb-3ede-4fd3-9b98-3cdc7b91f9d1,ID207646,CID-436,67e9f6eb-3ede-4fd3-9b98-3cdc7b91f9d1,2025-11-02,2025-12-02,1959.78,117.6,2077.38,Issued,SampleGen
INV-08b0edc1-7c71-4b1f-9126-ee354f76755c,ID207647,CID-436,08b0edc1-7c71-4b1f-9126-ee354f76755c,2025-11-19,2025-12-19,449.88,27.0,476.88,Issued,SampleGen
INV-fd360605-7a6e-4c1f-870b-12f054aa7132,ID207648,CID-436,fd360605-7a6e-4c1f-870b-12f054aa7132,2025-12-31,2026-01-30,1373.88,82.44,1456.32,Issued,SampleGen
INV-27294c05-e21b-400c-90f5-faed2e0606ff,ID207649,CID-436,27294c05-e21b-400c-90f5-faed2e0606ff,2025-12-22,2026-01-21,3983.84,239.04,4222.88,Issued,SampleGen
INV-b9684328-a56b-4234-9cbb-849456a973b5,ID207650,CID-436,b9684328-a56b-4234-9cbb-849456a973b5,2025-12-22,2026-01-21,435.88,26.16,462.04,Issued,SampleGen
INV-cdc8a10f-baf3-468e-8801-b377a9ab4698,ID207651,CID-436,cdc8a10f-baf3-468e-8801-b377a9ab4698,2026-01-01,2026-01-31,607.84,36.48,644.32,Issued,SampleGen
INV-f0530b1f-b843-4618-a197-2f3776f900fa,ID207652,CID-436,f0530b1f-b843-4618-a197-2f3776f900fa,2026-01-12,2026-02-11,3707.72,222.48,3930.2,Issued,SampleGen
INV-c74773ad-45cd-4d66-873f-f242edd13e90,ID207653,CID-436,c74773ad-45cd-4d66-873f-f242edd13e90,2026-01-05,2026-02-04,1881.72,112.92,1994.64,Issued,SampleGen
INV-b9f117f0-546e-40a1-b904-cda67da9c725,ID207654,CID-436,b9f117f0-546e-40a1-b904-cda67da9c725,2026-01-19,2026-02-18,1415.88,84.96,1500.84,Issued,SampleGen
INV-188b3595-59f2-4d96-bf8c-f0e6169a6a71,ID207655,CID-436,188b3595-59f2-4d96-bf8c-f0e6169a6a71,2026-01-13,2026-02-12,3547.82,212.88,3760.7,Issued,SampleGen
INV-c628be6e-8e55-46d4-b718-8512f0302eeb,ID207656,CID-436,c628be6e-8e55-46d4-b718-8512f0302eeb,2026-01-21,2026-02-20,395.88,23.76,419.64,Issued,SampleGen
INV-b56df9f8-29d3-4ee8-8028-faf243c073fe,ID207657,CID-436,b56df9f8-29d3-4ee8-8028-faf243c073fe,2026-02-28,2026-03-30,729.78,43.8,773.58,Issued,SampleGen
INV-5d04fbb6-c550-4a64-a838-ebf860803a31,ID207658,CID-436,5d04fbb6-c550-4a64-a838-ebf860803a31,2026-02-22,2026-03-24,1067.78,64.08,1131.86,Issued,SampleGen
INV-6c5e9dc8-bdb7-4c55-aa23-f3e391619b46,ID207659,CID-436,6c5e9dc8-bdb7-4c55-aa23-f3e391619b46,2026-02-05,2026-03-07,4043.74,242.64,4286.38,Issued,SampleGen
INV-d515a561-e19d-46ad-ae21-292a7e9e13f9,ID207660,CID-436,d515a561-e19d-46ad-ae21-292a7e9e13f9,2026-03-01,2026-03-31,2659.8,159.6,2819.4,Issued,SampleGen
INV-4fd0fea4-fd06-49ff-9ab5-cb6d6d7512c3,ID207661,CID-436,4fd0fea4-fd06-49ff-9ab5-cb6d6d7512c3,2026-02-24,2026-03-26,2951.82,177.12,3128.94,Issued,SampleGen
INV-99cfb96e-518f-4f40-9f71-80e710d124db,ID207662,CID-436,99cfb96e-518f-4f40-9f71-80e710d124db,2026-03-31,2026-04-30,2371.8,142.32,2514.12,Issued,SampleGen
INV-427fe016-7631-4dce-b96d-6302d2077bfe,ID207663,CID-436,427fe016-7631-4dce-b96d-6302d2077bfe,2026-03-22,2026-04-21,967.8,58.08,1025.88,Issued,SampleGen
INV-c2c8a1e7-1a2f-4e85-a538-e49f952d575f,ID207664,CID-436,c2c8a1e7-1a2f-4e85-a538-e49f952d575f,2026-03-16,2026-04-15,1297.76,77.88,1375.64,Issued,SampleGen
INV-f9b467f0-fdfb-4c3c-9df2-498ecda15a6a,ID207665,CID-436,f9b467f0-fdfb-4c3c-9df2-498ecda15a6a,2026-03-07,2026-04-06,4207.82,252.48,4460.3,Issued,SampleGen
INV-57e8f14b-5713-4f61-851e-7d089c0f1944,ID207666,CID-436,57e8f14b-5713-4f61-851e-7d089c0f1944,2026-03-17,2026-04-16,1543.76,92.64,1636.4,Issued,SampleGen
INV-d32b24f9-ff22-4c0e-8fc8-48cc21f4f3cc,ID207667,CID-436,d32b24f9-ff22-4c0e-8fc8-48cc21f4f3cc,2026-04-27,2026-05-27,357.9,21.48,379.38,Issued,SampleGen
INV-4b9b86f6-662b-4658-bb1b-9b4519bdb585,ID207668,CID-436,4b9b86f6-662b-4658-bb1b-9b4519bdb585,2026-04-22,2026-05-22,315.92,18.96,334.88,Issued,SampleGen
INV-a5e10e0a-a2dd-4b86-8e22-7e79743a4816,ID207669,CID-436,a5e10e0a-a2dd-4b86-8e22-7e79743a4816,2026-04-02,2026-05-02,1767.84,106.08,1873.92,Issued,SampleGen
INV-ca39d6a5-ff31-452a-bf8f-a2d83ab289c2,ID207670,CID-436,ca39d6a5-ff31-452a-bf8f-a2d83ab289c2,2026-04-24,2026-05-24,1759.76,105.6,1865.36,Issued,SampleGen
INV-a540fcb0-c9d4-4914-ae39-2c31d51700a9,ID207671,CID-436,a540fcb0-c9d4-4914-ae39-2c31d51700a9,2026-04-09,2026-05-09,1479.8,88.8,1568.6,Issued,SampleGen
INV-c6a9a660-6e6d-471f-a311-2f7eaa704dcd,ID207672,CID-436,c6a9a660-6e6d-471f-a311-2f7eaa704dcd,2026-04-17,2026-05-17,3213.74,192.84,3406.58,Issued,SampleGen
INV-c18072d6-2b20-4726-9e98-3a8d0e631b24,ID207673,CID-437,c18072d6-2b20-4726-9e98-3a8d0e631b24,2025-01-25,2025-02-24,4819.72,289.2,5108.92,Issued,SampleGen
INV-c0379464-442b-479b-9d8f-ced80bfa9fd3,ID207674,CID-437,c0379464-442b-479b-9d8f-ced80bfa9fd3,2025-02-25,2025-03-27,859.72,51.6,911.32,Issued,SampleGen
INV-8ae9d01d-bc4c-4fae-b211-136f61927b5e,ID207675,CID-437,8ae9d01d-bc4c-4fae-b211-136f61927b5e,2025-04-02,2025-05-02,2955.78,177.36,3133.14,Issued,SampleGen
INV-81d3f3ce-3d9f-44b8-a1c3-3fee3f00b7f2,ID207676,CID-437,81d3f3ce-3d9f-44b8-a1c3-3fee3f00b7f2,2025-05-19,2025-06-18,1651.88,99.12,1751.0,Issued,SampleGen
INV-e573062e-60c3-4e8d-8955-f2da52e14ab0,ID207677,CID-437,e573062e-60c3-4e8d-8955-f2da52e14ab0,2025-06-21,2025-07-21,4613.72,276.84,4890.56,Issued,SampleGen
INV-e7070cfd-1d2e-48bc-aad2-79dce5e6d877,ID207678,CID-437,e7070cfd-1d2e-48bc-aad2-79dce5e6d877,2025-07-14,2025-08-13,1979.84,118.8,2098.64,Issued,SampleGen
INV-6561f64d-d58c-4949-a9f7-d719ecc94afc,ID207679,CID-437,6561f64d-d58c-4949-a9f7-d719ecc94afc,2025-08-12,2025-09-11,563.8,33.84,597.64,Issued,SampleGen
INV-891099c1-1d8a-4784-9833-c4e6ebe2d5d2,ID207680,CID-437,891099c1-1d8a-4784-9833-c4e6ebe2d5d2,2025-09-04,2025-10-04,275.92,16.56,292.48,Issued,SampleGen
INV-88114139-9922-454f-86c2-e7f29fd358f9,ID207681,CID-437,88114139-9922-454f-86c2-e7f29fd358f9,2025-10-17,2025-11-16,3399.78,204.0,3603.78,Issued,SampleGen
INV-bcbe457f-1e36-463b-9b18-a6d09c156632,ID207682,CID-437,bcbe457f-1e36-463b-9b18-a6d09c156632,2025-11-29,2025-12-29,1169.8,70.2,1240.0,Issued,SampleGen
INV-718e6d9a-0ccf-426f-9cfd-83fe9cfe1b2f,ID207683,CID-437,718e6d9a-0ccf-426f-9cfd-83fe9cfe1b2f,2025-12-09,2026-01-08,5401.7,324.12,5725.82,Issued,SampleGen
INV-a90cbc32-4478-47c9-b197-7a78c9182383,ID207684,CID-437,a90cbc32-4478-47c9-b197-7a78c9182383,2026-01-27,2026-02-26,3487.84,209.28,3697.12,Issued,SampleGen
INV-6f4acaee-6b9b-4be9-b779-ba654a638051,ID207685,CID-437,6f4acaee-6b9b-4be9-b779-ba654a638051,2026-02-18,2026-03-20,5779.82,346.8,6126.62,Issued,SampleGen
INV-4e94b2e7-6339-4698-b3ec-fa3ff8eccf07,ID207686,CID-437,4e94b2e7-6339-4698-b3ec-fa3ff8eccf07,2026-02-18,2026-03-20,1767.84,106.08,1873.92,Issued,SampleGen
INV-902f113b-f68a-4537-bab3-c4c704a85962,ID207687,CID-437,902f113b-f68a-4537-bab3-c4c704a85962,2026-03-05,2026-04-04,415.88,24.96,440.84,Issued,SampleGen
INV-9386b37a-4ce1-46b3-915a-0492e4f82fbd,ID207688,CID-437,9386b37a-4ce1-46b3-915a-0492e4f82fbd,2026-04-29,2026-05-29,1877.76,112.68,1990.44,Issued,SampleGen
INV-b2d3d606-53ee-4b00-8acd-0e719f889879,ID207689,CID-437,b2d3d606-53ee-4b00-8acd-0e719f889879,2026-04-24,2026-05-24,2515.88,150.96,2666.84,Issued,SampleGen
INV-2b1c154a-6496-409e-9059-b05a36f7485d,ID207690,CID-438,2b1c154a-6496-409e-9059-b05a36f7485d,2025-02-23,2025-03-25,4521.8,271.32,4793.12,Issued,SampleGen
INV-35377d49-6f0e-4950-ba01-cbb8afce4cac,ID207691,CID-438,35377d49-6f0e-4950-ba01-cbb8afce4cac,2025-03-09,2025-04-08,1179.84,70.8,1250.64,Issued,SampleGen
INV-a55c629b-a587-4257-9ee2-38d3b0da0bc8,ID207692,CID-438,a55c629b-a587-4257-9ee2-38d3b0da0bc8,2025-04-02,2025-05-02,1059.78,63.6,1123.38,Issued,SampleGen
INV-af96b5bb-2d0f-488b-bc55-6ca3ab308018,ID207693,CID-438,af96b5bb-2d0f-488b-bc55-6ca3ab308018,2025-05-03,2025-06-02,1783.72,107.04,1890.76,Issued,SampleGen
INV-34af88f4-6cbc-4bf3-b1f5-e82d949d2ef6,ID207694,CID-438,34af88f4-6cbc-4bf3-b1f5-e82d949d2ef6,2025-06-28,2025-07-28,1641.74,98.52,1740.26,Issued,SampleGen
INV-06e911c9-07ef-493c-874e-fa5c8c25e5b2,ID207695,CID-438,06e911c9-07ef-493c-874e-fa5c8c25e5b2,2025-07-16,2025-08-15,563.84,33.84,597.68,Issued,SampleGen
INV-f362b967-d0c9-489b-bed2-a33d465226cd,ID207696,CID-438,f362b967-d0c9-489b-bed2-a33d465226cd,2025-08-19,2025-09-18,4013.8,240.84,4254.64,Issued,SampleGen
INV-5a3e7b9e-ba35-44e7-a148-4cd06ab62129,ID207697,CID-438,5a3e7b9e-ba35-44e7-a148-4cd06ab62129,2025-09-01,2025-10-01,2899.8,174.0,3073.8,Issued,SampleGen
INV-cba671ef-ee06-4c91-8001-02fde1a7f282,ID207698,CID-438,cba671ef-ee06-4c91-8001-02fde1a7f282,2025-09-05,2025-10-05,437.9,26.28,464.18,Issued,SampleGen
INV-a838c4f6-43b1-4835-8e51-6c09089574bb,ID207699,CID-438,a838c4f6-43b1-4835-8e51-6c09089574bb,2025-09-07,2025-10-07,3163.8,189.84,3353.64,Issued,SampleGen
INV-70bc827b-d295-4605-a0d1-b49560371ce8,ID207700,CID-438,70bc827b-d295-4605-a0d1-b49560371ce8,2025-10-22,2025-11-21,2403.78,144.24,2548.02,Issued,SampleGen
INV-65000c0c-f578-4fc9-ab4e-aebea0fc356b,ID207701,CID-438,65000c0c-f578-4fc9-ab4e-aebea0fc356b,2025-10-24,2025-11-23,3671.84,220.32,3892.16,Issued,SampleGen
INV-1a12eecd-5eea-4809-bfca-663a04a43417,ID207702,CID-438,1a12eecd-5eea-4809-bfca-663a04a43417,2025-11-07,2025-12-07,291.9,17.52,309.42,Issued,SampleGen
INV-b7a1f69f-5c15-483d-a8d1-0fa88d163af1,ID207703,CID-438,b7a1f69f-5c15-483d-a8d1-0fa88d163af1,2025-11-07,2025-12-07,5655.8,339.36,5995.16,Issued,SampleGen
INV-9b36f26a-0112-47f7-b1d7-940eebd50dba,ID207704,CID-438,9b36f26a-0112-47f7-b1d7-940eebd50dba,2025-12-09,2026-01-08,2687.9,161.28,2849.18,Issued,SampleGen
INV-ec67f14b-7b1f-48dd-8730-3d38d6ce7bd6,ID207705,CID-438,ec67f14b-7b1f-48dd-8730-3d38d6ce7bd6,2025-12-03,2026-01-02,3699.74,222.0,3921.74,Issued,SampleGen
INV-644ca30d-b465-44c8-8001-6a10c8c224b6,ID207706,CID-438,644ca30d-b465-44c8-8001-6a10c8c224b6,2026-01-27,2026-02-26,1863.88,111.84,1975.72,Issued,SampleGen
INV-08f2f012-be0b-4eb6-a820-d43f1f1588f2,ID207707,CID-438,08f2f012-be0b-4eb6-a820-d43f1f1588f2,2026-01-18,2026-02-17,3855.8,231.36,4087.16,Issued,SampleGen
INV-7d3d8964-11ec-4127-9cac-b72b632d7234,ID207708,CID-438,7d3d8964-11ec-4127-9cac-b72b632d7234,2026-02-12,2026-03-14,397.86,23.88,421.74,Issued,SampleGen
INV-b0a71947-cdd3-4371-b337-e689194454d0,ID207709,CID-438,b0a71947-cdd3-4371-b337-e689194454d0,2026-02-15,2026-03-17,1679.88,100.8,1780.68,Issued,SampleGen
INV-767f9fac-4a22-4295-a732-00f481a4f3a0,ID207710,CID-438,767f9fac-4a22-4295-a732-00f481a4f3a0,2026-03-10,2026-04-09,1543.86,92.64,1636.5,Issued,SampleGen
INV-f2c252b7-f687-4463-8f53-bdc0f12e9d67,ID207711,CID-438,f2c252b7-f687-4463-8f53-bdc0f12e9d67,2026-03-08,2026-04-07,1071.8,64.32,1136.12,Issued,SampleGen
INV-9e17268b-eeb2-4593-8b99-17c042a781fc,ID207712,CID-438,9e17268b-eeb2-4593-8b99-17c042a781fc,2026-03-07,2026-04-06,2235.84,134.16,2370.0,Issued,SampleGen
INV-683e20e4-9a7d-4613-acc4-f4503831a8a4,ID207713,CID-438,683e20e4-9a7d-4613-acc4-f4503831a8a4,2026-04-18,2026-05-18,2163.86,129.84,2293.7,Issued,SampleGen
INV-4138d655-a14b-453b-baaf-bf108f08484c,ID207714,CID-438,4138d655-a14b-453b-baaf-bf108f08484c,2026-04-29,2026-05-29,431.92,25.92,457.84,Issued,SampleGen
INV-94422fba-6189-4a3d-8b35-74a3a2867b7f,ID207715,CID-439,94422fba-6189-4a3d-8b35-74a3a2867b7f,2025-01-03,2025-02-02,4671.76,280.32,4952.08,Issued,SampleGen
INV-937bf283-985d-4283-81cb-abd0389bf05e,ID207716,CID-439,937bf283-985d-4283-81cb-abd0389bf05e,2025-02-23,2025-03-25,693.86,41.64,735.5,Issued,SampleGen
INV-97047592-a91e-4ce8-8cfd-bcd9df8ff929,ID207717,CID-439,97047592-a91e-4ce8-8cfd-bcd9df8ff929,2025-03-22,2025-04-21,275.92,16.56,292.48,Issued,SampleGen
INV-ce60dd4c-3ec9-4169-8702-325d45bcd7da,ID207718,CID-439,ce60dd4c-3ec9-4169-8702-325d45bcd7da,2025-03-28,2025-04-27,675.8,40.56,716.36,Issued,SampleGen
INV-08c884ba-21eb-45e7-838e-529dd6024356,ID207719,CID-439,08c884ba-21eb-45e7-838e-529dd6024356,2025-04-12,2025-05-12,1547.88,92.88,1640.76,Issued,SampleGen
INV-02b5584a-eb7a-43ff-9365-ee2862ad804f,ID207720,CID-439,02b5584a-eb7a-43ff-9365-ee2862ad804f,2025-04-13,2025-05-13,1119.92,67.2,1187.12,Issued,SampleGen
INV-d04f0ce6-9252-41e7-8e9b-a0c6fa064e77,ID207721,CID-439,d04f0ce6-9252-41e7-8e9b-a0c6fa064e77,2025-05-19,2025-06-18,4679.82,280.8,4960.62,Issued,SampleGen
INV-5bf008f8-5733-485e-93b3-fad8f4ceaf1a,ID207722,CID-439,5bf008f8-5733-485e-93b3-fad8f4ceaf1a,2025-05-08,2025-06-07,965.72,57.96,1023.68,Issued,SampleGen
INV-4a2b6dcd-cc09-4f8c-b847-99440b13971e,ID207723,CID-439,4a2b6dcd-cc09-4f8c-b847-99440b13971e,2025-06-05,2025-07-05,1167.88,70.08,1237.96,Issued,SampleGen
INV-c5098551-34e3-48c3-aa3c-5dcf24bc55af,ID207724,CID-439,c5098551-34e3-48c3-aa3c-5dcf24bc55af,2025-06-23,2025-07-23,479.84,28.8,508.64,Issued,SampleGen
INV-450b007c-7726-4916-ae8e-1c1d63c56b6e,ID207725,CID-439,450b007c-7726-4916-ae8e-1c1d63c56b6e,2025-06-28,2025-07-28,4277.78,256.68,4534.46,Issued,SampleGen
INV-f84ff15a-b5a2-46da-8e3e-3195a66193b7,ID207726,CID-439,f84ff15a-b5a2-46da-8e3e-3195a66193b7,2025-07-15,2025-08-14,3557.86,213.48,3771.34,Issued,SampleGen
INV-8519f767-377e-4b18-9f5b-f74d04fb5469,ID207727,CID-439,8519f767-377e-4b18-9f5b-f74d04fb5469,2025-07-13,2025-08-12,4565.74,273.96,4839.7,Issued,SampleGen
INV-10c9a68f-de45-4e39-a8b9-1cf758015510,ID207728,CID-439,10c9a68f-de45-4e39-a8b9-1cf758015510,2025-08-08,2025-09-07,1095.8,65.76,1161.56,Issued,SampleGen
INV-00f1c481-1121-437f-a345-632f9640163b,ID207729,CID-439,00f1c481-1121-437f-a345-632f9640163b,2025-08-28,2025-09-27,2773.82,166.44,2940.26,Issued,SampleGen
INV-0a74d17b-6e71-41e7-8b87-9fe6e4b41551,ID207730,CID-439,0a74d17b-6e71-41e7-8b87-9fe6e4b41551,2025-08-20,2025-09-19,379.84,22.8,402.64,Issued,SampleGen
INV-f4ed057a-f1c4-43ef-8f86-5c5ab5241ebf,ID207731,CID-439,f4ed057a-f1c4-43ef-8f86-5c5ab5241ebf,2025-09-13,2025-10-13,1899.72,114.0,2013.72,Issued,SampleGen
INV-79b2c2b8-239f-4291-8198-00c4331c4960,ID207732,CID-439,79b2c2b8-239f-4291-8198-00c4331c4960,2025-09-08,2025-10-08,1203.8,72.24,1276.04,Issued,SampleGen
INV-ddcdea28-6b72-4ff3-b4ce-3c520b0abddd,ID207733,CID-439,ddcdea28-6b72-4ff3-b4ce-3c520b0abddd,2025-09-03,2025-10-03,723.86,43.44,767.3,Issued,SampleGen
INV-13b4f06c-e8a9-47f0-b59e-97de9d4169fa,ID207734,CID-439,13b4f06c-e8a9-47f0-b59e-97de9d4169fa,2025-10-14,2025-11-13,717.8,43.08,760.88,Issued,SampleGen
INV-7a7bee63-5927-4d8f-bd70-cda2166d8b03,ID207735,CID-439,7a7bee63-5927-4d8f-bd70-cda2166d8b03,2025-10-27,2025-11-26,2595.88,155.76,2751.64,Issued,SampleGen
INV-71302525-d2fe-4590-a5d9-4acb87a6acca,ID207736,CID-439,71302525-d2fe-4590-a5d9-4acb87a6acca,2025-10-22,2025-11-21,2111.8,126.72,2238.52,Issued,SampleGen
INV-ec6adbe1-2928-4d48-a3fa-f8b544fcda83,ID207737,CID-439,ec6adbe1-2928-4d48-a3fa-f8b544fcda83,2025-11-30,2025-12-30,2845.84,170.76,3016.6,Issued,SampleGen
INV-c206116d-4a19-4faf-9245-0942d0b58b1f,ID207738,CID-439,c206116d-4a19-4faf-9245-0942d0b58b1f,2025-11-23,2025-12-23,1167.8,70.08,1237.88,Issued,SampleGen
INV-5f5174e4-eded-4167-b96b-e5db068d972f,ID207739,CID-439,5f5174e4-eded-4167-b96b-e5db068d972f,2025-11-17,2025-12-17,3983.76,239.04,4222.8,Issued,SampleGen
INV-30355457-be7c-4e7f-815c-36757e11377e,ID207740,CID-439,30355457-be7c-4e7f-815c-36757e11377e,2025-12-06,2026-01-05,343.88,20.64,364.52,Issued,SampleGen
INV-3e6364dd-c08b-4de4-a422-ae371cfd512c,ID207741,CID-439,3e6364dd-c08b-4de4-a422-ae371cfd512c,2025-12-08,2026-01-07,6775.78,406.56,7182.34,Issued,SampleGen
INV-d74588f0-41be-4521-b40a-cb0a6fc0fa5e,ID207742,CID-439,d74588f0-41be-4521-b40a-cb0a6fc0fa5e,2025-12-09,2026-01-08,2067.72,124.08,2191.8,Issued,SampleGen
INV-73b9f3b6-9bbe-4358-951a-bfa6cb0485e2,ID207743,CID-439,73b9f3b6-9bbe-4358-951a-bfa6cb0485e2,2026-01-29,2026-02-28,1709.84,102.6,1812.44,Issued,SampleGen
INV-f7028a11-07c3-4750-adb4-8a7a7d5e33ce,ID207744,CID-439,f7028a11-07c3-4750-adb4-8a7a7d5e33ce,2026-01-18,2026-02-17,3915.8,234.96,4150.76,Issued,SampleGen
INV-8c93931c-a8b8-48d3-a45e-7cf174d1d1b3,ID207745,CID-439,8c93931c-a8b8-48d3-a45e-7cf174d1d1b3,2026-01-25,2026-02-24,1635.74,98.16,1733.9,Issued,SampleGen
INV-b1f3b2ce-1512-4833-95a5-27920b71fdc6,ID207746,CID-439,b1f3b2ce-1512-4833-95a5-27920b71fdc6,2026-01-21,2026-02-20,4651.78,279.12,4930.9,Issued,SampleGen
INV-661d3db1-cc8d-4fc8-8f2c-99317d8ecf3d,ID207747,CID-439,661d3db1-cc8d-4fc8-8f2c-99317d8ecf3d,2026-02-28,2026-03-30,2267.82,136.08,2403.9,Issued,SampleGen
INV-f2061d3b-21dd-4b5b-9ca5-b74ae8470f1b,ID207748,CID-439,f2061d3b-21dd-4b5b-9ca5-b74ae8470f1b,2026-02-03,2026-03-05,507.88,30.48,538.36,Issued,SampleGen
INV-6355f5b7-cf2c-4bf6-b5b7-ccb7a89362fe,ID207749,CID-439,6355f5b7-cf2c-4bf6-b5b7-ccb7a89362fe,2026-02-21,2026-03-23,3735.76,224.16,3959.92,Issued,SampleGen
INV-2aaae17b-3b94-4bbc-8792-c844641e4a1d,ID207750,CID-439,2aaae17b-3b94-4bbc-8792-c844641e4a1d,2026-02-16,2026-03-18,1591.72,95.52,1687.24,Issued,SampleGen
INV-1ccf7ab0-abb3-4463-8f58-13442b055437,ID207751,CID-439,1ccf7ab0-abb3-4463-8f58-13442b055437,2026-03-13,2026-04-12,3787.8,227.28,4015.08,Issued,SampleGen
INV-d8922b1e-6b99-4e7e-96ef-2e23407cfc45,ID207752,CID-439,d8922b1e-6b99-4e7e-96ef-2e23407cfc45,2026-03-22,2026-04-21,4167.88,250.08,4417.96,Issued,SampleGen
INV-5bef502d-a13a-4a79-a783-421d618023ea,ID207753,CID-439,5bef502d-a13a-4a79-a783-421d618023ea,2026-03-07,2026-04-06,1087.72,65.28,1153.0,Issued,SampleGen
INV-24c52967-4540-44e4-86fa-b540bd26aba7,ID207754,CID-439,24c52967-4540-44e4-86fa-b540bd26aba7,2026-03-11,2026-04-10,443.86,26.64,470.5,Issued,SampleGen
INV-2c3f8a81-2403-40b9-a45f-39abeae66d90,ID207755,CID-439,2c3f8a81-2403-40b9-a45f-39abeae66d90,2026-04-28,2026-05-28,2207.82,132.48,2340.3,Issued,SampleGen
INV-3c25c15d-e6ab-42ba-bd7f-88027f89d53b,ID207756,CID-439,3c25c15d-e6ab-42ba-bd7f-88027f89d53b,2026-04-12,2026-05-12,355.88,21.36,377.24,Issued,SampleGen
INV-fbd08669-f88d-45c5-b444-62326eed34e7,ID207757,CID-439,fbd08669-f88d-45c5-b444-62326eed34e7,2026-04-14,2026-05-14,1149.74,69.0,1218.74,Issued,SampleGen
INV-aa811f88-a88e-4cf7-b658-36ad82cc8fb7,ID207758,CID-439,aa811f88-a88e-4cf7-b658-36ad82cc8fb7,2026-04-24,2026-05-24,2239.84,134.4,2374.24,Issued,SampleGen
INV-59233c8b-ff70-44a2-b772-7ed600291d92,ID207759,CID-440,59233c8b-ff70-44a2-b772-7ed600291d92,2025-07-02,2025-08-01,1727.76,103.68,1831.44,Issued,SampleGen
INV-fb725092-11ec-4aa9-b245-4775237ef246,ID207760,CID-440,fb725092-11ec-4aa9-b245-4775237ef246,2025-12-01,2025-12-31,5111.88,306.72,5418.6,Issued,SampleGen
INV-0393c697-0d0c-4b85-9bc2-28a0f3f01936,ID207761,CID-440,0393c697-0d0c-4b85-9bc2-28a0f3f01936,2025-12-22,2026-01-21,343.86,20.64,364.5,Issued,SampleGen
INV-dbbaca89-29ba-4575-bb95-fe42e73347a3,ID207762,CID-440,dbbaca89-29ba-4575-bb95-fe42e73347a3,2026-02-21,2026-03-23,6163.78,369.84,6533.62,Issued,SampleGen
INV-4a7ddea9-460c-4a9b-bd4e-34d5250e5c65,ID207763,CID-440,4a7ddea9-460c-4a9b-bd4e-34d5250e5c65,2026-03-16,2026-04-15,997.9,59.88,1057.78,Issued,SampleGen
INV-1f743305-596c-4ffb-948b-e45f82771b87,ID207764,CID-441,1f743305-596c-4ffb-948b-e45f82771b87,2025-01-03,2025-02-02,1535.82,92.16,1627.98,Issued,SampleGen
INV-852ffc45-8a63-4294-91e0-94e45b979ec4,ID207765,CID-441,852ffc45-8a63-4294-91e0-94e45b979ec4,2025-02-28,2025-03-30,4179.78,250.8,4430.58,Issued,SampleGen
INV-84b79f34-9acc-4fa7-96f2-5d3790c9e174,ID207766,CID-441,84b79f34-9acc-4fa7-96f2-5d3790c9e174,2025-03-04,2025-04-03,499.88,30.0,529.88,Issued,SampleGen
INV-6026a7a6-2a73-49fc-b0d0-c60394e9d737,ID207767,CID-441,6026a7a6-2a73-49fc-b0d0-c60394e9d737,2025-04-21,2025-05-21,2115.88,126.96,2242.84,Issued,SampleGen
INV-35e09bae-c0af-49a9-9ce3-644a70469270,ID207768,CID-441,35e09bae-c0af-49a9-9ce3-644a70469270,2025-05-05,2025-06-04,3775.84,226.56,4002.4,Issued,SampleGen
INV-6d629fe7-078f-4738-975d-eda9fa3ce5ac,ID207769,CID-441,6d629fe7-078f-4738-975d-eda9fa3ce5ac,2025-05-24,2025-06-23,371.88,22.32,394.2,Issued,SampleGen
INV-5b195e8f-381a-41c2-af37-214c2f5f830e,ID207770,CID-441,5b195e8f-381a-41c2-af37-214c2f5f830e,2025-06-06,2025-07-06,309.86,18.6,328.46,Issued,SampleGen
INV-45e695be-f33e-49d9-8feb-ab9661fedaed,ID207771,CID-441,45e695be-f33e-49d9-8feb-ab9661fedaed,2025-07-02,2025-08-01,499.88,30.0,529.88,Issued,SampleGen
INV-37e69e11-893e-4efe-8853-0481a3056200,ID207772,CID-441,37e69e11-893e-4efe-8853-0481a3056200,2025-08-01,2025-08-31,743.76,44.64,788.4,Issued,SampleGen
INV-b4e604d6-d8b8-43bf-8330-ed00b4f9b395,ID207773,CID-441,b4e604d6-d8b8-43bf-8330-ed00b4f9b395,2025-08-08,2025-09-07,3567.88,214.08,3781.96,Issued,SampleGen
INV-640fe4fb-7ae2-4899-977a-fd68a948e84b,ID207774,CID-441,640fe4fb-7ae2-4899-977a-fd68a948e84b,2025-08-27,2025-09-26,989.82,59.4,1049.22,Issued,SampleGen
INV-d216738f-bca4-45ca-b363-5dd8608159d1,ID207775,CID-441,d216738f-bca4-45ca-b363-5dd8608159d1,2025-09-12,2025-10-12,1259.8,75.6,1335.4,Issued,SampleGen
INV-a00b1315-bcb3-4c71-b30f-bc69b73f8d03,ID207776,CID-441,a00b1315-bcb3-4c71-b30f-bc69b73f8d03,2025-09-20,2025-10-20,5267.78,316.08,5583.86,Issued,SampleGen
INV-348aa714-e009-4936-b6aa-96c7ff175815,ID207777,CID-441,348aa714-e009-4936-b6aa-96c7ff175815,2025-10-11,2025-11-10,1967.8,118.08,2085.88,Issued,SampleGen
INV-2b89c0ad-dc1a-48e4-930c-871c36659bd8,ID207778,CID-441,2b89c0ad-dc1a-48e4-930c-871c36659bd8,2025-10-12,2025-11-11,599.9,36.0,635.9,Issued,SampleGen
INV-d574fe8b-d707-4a8c-8ea1-435841cbdae2,ID207779,CID-441,d574fe8b-d707-4a8c-8ea1-435841cbdae2,2025-11-22,2025-12-22,3513.84,210.84,3724.68,Issued,SampleGen
INV-f2ed7fd6-c820-463a-93f7-3824da17485c,ID207780,CID-441,f2ed7fd6-c820-463a-93f7-3824da17485c,2025-11-20,2025-12-20,463.84,27.84,491.68,Issued,SampleGen
INV-9b031bd9-b681-49f0-aba5-1aed1758d0fd,ID207781,CID-441,9b031bd9-b681-49f0-aba5-1aed1758d0fd,2025-11-06,2025-12-06,1119.92,67.2,1187.12,Issued,SampleGen
INV-59a7c88f-8ad9-4214-bf37-570b1648cec8,ID207782,CID-441,59a7c88f-8ad9-4214-bf37-570b1648cec8,2025-12-24,2026-01-23,407.9,24.48,432.38,Issued,SampleGen
INV-5b14eedc-a169-4f65-9db6-4f6e278087ce,ID207783,CID-441,5b14eedc-a169-4f65-9db6-4f6e278087ce,2025-12-04,2026-01-03,2703.86,162.24,2866.1,Issued,SampleGen
INV-5a9a006b-ec59-4746-a551-bb69db1ebe6a,ID207784,CID-441,5a9a006b-ec59-4746-a551-bb69db1ebe6a,2026-01-18,2026-02-17,1703.88,102.24,1806.12,Issued,SampleGen
INV-d55419f3-c73e-469b-9776-2ec84f3de780,ID207785,CID-441,d55419f3-c73e-469b-9776-2ec84f3de780,2026-01-31,2026-03-02,1703.88,102.24,1806.12,Issued,SampleGen
INV-83889037-f81f-4f07-a38a-dd449c993bc2,ID207786,CID-441,83889037-f81f-4f07-a38a-dd449c993bc2,2026-01-14,2026-02-13,1735.76,104.16,1839.92,Issued,SampleGen
INV-088e854f-836a-40e7-9743-5172c932ef4a,ID207787,CID-441,088e854f-836a-40e7-9743-5172c932ef4a,2026-03-01,2026-03-31,4377.74,262.68,4640.42,Issued,SampleGen
INV-844253de-6801-411a-acd1-2d163a8aa351,ID207788,CID-441,844253de-6801-411a-acd1-2d163a8aa351,2026-02-15,2026-03-17,3679.88,220.8,3900.68,Issued,SampleGen
INV-00cfbc5f-ac9e-451b-b44e-4a5c055714f2,ID207789,CID-441,00cfbc5f-ac9e-451b-b44e-4a5c055714f2,2026-04-01,2026-05-01,1191.9,71.52,1263.42,Issued,SampleGen
INV-78b27c07-1780-4d17-87b9-e5109e31a812,ID207790,CID-441,78b27c07-1780-4d17-87b9-e5109e31a812,2026-03-07,2026-04-06,299.88,18.0,317.88,Issued,SampleGen
INV-8b105526-512f-4c49-9417-54520c99cbed,ID207791,CID-441,8b105526-512f-4c49-9417-54520c99cbed,2026-03-24,2026-04-23,1995.84,119.76,2115.6,Issued,SampleGen
INV-60f65a2e-d640-4cb0-ade8-502b0bb3dfd9,ID207792,CID-441,60f65a2e-d640-4cb0-ade8-502b0bb3dfd9,2026-04-12,2026-05-12,395.88,23.76,419.64,Issued,SampleGen
INV-c6c1c61b-10d2-4ee5-8bea-73fe361d2f83,ID207793,CID-441,c6c1c61b-10d2-4ee5-8bea-73fe361d2f83,2026-04-08,2026-05-08,821.8,49.32,871.12,Issued,SampleGen
INV-26a83575-a729-491d-96c8-ed108fcc2868,ID207794,CID-441,26a83575-a729-491d-96c8-ed108fcc2868,2026-04-04,2026-05-04,1699.82,102.0,1801.82,Issued,SampleGen
INV-c8974a55-a3c6-4e3f-8f92-297f63924318,ID207795,CID-442,c8974a55-a3c6-4e3f-8f92-297f63924318,2025-06-15,2025-07-15,991.76,59.52,1051.28,Issued,SampleGen
INV-67532c13-5c30-4e86-bcdb-33cc79b33f91,ID207796,CID-442,67532c13-5c30-4e86-bcdb-33cc79b33f91,2025-07-30,2025-08-29,433.86,26.04,459.9,Issued,SampleGen
INV-327c97b8-3f81-4b25-8fcb-1910c1d24993,ID207797,CID-442,327c97b8-3f81-4b25-8fcb-1910c1d24993,2025-08-08,2025-09-07,859.86,51.6,911.46,Issued,SampleGen
INV-e28fbc1a-d52c-4f3a-a182-9050b59d56cd,ID207798,CID-442,e28fbc1a-d52c-4f3a-a182-9050b59d56cd,2025-10-31,2025-11-30,581.82,34.92,616.74,Issued,SampleGen
INV-2f24cbd6-3aca-4632-b45d-37459b55d5b8,ID207799,CID-442,2f24cbd6-3aca-4632-b45d-37459b55d5b8,2025-11-07,2025-12-07,2139.86,128.4,2268.26,Issued,SampleGen
INV-bb424f7a-f495-479c-b2b9-853191cf7083,ID207800,CID-442,bb424f7a-f495-479c-b2b9-853191cf7083,2025-12-30,2026-01-29,6239.76,374.4,6614.16,Issued,SampleGen
INV-c78b171c-998b-4540-ba53-4c77665eedcb,ID207801,CID-442,c78b171c-998b-4540-ba53-4c77665eedcb,2026-01-05,2026-02-04,211.88,12.72,224.6,Issued,SampleGen
INV-e5b933af-fab8-46f2-86de-8a8f5cabce40,ID207802,CID-442,e5b933af-fab8-46f2-86de-8a8f5cabce40,2026-02-04,2026-03-06,1965.78,117.96,2083.74,Issued,SampleGen
INV-6b3902f4-92c1-40f9-937f-7ce05af889f6,ID207803,CID-443,6b3902f4-92c1-40f9-937f-7ce05af889f6,2025-02-25,2025-03-27,3291.78,197.52,3489.3,Issued,SampleGen
INV-adf24606-b790-46a4-972f-f5bd2fab1593,ID207804,CID-443,adf24606-b790-46a4-972f-f5bd2fab1593,2025-04-04,2025-05-04,463.84,27.84,491.68,Issued,SampleGen
INV-43a239ea-c8e7-4f60-b8a8-cb81359f976b,ID207805,CID-443,43a239ea-c8e7-4f60-b8a8-cb81359f976b,2025-07-29,2025-08-28,673.8,40.44,714.24,Issued,SampleGen
INV-9b3df111-1e9f-48d5-87b2-2e51cb060bc1,ID207806,CID-443,9b3df111-1e9f-48d5-87b2-2e51cb060bc1,2025-12-05,2026-01-04,523.9,31.44,555.34,Issued,SampleGen
INV-fdebcd6f-a2d4-45b3-b937-b46bcbc78733,ID207807,CID-444,fdebcd6f-a2d4-45b3-b937-b46bcbc78733,2025-01-28,2025-02-27,5179.7,310.8,5490.5,Issued,SampleGen
INV-96520489-ec10-4238-a61c-51ff2a5e78dd,ID207808,CID-444,96520489-ec10-4238-a61c-51ff2a5e78dd,2025-02-28,2025-03-30,2027.78,121.68,2149.46,Issued,SampleGen
INV-02b8634d-e1bb-4904-9de3-5f761de4c22b,ID207809,CID-444,02b8634d-e1bb-4904-9de3-5f761de4c22b,2025-04-05,2025-05-05,3743.76,224.64,3968.4,Issued,SampleGen
INV-fa1145d3-1b3b-42d3-b822-764c12812334,ID207810,CID-444,fa1145d3-1b3b-42d3-b822-764c12812334,2025-05-20,2025-06-19,1369.74,82.2,1451.94,Issued,SampleGen
INV-ef9aa8df-d5b6-449b-8bb1-7a5969bec882,ID207811,CID-444,ef9aa8df-d5b6-449b-8bb1-7a5969bec882,2025-06-28,2025-07-28,1669.86,100.2,1770.06,Issued,SampleGen
INV-bd55f084-f3af-4a35-a8d8-a5c9d73154db,ID207812,CID-444,bd55f084-f3af-4a35-a8d8-a5c9d73154db,2025-06-02,2025-07-02,2595.76,155.76,2751.52,Issued,SampleGen
INV-76e5c841-5641-4622-8864-c106f16e08b5,ID207813,CID-444,76e5c841-5641-4622-8864-c106f16e08b5,2025-07-11,2025-08-10,2819.86,169.2,2989.06,Issued,SampleGen
INV-0dca6cd7-7c9f-4eee-b557-d2ccbc737bb9,ID207814,CID-444,0dca6cd7-7c9f-4eee-b557-d2ccbc737bb9,2025-08-02,2025-09-01,1343.72,80.64,1424.36,Issued,SampleGen
INV-7d5fa517-8d9c-43b0-bd70-2376f8eb12b3,ID207815,CID-444,7d5fa517-8d9c-43b0-bd70-2376f8eb12b3,2025-09-24,2025-10-24,6503.8,390.24,6894.04,Issued,SampleGen
INV-f0f89267-e026-4b23-847b-0ad9fda57145,ID207816,CID-444,f0f89267-e026-4b23-847b-0ad9fda57145,2025-09-06,2025-10-06,5059.72,303.6,5363.32,Issued,SampleGen
INV-deee7d99-e86b-4711-9b45-da9c3a0d6af6,ID207817,CID-444,deee7d99-e86b-4711-9b45-da9c3a0d6af6,2025-10-22,2025-11-21,671.86,40.32,712.18,Issued,SampleGen
INV-504c6874-b823-4f6a-a154-73aebf1253e8,ID207818,CID-444,504c6874-b823-4f6a-a154-73aebf1253e8,2025-10-03,2025-11-02,4399.72,264.0,4663.72,Issued,SampleGen
INV-3a7cf282-cdc0-4588-8f49-b0c35c8ac366,ID207819,CID-444,3a7cf282-cdc0-4588-8f49-b0c35c8ac366,2025-11-16,2025-12-16,4399.8,264.0,4663.8,Issued,SampleGen
INV-28624f75-a14b-40dd-8180-00b7d9f58bae,ID207820,CID-444,28624f75-a14b-40dd-8180-00b7d9f58bae,2025-12-22,2026-01-21,1007.84,60.48,1068.32,Issued,SampleGen
INV-53874c3a-4bf7-4838-9586-b65cd4d29f33,ID207821,CID-444,53874c3a-4bf7-4838-9586-b65cd4d29f33,2025-12-05,2026-01-04,3107.82,186.48,3294.3,Issued,SampleGen
INV-f252eea4-2be8-4d8c-9ee2-45ffd45c3ee2,ID207822,CID-444,f252eea4-2be8-4d8c-9ee2-45ffd45c3ee2,2026-01-13,2026-02-12,1879.88,112.8,1992.68,Issued,SampleGen
INV-a0e211e1-a37a-48d0-94b2-42ee9af570dd,ID207823,CID-444,a0e211e1-a37a-48d0-94b2-42ee9af570dd,2026-01-02,2026-02-01,977.74,58.68,1036.42,Issued,SampleGen
INV-05eceb97-9935-4223-a6ca-0915ae1540ba,ID207824,CID-444,05eceb97-9935-4223-a6ca-0915ae1540ba,2026-02-16,2026-03-18,2343.82,140.64,2484.46,Issued,SampleGen
INV-d9caee8f-2dba-432a-9c03-311294f964e6,ID207825,CID-444,d9caee8f-2dba-432a-9c03-311294f964e6,2026-04-01,2026-05-01,4591.74,275.52,4867.26,Issued,SampleGen
INV-31f57d40-567c-44d2-82f3-c2f8c5f4cc87,ID207826,CID-444,31f57d40-567c-44d2-82f3-c2f8c5f4cc87,2026-03-20,2026-04-19,1097.84,65.88,1163.72,Issued,SampleGen
INV-b0e9c801-c120-4d8b-9853-c111b1c992e4,ID207827,CID-444,b0e9c801-c120-4d8b-9853-c111b1c992e4,2026-04-20,2026-05-20,429.86,25.8,455.66,Issued,SampleGen
INV-153f79db-8a28-475c-b666-0a2e7a76cfba,ID207828,CID-444,153f79db-8a28-475c-b666-0a2e7a76cfba,2026-04-14,2026-05-14,2023.88,121.44,2145.32,Issued,SampleGen
INV-d1b0c7d3-0f59-49c3-99ee-91028eeea362,ID207829,CID-445,d1b0c7d3-0f59-49c3-99ee-91028eeea362,2025-02-01,2025-03-03,3815.82,228.96,4044.78,Issued,SampleGen
INV-8a3debd6-1f08-46b7-90e4-e1a81314d61f,ID207830,CID-445,8a3debd6-1f08-46b7-90e4-e1a81314d61f,2025-02-24,2025-03-26,1679.88,100.8,1780.68,Issued,SampleGen
INV-441e8ce9-4668-453d-948f-02320eb58873,ID207831,CID-445,441e8ce9-4668-453d-948f-02320eb58873,2025-03-23,2025-04-22,3935.76,236.16,4171.92,Issued,SampleGen
INV-57661069-d445-42c2-8956-828fe0612f6c,ID207832,CID-445,57661069-d445-42c2-8956-828fe0612f6c,2025-04-21,2025-05-21,919.9,55.2,975.1,Issued,SampleGen
INV-af5f3537-928d-45a8-8eaa-0ef24759a853,ID207833,CID-445,af5f3537-928d-45a8-8eaa-0ef24759a853,2025-05-17,2025-06-16,1165.72,69.96,1235.68,Issued,SampleGen
INV-613a891c-8425-4172-8a64-a8d955861a5b,ID207834,CID-445,613a891c-8425-4172-8a64-a8d955861a5b,2025-05-25,2025-06-24,3581.86,214.92,3796.78,Issued,SampleGen
INV-45cc8ea4-325b-415b-ab0f-58151ef6d431,ID207835,CID-445,45cc8ea4-325b-415b-ab0f-58151ef6d431,2025-06-04,2025-07-04,943.92,56.64,1000.56,Issued,SampleGen
INV-bcec69c5-d24b-489e-9005-c1a3fb41b40e,ID207836,CID-445,bcec69c5-d24b-489e-9005-c1a3fb41b40e,2025-06-18,2025-07-18,3407.84,204.48,3612.32,Issued,SampleGen
INV-32a59edb-6f73-4c29-8738-89ac5d4a851c,ID207837,CID-445,32a59edb-6f73-4c29-8738-89ac5d4a851c,2025-07-30,2025-08-29,2407.76,144.48,2552.24,Issued,SampleGen
INV-06c9c1e8-7c3a-4329-bde3-a3b6dcc30b30,ID207838,CID-445,06c9c1e8-7c3a-4329-bde3-a3b6dcc30b30,2025-07-26,2025-08-25,299.88,18.0,317.88,Issued,SampleGen
INV-23cd7afa-719b-4e06-9629-beab5aadfc39,ID207839,CID-445,23cd7afa-719b-4e06-9629-beab5aadfc39,2025-08-21,2025-09-20,4347.82,260.88,4608.7,Issued,SampleGen
INV-93aed9e3-451b-494c-97b5-062000b7ad4b,ID207840,CID-445,93aed9e3-451b-494c-97b5-062000b7ad4b,2025-09-29,2025-10-29,1467.82,88.08,1555.9,Issued,SampleGen
INV-25593b38-ff19-434d-907f-a58512090a5d,ID207841,CID-445,25593b38-ff19-434d-907f-a58512090a5d,2025-09-24,2025-10-24,5043.76,302.64,5346.4,Issued,SampleGen
INV-d5eed591-fb91-4e32-9bbb-312b0f9b988b,ID207842,CID-445,d5eed591-fb91-4e32-9bbb-312b0f9b988b,2025-10-04,2025-11-03,3743.82,224.64,3968.46,Issued,SampleGen
INV-90cf8bf5-67eb-466d-a968-a8ef91fcef1e,ID207843,CID-445,90cf8bf5-67eb-466d-a968-a8ef91fcef1e,2025-10-07,2025-11-06,709.82,42.6,752.42,Issued,SampleGen
INV-b1ba525b-8f27-4661-a440-40cca67573ad,ID207844,CID-445,b1ba525b-8f27-4661-a440-40cca67573ad,2025-11-18,2025-12-18,1559.9,93.6,1653.5,Issued,SampleGen
INV-92f924bd-7865-4803-aaa0-94307691ba33,ID207845,CID-445,92f924bd-7865-4803-aaa0-94307691ba33,2025-11-16,2025-12-16,5059.8,303.6,5363.4,Issued,SampleGen
INV-d48330c3-fb43-414c-93b1-4d20354ab908,ID207846,CID-445,d48330c3-fb43-414c-93b1-4d20354ab908,2025-11-30,2025-12-30,4053.7,243.24,4296.94,Issued,SampleGen
INV-62cc49e5-61b7-40ea-8037-ffa9681d0cb2,ID207847,CID-445,62cc49e5-61b7-40ea-8037-ffa9681d0cb2,2025-12-15,2026-01-14,879.84,52.8,932.64,Issued,SampleGen
INV-49b7137d-75b8-4e34-8727-51acd3c4d2a3,ID207848,CID-445,49b7137d-75b8-4e34-8727-51acd3c4d2a3,2025-12-07,2026-01-06,2495.8,149.76,2645.56,Issued,SampleGen
INV-f52200a7-573a-4772-9951-11819fd13ed6,ID207849,CID-445,f52200a7-573a-4772-9951-11819fd13ed6,2025-12-20,2026-01-19,3189.76,191.4,3381.16,Issued,SampleGen
INV-8a326f17-7dd2-4393-96e8-356fae9fa3e1,ID207850,CID-445,8a326f17-7dd2-4393-96e8-356fae9fa3e1,2026-01-23,2026-02-22,1739.8,104.4,1844.2,Issued,SampleGen
INV-4caab9f3-e26a-4366-a08d-7824d4b27dc5,ID207851,CID-445,4caab9f3-e26a-4366-a08d-7824d4b27dc5,2026-01-23,2026-02-22,3183.84,191.04,3374.88,Issued,SampleGen
INV-903a612f-0f98-482a-9260-59b0154d22d6,ID207852,CID-445,903a612f-0f98-482a-9260-59b0154d22d6,2026-02-20,2026-03-22,1095.8,65.76,1161.56,Issued,SampleGen
INV-fcb811f7-dc65-4696-a1f7-69b2250b2277,ID207853,CID-445,fcb811f7-dc65-4696-a1f7-69b2250b2277,2026-02-26,2026-03-28,1439.84,86.4,1526.24,Issued,SampleGen
INV-66b5fbe1-3cea-4514-ab5d-8546528001fa,ID207854,CID-445,66b5fbe1-3cea-4514-ab5d-8546528001fa,2026-03-26,2026-04-25,2883.7,173.04,3056.74,Issued,SampleGen
INV-bc99374c-1bdb-44b0-996b-67529c5c125a,ID207855,CID-445,bc99374c-1bdb-44b0-996b-67529c5c125a,2026-03-22,2026-04-21,5495.76,329.76,5825.52,Issued,SampleGen
INV-f9f1db75-1764-4183-bb96-7b256671e392,ID207856,CID-445,f9f1db75-1764-4183-bb96-7b256671e392,2026-04-29,2026-05-29,527.88,31.68,559.56,Issued,SampleGen
INV-ffdbbc62-ed32-4613-8030-03196434aeb1,ID207857,CID-445,ffdbbc62-ed32-4613-8030-03196434aeb1,2026-04-10,2026-05-10,763.84,45.84,809.68,Issued,SampleGen
INV-264dd7fe-6967-4f77-b4da-a09e26f49266,ID207858,CID-445,264dd7fe-6967-4f77-b4da-a09e26f49266,2026-04-13,2026-05-13,543.92,32.64,576.56,Issued,SampleGen
INV-4b92725f-9bf6-4ffc-bdfa-42fa8fbd5435,ID207859,CID-446,4b92725f-9bf6-4ffc-bdfa-42fa8fbd5435,2025-05-12,2025-06-11,1777.74,106.68,1884.42,Issued,SampleGen
INV-4c6ed05d-0c27-43a4-bebd-ff49f9f22502,ID207860,CID-446,4c6ed05d-0c27-43a4-bebd-ff49f9f22502,2025-06-12,2025-07-12,2661.86,159.72,2821.58,Issued,SampleGen
INV-f229eb1e-e9d3-4d65-b37a-c91bc58e3598,ID207861,CID-446,f229eb1e-e9d3-4d65-b37a-c91bc58e3598,2025-07-05,2025-08-04,3459.76,207.6,3667.36,Issued,SampleGen
INV-190c17b2-3cf1-4e8a-8d33-128107205ee6,ID207862,CID-446,190c17b2-3cf1-4e8a-8d33-128107205ee6,2025-08-10,2025-09-09,1791.88,107.52,1899.4,Issued,SampleGen
INV-9e513e18-5bdf-4483-907d-593822bd5fd7,ID207863,CID-446,9e513e18-5bdf-4483-907d-593822bd5fd7,2025-10-01,2025-10-31,413.88,24.84,438.72,Issued,SampleGen
INV-52af95fc-072e-4dbd-8092-d5e421ea194f,ID207864,CID-446,52af95fc-072e-4dbd-8092-d5e421ea194f,2026-04-01,2026-05-01,1283.74,77.04,1360.78,Issued,SampleGen
INV-768d8a89-f26a-4d63-b7c0-d38977391704,ID207865,CID-447,768d8a89-f26a-4d63-b7c0-d38977391704,2026-02-16,2026-03-18,1955.8,117.36,2073.16,Issued,SampleGen
INV-2309164a-4258-4d9a-9cc6-6c484f64f9d0,ID207866,CID-448,2309164a-4258-4d9a-9cc6-6c484f64f9d0,2025-02-20,2025-03-22,1491.82,89.52,1581.34,Issued,SampleGen
INV-08451476-e710-42b9-a633-33042adda8dd,ID207867,CID-448,08451476-e710-42b9-a633-33042adda8dd,2025-04-28,2025-05-28,3119.84,187.2,3307.04,Issued,SampleGen
INV-cf85ab72-7507-4d70-8d2d-b2ffa7f9ce6c,ID207868,CID-448,cf85ab72-7507-4d70-8d2d-b2ffa7f9ce6c,2025-05-31,2025-06-30,631.84,37.92,669.76,Issued,SampleGen
INV-45c06918-6144-4a71-a59f-b520b4de176b,ID207869,CID-448,45c06918-6144-4a71-a59f-b520b4de176b,2025-06-04,2025-07-04,1601.8,96.12,1697.92,Issued,SampleGen
INV-cc967046-f0ae-4f1a-9400-d1eb753c433f,ID207870,CID-448,cc967046-f0ae-4f1a-9400-d1eb753c433f,2025-07-07,2025-08-06,459.9,27.6,487.5,Issued,SampleGen
INV-573a3622-f9d9-4c69-a123-bff2bad3e1c8,ID207871,CID-448,573a3622-f9d9-4c69-a123-bff2bad3e1c8,2025-08-26,2025-09-25,2261.78,135.72,2397.5,Issued,SampleGen
INV-03ef5198-e7c2-4448-9f1f-1c0fac6de5a5,ID207872,CID-448,03ef5198-e7c2-4448-9f1f-1c0fac6de5a5,2025-08-04,2025-09-03,1901.9,114.12,2016.02,Issued,SampleGen
INV-50d8ad61-6119-4d3e-beb5-3c18f7ff914f,ID207873,CID-448,50d8ad61-6119-4d3e-beb5-3c18f7ff914f,2025-09-06,2025-10-06,2719.76,163.2,2882.96,Issued,SampleGen
INV-4da19292-6733-442f-b20a-7e0dbbfb49d0,ID207874,CID-448,4da19292-6733-442f-b20a-7e0dbbfb49d0,2025-10-26,2025-11-25,965.78,57.96,1023.74,Issued,SampleGen
INV-a7596e69-7362-4a22-9d65-0f3a47ec3462,ID207875,CID-448,a7596e69-7362-4a22-9d65-0f3a47ec3462,2025-10-27,2025-11-26,4667.8,280.08,4947.88,Issued,SampleGen
INV-a2635517-0492-49d1-ad7d-e3309ffcacc7,ID207876,CID-448,a2635517-0492-49d1-ad7d-e3309ffcacc7,2025-11-23,2025-12-23,4695.78,281.76,4977.54,Issued,SampleGen
INV-b4cf59b7-130e-4ecf-9d9d-585d5ce31d0e,ID207877,CID-448,b4cf59b7-130e-4ecf-9d9d-585d5ce31d0e,2026-01-01,2026-01-31,3095.88,185.76,3281.64,Issued,SampleGen
INV-997d20a8-9cbc-4cf4-a39d-f713762554c4,ID207878,CID-448,997d20a8-9cbc-4cf4-a39d-f713762554c4,2025-12-16,2026-01-15,1371.86,82.32,1454.18,Issued,SampleGen
INV-067d612b-5485-4c83-a8ce-1dca75ff8459,ID207879,CID-448,067d612b-5485-4c83-a8ce-1dca75ff8459,2026-01-20,2026-02-19,7031.72,421.92,7453.64,Issued,SampleGen
INV-fb46930d-b5db-4916-8c97-2d10ac122a52,ID207880,CID-448,fb46930d-b5db-4916-8c97-2d10ac122a52,2026-01-08,2026-02-07,5559.76,333.6,5893.36,Issued,SampleGen
INV-035c2e73-da41-450b-915e-806c94c0f1d2,ID207881,CID-448,035c2e73-da41-450b-915e-806c94c0f1d2,2026-02-14,2026-03-16,4423.74,265.44,4689.18,Issued,SampleGen
INV-7ff860cf-90dd-4b6a-a8da-205826b2df3a,ID207882,CID-448,7ff860cf-90dd-4b6a-a8da-205826b2df3a,2026-02-22,2026-03-24,963.8,57.84,1021.64,Issued,SampleGen
INV-96bb5b6d-dd86-415f-ac28-425d5fb34449,ID207883,CID-448,96bb5b6d-dd86-415f-ac28-425d5fb34449,2026-03-12,2026-04-11,1343.74,80.64,1424.38,Issued,SampleGen
INV-6c74aa1e-72aa-442f-9f4a-2eab0609053a,ID207884,CID-448,6c74aa1e-72aa-442f-9f4a-2eab0609053a,2026-03-30,2026-04-29,2421.74,145.32,2567.06,Issued,SampleGen
INV-b17c118a-3dc2-4b1f-b4c7-0fc02a022d13,ID207885,CID-448,b17c118a-3dc2-4b1f-b4c7-0fc02a022d13,2026-04-28,2026-05-28,1235.82,74.16,1309.98,Issued,SampleGen
INV-0cd178eb-a61c-486f-8e8b-7fe5c758c0cd,ID207886,CID-448,0cd178eb-a61c-486f-8e8b-7fe5c758c0cd,2026-04-24,2026-05-24,3293.82,197.64,3491.46,Issued,SampleGen
INV-c2f63757-2312-4266-b5b9-2276692bbacf,ID207887,CID-449,c2f63757-2312-4266-b5b9-2276692bbacf,2025-01-27,2025-02-26,2231.8,133.92,2365.72,Issued,SampleGen
INV-10acaace-d566-4450-a571-e7a98f0065b2,ID207888,CID-449,10acaace-d566-4450-a571-e7a98f0065b2,2025-02-04,2025-03-06,5861.74,351.72,6213.46,Issued,SampleGen
INV-7ffa39a6-a40d-4570-b83f-c92a4b54dbe3,ID207889,CID-449,7ffa39a6-a40d-4570-b83f-c92a4b54dbe3,2025-04-19,2025-05-19,2071.88,124.32,2196.2,Issued,SampleGen
INV-e7656b04-7145-4ebb-b317-4c3b695eaaac,ID207890,CID-449,e7656b04-7145-4ebb-b317-4c3b695eaaac,2025-05-21,2025-06-20,2157.82,129.48,2287.3,Issued,SampleGen
INV-709f1a49-b188-4d64-9944-caa4edc90b34,ID207891,CID-449,709f1a49-b188-4d64-9944-caa4edc90b34,2025-06-06,2025-07-06,4893.74,293.64,5187.38,Issued,SampleGen
INV-6356096a-57af-4ff7-aef4-7d67f797ab93,ID207892,CID-449,6356096a-57af-4ff7-aef4-7d67f797ab93,2025-08-01,2025-08-31,1691.82,101.52,1793.34,Issued,SampleGen
INV-a3b95a9b-54e9-4949-8f0d-5a15289c5e32,ID207893,CID-449,a3b95a9b-54e9-4949-8f0d-5a15289c5e32,2025-08-15,2025-09-14,4581.74,274.92,4856.66,Issued,SampleGen
INV-f3fb4d34-fd97-495b-9970-a37fbf2d8e00,ID207894,CID-449,f3fb4d34-fd97-495b-9970-a37fbf2d8e00,2025-09-30,2025-10-30,479.9,28.8,508.7,Issued,SampleGen
INV-cc8da76c-3d86-4817-aea6-3f7bd828c55f,ID207895,CID-449,cc8da76c-3d86-4817-aea6-3f7bd828c55f,2025-09-25,2025-10-25,813.82,48.84,862.66,Issued,SampleGen
INV-6e1b44cd-5e98-453d-a596-a93366871dda,ID207896,CID-449,6e1b44cd-5e98-453d-a596-a93366871dda,2025-10-14,2025-11-13,2477.82,148.68,2626.5,Issued,SampleGen
INV-6378424e-45b8-44d7-8d7a-94f8d70071bd,ID207897,CID-449,6378424e-45b8-44d7-8d7a-94f8d70071bd,2025-11-02,2025-12-02,2631.7,157.92,2789.62,Issued,SampleGen
INV-b1548ce4-68a5-482c-a4b2-4d687784826b,ID207898,CID-449,b1548ce4-68a5-482c-a4b2-4d687784826b,2025-11-25,2025-12-25,1511.74,90.72,1602.46,Issued,SampleGen
INV-055ae661-5579-4332-8251-a304b360a3ca,ID207899,CID-449,055ae661-5579-4332-8251-a304b360a3ca,2026-01-01,2026-01-31,3867.76,232.08,4099.84,Issued,SampleGen
INV-4c89500d-720b-4896-a6b6-c6186197eb61,ID207900,CID-449,4c89500d-720b-4896-a6b6-c6186197eb61,2025-12-20,2026-01-19,1647.78,98.88,1746.66,Issued,SampleGen
INV-0cd41c50-e24a-4578-aee1-43a1f88093db,ID207901,CID-449,0cd41c50-e24a-4578-aee1-43a1f88093db,2026-01-22,2026-02-21,4547.86,272.88,4820.74,Issued,SampleGen
INV-5eea42c8-59a6-4381-8a40-39e415d57392,ID207902,CID-449,5eea42c8-59a6-4381-8a40-39e415d57392,2026-01-19,2026-02-18,2823.88,169.44,2993.32,Issued,SampleGen
INV-d5f9b472-a53f-4646-9b31-c9b810b8d4dc,ID207903,CID-449,d5f9b472-a53f-4646-9b31-c9b810b8d4dc,2026-02-06,2026-03-08,4121.8,247.32,4369.12,Issued,SampleGen
INV-b3c77f75-69fe-49fd-a290-9d55cfcda3fc,ID207904,CID-449,b3c77f75-69fe-49fd-a290-9d55cfcda3fc,2026-04-01,2026-05-01,607.86,36.48,644.34,Issued,SampleGen
INV-ce06c21e-0934-4549-b4c4-dcf1d8805442,ID207905,CID-449,ce06c21e-0934-4549-b4c4-dcf1d8805442,2026-03-30,2026-04-29,899.92,54.0,953.92,Issued,SampleGen
INV-3ce715b3-2d5e-4562-a30f-eed8b8b7f757,ID207906,CID-449,3ce715b3-2d5e-4562-a30f-eed8b8b7f757,2026-04-24,2026-05-24,2647.72,158.88,2806.6,Issued,SampleGen
INV-083ce800-5d1f-44ce-b2fd-e7e4eda131a9,ID207907,CID-449,083ce800-5d1f-44ce-b2fd-e7e4eda131a9,2026-04-06,2026-05-06,685.78,41.16,726.94,Issued,SampleGen
INV-54828686-dd62-49f4-9c0a-9a601316643b,ID207908,CID-450,54828686-dd62-49f4-9c0a-9a601316643b,2025-11-14,2025-12-14,471.86,28.32,500.18,Issued,SampleGen
INV-f8b6927e-fff4-48a9-9586-194491dd055c,ID207909,CID-450,f8b6927e-fff4-48a9-9586-194491dd055c,2026-03-14,2026-04-13,1749.78,105.0,1854.78,Issued,SampleGen
INV-654e8440-1d65-4b81-bf79-2de71e144de2,ID207910,CID-451,654e8440-1d65-4b81-bf79-2de71e144de2,2025-01-28,2025-02-27,1559.92,93.6,1653.52,Issued,SampleGen
INV-35012d45-8896-4c77-bc60-65c35eb67b70,ID207911,CID-451,35012d45-8896-4c77-bc60-65c35eb67b70,2025-02-06,2025-03-08,517.86,31.08,548.94,Issued,SampleGen
INV-79655736-9e12-4429-9cb0-f6a8fb8b12ac,ID207912,CID-451,79655736-9e12-4429-9cb0-f6a8fb8b12ac,2025-03-26,2025-04-25,2197.74,131.88,2329.62,Issued,SampleGen
INV-ca377d69-c401-405a-beb8-942c03314e4b,ID207913,CID-451,ca377d69-c401-405a-beb8-942c03314e4b,2025-04-19,2025-05-19,5087.8,305.28,5393.08,Issued,SampleGen
INV-0076013f-da1b-4424-a0d2-af977b3dd90c,ID207914,CID-451,0076013f-da1b-4424-a0d2-af977b3dd90c,2025-05-08,2025-06-07,917.76,55.08,972.84,Issued,SampleGen
INV-149fdb16-b304-4926-b5d2-a9a0949fea58,ID207915,CID-451,149fdb16-b304-4926-b5d2-a9a0949fea58,2025-05-24,2025-06-23,2939.82,176.4,3116.22,Issued,SampleGen
INV-97d1f42c-ca7e-43b0-9b3a-481c148ddfb5,ID207916,CID-451,97d1f42c-ca7e-43b0-9b3a-481c148ddfb5,2025-06-16,2025-07-16,1403.86,84.24,1488.1,Issued,SampleGen
INV-629f2e60-19fe-4b64-bad9-3af1bc35b3a9,ID207917,CID-451,629f2e60-19fe-4b64-bad9-3af1bc35b3a9,2025-06-17,2025-07-17,2091.8,125.52,2217.32,Issued,SampleGen
INV-6b7b78f5-a4cf-44aa-8c1d-9dc4a76c0cb3,ID207918,CID-451,6b7b78f5-a4cf-44aa-8c1d-9dc4a76c0cb3,2025-07-17,2025-08-16,5035.7,302.16,5337.86,Issued,SampleGen
INV-ffd798bd-e99e-4c70-953e-7db921227999,ID207919,CID-451,ffd798bd-e99e-4c70-953e-7db921227999,2025-07-27,2025-08-26,1619.88,97.2,1717.08,Issued,SampleGen
INV-85eafa67-b0c7-40ef-bfce-e87ae3f39208,ID207920,CID-451,85eafa67-b0c7-40ef-bfce-e87ae3f39208,2025-08-08,2025-09-07,495.84,29.76,525.6,Issued,SampleGen
INV-5aaf8fc0-118f-4423-81eb-f18af8dd8de0,ID207921,CID-451,5aaf8fc0-118f-4423-81eb-f18af8dd8de0,2025-08-09,2025-09-08,3737.82,224.28,3962.1,Issued,SampleGen
INV-3595dd70-3b87-440f-a064-510f5146f49c,ID207922,CID-451,3595dd70-3b87-440f-a064-510f5146f49c,2025-09-18,2025-10-18,927.78,55.68,983.46,Issued,SampleGen
INV-c09a2cd8-ddb3-4a92-86dd-213f695cc1b8,ID207923,CID-451,c09a2cd8-ddb3-4a92-86dd-213f695cc1b8,2025-10-17,2025-11-16,1265.74,75.96,1341.7,Issued,SampleGen
INV-5c171612-2ac3-480d-bc73-0d9fac577c75,ID207924,CID-451,5c171612-2ac3-480d-bc73-0d9fac577c75,2025-10-02,2025-11-01,2115.78,126.96,2242.74,Issued,SampleGen
INV-9c7a58ff-0ae0-40ed-a209-672eeb6dd15e,ID207925,CID-451,9c7a58ff-0ae0-40ed-a209-672eeb6dd15e,2025-11-02,2025-12-02,3223.88,193.44,3417.32,Issued,SampleGen
INV-4c6db6ef-9993-48ec-8db2-449a58cf67a2,ID207926,CID-451,4c6db6ef-9993-48ec-8db2-449a58cf67a2,2025-11-26,2025-12-26,2383.74,143.04,2526.78,Issued,SampleGen
INV-769f65d6-0df5-4d98-9cd1-f236c6c91853,ID207927,CID-451,769f65d6-0df5-4d98-9cd1-f236c6c91853,2025-12-20,2026-01-19,1337.88,80.28,1418.16,Issued,SampleGen
INV-6fd34771-ff66-41c7-a91b-e460e8e8e355,ID207928,CID-451,6fd34771-ff66-41c7-a91b-e460e8e8e355,2025-12-08,2026-01-07,5375.8,322.56,5698.36,Issued,SampleGen
INV-3a8c48fc-8260-4a30-9530-33c964d39972,ID207929,CID-451,3a8c48fc-8260-4a30-9530-33c964d39972,2026-01-30,2026-03-01,1319.84,79.2,1399.04,Issued,SampleGen
INV-191e6397-b886-4b13-a83c-9b056294679e,ID207930,CID-451,191e6397-b886-4b13-a83c-9b056294679e,2026-01-04,2026-02-03,2115.72,126.96,2242.68,Issued,SampleGen
INV-3876ee51-ce06-4a3b-8941-47b071d05b63,ID207931,CID-451,3876ee51-ce06-4a3b-8941-47b071d05b63,2026-02-26,2026-03-28,449.88,27.0,476.88,Issued,SampleGen
INV-19499498-6029-49e7-8c7f-f79322083394,ID207932,CID-451,19499498-6029-49e7-8c7f-f79322083394,2026-02-23,2026-03-25,2111.78,126.72,2238.5,Issued,SampleGen
INV-09537e8d-fbbc-4244-83a6-0fb1df107542,ID207933,CID-451,09537e8d-fbbc-4244-83a6-0fb1df107542,2026-03-07,2026-04-06,719.86,43.2,763.06,Issued,SampleGen
INV-20bf33c4-f793-4591-b29e-59db7cbad63d,ID207934,CID-451,20bf33c4-f793-4591-b29e-59db7cbad63d,2026-03-30,2026-04-29,1101.82,66.12,1167.94,Issued,SampleGen
INV-20ecea7e-9dca-434f-b22d-6f1082634ef3,ID207935,CID-451,20ecea7e-9dca-434f-b22d-6f1082634ef3,2026-04-11,2026-05-11,249.9,15.0,264.9,Issued,SampleGen
INV-86d80611-98bc-45a3-817c-afbeeb98f7ef,ID207936,CID-451,86d80611-98bc-45a3-817c-afbeeb98f7ef,2026-04-11,2026-05-11,1467.78,88.08,1555.86,Issued,SampleGen
INV-e4c393ed-27dc-48df-9bb1-524a56bf6925,ID207937,CID-452,e4c393ed-27dc-48df-9bb1-524a56bf6925,2025-02-10,2025-03-12,4487.76,269.28,4757.04,Issued,SampleGen
INV-1b715717-1c5d-415d-b4ad-5b241947b71b,ID207938,CID-452,1b715717-1c5d-415d-b4ad-5b241947b71b,2025-03-19,2025-04-18,3683.86,221.04,3904.9,Issued,SampleGen
INV-49941027-241b-41ff-a49e-139e4a02a9c0,ID207939,CID-452,49941027-241b-41ff-a49e-139e4a02a9c0,2025-05-01,2025-05-31,4339.82,260.4,4600.22,Issued,SampleGen
INV-3072d730-680e-4937-a2ce-3372317f605b,ID207940,CID-452,3072d730-680e-4937-a2ce-3372317f605b,2025-10-15,2025-11-14,1397.76,83.88,1481.64,Issued,SampleGen
INV-21deb8f9-9413-409e-807b-d130dec36109,ID207941,CID-452,21deb8f9-9413-409e-807b-d130dec36109,2025-12-20,2026-01-19,3123.78,187.44,3311.22,Issued,SampleGen
INV-a41249f0-1f6a-40ac-8254-ce0418a89a24,ID207942,CID-452,a41249f0-1f6a-40ac-8254-ce0418a89a24,2026-02-09,2026-03-11,533.9,32.04,565.94,Issued,SampleGen
INV-88802e3e-ca79-40d1-ab93-44f4285532b7,ID207943,CID-452,88802e3e-ca79-40d1-ab93-44f4285532b7,2026-04-12,2026-05-12,2023.8,121.44,2145.24,Issued,SampleGen
INV-e1c01f99-96a6-4874-97ab-0a1e8feccb08,ID207944,CID-453,e1c01f99-96a6-4874-97ab-0a1e8feccb08,2025-02-25,2025-03-27,4283.74,257.04,4540.78,Issued,SampleGen
INV-468fc7d1-b18a-415d-9755-df898092aa1e,ID207945,CID-453,468fc7d1-b18a-415d-9755-df898092aa1e,2025-05-10,2025-06-09,1347.78,80.88,1428.66,Issued,SampleGen
INV-1bd1cc45-1d80-4137-abfa-1bca7b85549b,ID207946,CID-453,1bd1cc45-1d80-4137-abfa-1bca7b85549b,2025-06-28,2025-07-28,4103.72,246.24,4349.96,Issued,SampleGen
INV-2ec76310-8c05-4d93-9307-30351b70a645,ID207947,CID-453,2ec76310-8c05-4d93-9307-30351b70a645,2025-07-06,2025-08-05,1679.74,100.8,1780.54,Issued,SampleGen
INV-035e75d8-ca39-4481-ad00-fae58a6abe46,ID207948,CID-453,035e75d8-ca39-4481-ad00-fae58a6abe46,2025-08-23,2025-09-22,3955.72,237.36,4193.08,Issued,SampleGen
INV-40414517-42d8-4595-a639-645badc2d4ad,ID207949,CID-453,40414517-42d8-4595-a639-645badc2d4ad,2025-09-23,2025-10-23,6999.8,420.0,7419.8,Issued,SampleGen
INV-094c52fe-8283-48d9-b884-c644ec622b6a,ID207950,CID-453,094c52fe-8283-48d9-b884-c644ec622b6a,2025-10-14,2025-11-13,2819.86,169.2,2989.06,Issued,SampleGen
INV-bcb3ee6d-65c5-4fe5-8278-eff9f60ae8e9,ID207951,CID-453,bcb3ee6d-65c5-4fe5-8278-eff9f60ae8e9,2025-11-28,2025-12-28,5081.76,304.92,5386.68,Issued,SampleGen
INV-8b8c6d2c-d45f-421e-a854-b0d1b923d45d,ID207952,CID-453,8b8c6d2c-d45f-421e-a854-b0d1b923d45d,2025-12-09,2026-01-08,499.88,30.0,529.88,Issued,SampleGen
INV-60d1c020-72ff-4747-8077-0fbf99210f9f,ID207953,CID-453,60d1c020-72ff-4747-8077-0fbf99210f9f,2026-01-24,2026-02-23,1271.9,76.32,1348.22,Issued,SampleGen
INV-22fb389b-4fc2-4e08-bdac-2d0bcf5626cc,ID207954,CID-453,22fb389b-4fc2-4e08-bdac-2d0bcf5626cc,2026-02-05,2026-03-07,6681.72,400.92,7082.64,Issued,SampleGen
INV-44ebfca5-a869-4e1f-be8d-5488d8d1c236,ID207955,CID-453,44ebfca5-a869-4e1f-be8d-5488d8d1c236,2026-03-14,2026-04-13,1531.82,91.92,1623.74,Issued,SampleGen
INV-572e2f7a-e5fc-459f-a498-e684e2dcaf49,ID207956,CID-453,572e2f7a-e5fc-459f-a498-e684e2dcaf49,2026-04-23,2026-05-23,445.9,26.76,472.66,Issued,SampleGen
INV-fcbc55ca-d3e7-4061-bed3-4d0aefd0cc0f,ID207957,CID-454,fcbc55ca-d3e7-4061-bed3-4d0aefd0cc0f,2025-02-01,2025-03-03,1685.76,101.16,1786.92,Issued,SampleGen
INV-b4204b0b-0798-4cfb-b877-212590237661,ID207958,CID-454,b4204b0b-0798-4cfb-b877-212590237661,2025-03-21,2025-04-20,839.86,50.4,890.26,Issued,SampleGen
INV-82297bb6-1ec1-451d-bc3c-af58bc146f01,ID207959,CID-454,82297bb6-1ec1-451d-bc3c-af58bc146f01,2025-04-13,2025-05-13,2279.88,136.8,2416.68,Issued,SampleGen
INV-018d16e0-a33c-405f-b443-474ad2d5a7bc,ID207960,CID-454,018d16e0-a33c-405f-b443-474ad2d5a7bc,2025-05-03,2025-06-02,3139.74,188.4,3328.14,Issued,SampleGen
INV-90c02f38-3824-4cb0-a5f8-e12aaeb907df,ID207961,CID-454,90c02f38-3824-4cb0-a5f8-e12aaeb907df,2025-07-08,2025-08-07,5471.76,328.32,5800.08,Issued,SampleGen
INV-0a3c8914-85a8-4b7c-8265-86d9fd90d218,ID207962,CID-454,0a3c8914-85a8-4b7c-8265-86d9fd90d218,2025-10-01,2025-10-31,541.86,32.52,574.38,Issued,SampleGen
INV-46a94b6d-85c0-4a71-b318-3acdb67fcea7,ID207963,CID-454,46a94b6d-85c0-4a71-b318-3acdb67fcea7,2026-01-17,2026-02-16,4053.74,243.24,4296.98,Issued,SampleGen
INV-7409e923-7e7a-4c4f-ac96-a5ba39b2dab1,ID207964,CID-454,7409e923-7e7a-4c4f-ac96-a5ba39b2dab1,2026-03-17,2026-04-16,1727.82,103.68,1831.5,Issued,SampleGen
INV-5b2e35c2-ab7b-4769-8d33-74611fdb632d,ID207965,CID-454,5b2e35c2-ab7b-4769-8d33-74611fdb632d,2026-04-21,2026-05-21,3487.88,209.28,3697.16,Issued,SampleGen
INV-d075a4cd-94de-476e-bf27-599f1346b0df,ID207966,CID-455,d075a4cd-94de-476e-bf27-599f1346b0df,2025-06-28,2025-07-28,281.9,16.92,298.82,Issued,SampleGen
INV-840e31a1-edd3-453b-a2dd-ed7e0a261096,ID207967,CID-455,840e31a1-edd3-453b-a2dd-ed7e0a261096,2025-07-05,2025-08-04,4419.86,265.2,4685.06,Issued,SampleGen
INV-73b79749-bcc8-4f46-ad40-185cf74a9a86,ID207968,CID-455,73b79749-bcc8-4f46-ad40-185cf74a9a86,2025-08-22,2025-09-21,567.84,34.08,601.92,Issued,SampleGen
INV-9cc1daf7-4885-48e8-aec0-aecc50eb27c7,ID207969,CID-455,9cc1daf7-4885-48e8-aec0-aecc50eb27c7,2025-10-04,2025-11-03,3655.84,219.36,3875.2,Issued,SampleGen
INV-89ad9aff-2f2f-492f-92fd-bdad1145c201,ID207970,CID-455,89ad9aff-2f2f-492f-92fd-bdad1145c201,2025-11-17,2025-12-17,953.76,57.24,1011.0,Issued,SampleGen
INV-d2bb970d-d6c6-45fa-87b7-eaa5d9e3ac52,ID207971,CID-455,d2bb970d-d6c6-45fa-87b7-eaa5d9e3ac52,2026-02-20,2026-03-22,1891.78,113.52,2005.3,Issued,SampleGen
INV-e9052634-a23b-4787-b794-8f95e246dd2f,ID207972,CID-455,e9052634-a23b-4787-b794-8f95e246dd2f,2026-03-25,2026-04-24,3949.78,237.0,4186.78,Issued,SampleGen
INV-36eeb6c4-a6d1-4258-b3d7-de6ad4aede9e,ID207973,CID-455,36eeb6c4-a6d1-4258-b3d7-de6ad4aede9e,2026-04-09,2026-05-09,1039.9,62.4,1102.3,Issued,SampleGen
INV-f336a6c3-3693-4571-9a5c-70374448782e,ID207974,CID-456,f336a6c3-3693-4571-9a5c-70374448782e,2025-01-10,2025-02-09,455.92,27.36,483.28,Issued,SampleGen
INV-ee647b00-53c6-4cc6-a8d6-68a3d1f1caa7,ID207975,CID-456,ee647b00-53c6-4cc6-a8d6-68a3d1f1caa7,2025-02-23,2025-03-25,333.86,20.04,353.9,Issued,SampleGen
INV-1e25f6c4-06f1-433e-ba78-2233e19a13bf,ID207976,CID-456,1e25f6c4-06f1-433e-ba78-2233e19a13bf,2025-04-04,2025-05-04,2369.76,142.2,2511.96,Issued,SampleGen
INV-dfea6806-1591-4b86-a585-0a395d5298c7,ID207977,CID-456,dfea6806-1591-4b86-a585-0a395d5298c7,2025-05-20,2025-06-19,647.84,38.88,686.72,Issued,SampleGen
INV-4c2f94e3-817f-46ed-af08-dc737c4961d7,ID207978,CID-456,4c2f94e3-817f-46ed-af08-dc737c4961d7,2025-06-08,2025-07-08,4175.68,250.56,4426.24,Issued,SampleGen
INV-29803d2b-019c-4ed3-a644-fbba025b453d,ID207979,CID-456,29803d2b-019c-4ed3-a644-fbba025b453d,2025-07-14,2025-08-13,3279.76,196.8,3476.56,Issued,SampleGen
INV-b122a7be-813a-40a8-8e6f-c30004051867,ID207980,CID-456,b122a7be-813a-40a8-8e6f-c30004051867,2025-08-04,2025-09-03,2075.88,124.56,2200.44,Issued,SampleGen
INV-bce39a5c-1599-439b-a5de-42b668e00966,ID207981,CID-456,bce39a5c-1599-439b-a5de-42b668e00966,2025-09-30,2025-10-30,859.92,51.6,911.52,Issued,SampleGen
INV-b14d6eb3-df9b-4540-a5ec-1a7ba948afff,ID207982,CID-456,b14d6eb3-df9b-4540-a5ec-1a7ba948afff,2025-10-24,2025-11-23,3303.88,198.24,3502.12,Issued,SampleGen
INV-d2dc10f1-fba4-4884-9ad9-a8925ac91902,ID207983,CID-456,d2dc10f1-fba4-4884-9ad9-a8925ac91902,2025-11-18,2025-12-18,3287.74,197.28,3485.02,Issued,SampleGen
INV-c1724e5a-c0a3-402c-acb3-5e546d407884,ID207984,CID-456,c1724e5a-c0a3-402c-acb3-5e546d407884,2025-12-27,2026-01-26,2743.82,164.64,2908.46,Issued,SampleGen
INV-5c73471f-a5f5-4b5d-833c-1bf041e81407,ID207985,CID-456,5c73471f-a5f5-4b5d-833c-1bf041e81407,2026-01-29,2026-02-28,1597.74,95.88,1693.62,Issued,SampleGen
INV-67a91a61-4b6a-4bf0-a3da-ba1762f4c51b,ID207986,CID-456,67a91a61-4b6a-4bf0-a3da-ba1762f4c51b,2026-02-04,2026-03-06,1915.76,114.96,2030.72,Issued,SampleGen
INV-d1173b96-8191-4505-87d8-2e228635d921,ID207987,CID-456,d1173b96-8191-4505-87d8-2e228635d921,2026-03-02,2026-04-01,683.84,41.04,724.88,Issued,SampleGen
INV-1a6c68a0-843b-4591-b626-796eeca60827,ID207988,CID-456,1a6c68a0-843b-4591-b626-796eeca60827,2026-04-12,2026-05-12,2107.84,126.48,2234.32,Issued,SampleGen
INV-aaca8394-fe58-4eda-b18e-8c1dca943f34,ID207989,CID-457,aaca8394-fe58-4eda-b18e-8c1dca943f34,2025-05-10,2025-06-09,435.9,26.16,462.06,Issued,SampleGen
INV-10911c93-f71f-44e7-b9bb-57e7ad289240,ID207990,CID-457,10911c93-f71f-44e7-b9bb-57e7ad289240,2025-08-26,2025-09-25,1017.74,61.08,1078.82,Issued,SampleGen
INV-94251d11-d030-40e4-9fcf-a739fd8091b9,ID207991,CID-457,94251d11-d030-40e4-9fcf-a739fd8091b9,2025-10-25,2025-11-24,1991.76,119.52,2111.28,Issued,SampleGen
INV-9ab1e9a7-73c3-4e8b-a35a-008dc7cd352f,ID207992,CID-457,9ab1e9a7-73c3-4e8b-a35a-008dc7cd352f,2026-01-27,2026-02-26,1703.88,102.24,1806.12,Issued,SampleGen
INV-d90ff464-1a0c-4266-8172-2322c8017572,ID207993,CID-457,d90ff464-1a0c-4266-8172-2322c8017572,2026-02-25,2026-03-27,907.86,54.48,962.34,Issued,SampleGen
INV-9916c3a1-d7b4-4ac8-86a7-51dc7119f65b,ID207994,CID-457,9916c3a1-d7b4-4ac8-86a7-51dc7119f65b,2026-03-20,2026-04-19,2607.9,156.48,2764.38,Issued,SampleGen
INV-f4f0845c-4f4b-4837-8f62-b9123976d1b2,ID207995,CID-457,f4f0845c-4f4b-4837-8f62-b9123976d1b2,2026-04-21,2026-05-21,1307.86,78.48,1386.34,Issued,SampleGen
INV-d15faf8b-66bd-4104-ae62-1278be5e58b8,ID207996,CID-458,d15faf8b-66bd-4104-ae62-1278be5e58b8,2025-04-04,2025-05-04,1971.8,118.32,2090.12,Issued,SampleGen
INV-495f9b5d-11f6-4b6d-b4c4-8a8182b7a046,ID207997,CID-458,495f9b5d-11f6-4b6d-b4c4-8a8182b7a046,2025-06-13,2025-07-13,3683.86,221.04,3904.9,Issued,SampleGen
INV-69d78ba4-79c7-405c-902f-39cb4ed1e593,ID207998,CID-458,69d78ba4-79c7-405c-902f-39cb4ed1e593,2025-07-15,2025-08-14,331.88,19.92,351.8,Issued,SampleGen
INV-6feadf9d-6146-42d4-946b-097018eaedeb,ID207999,CID-458,6feadf9d-6146-42d4-946b-097018eaedeb,2025-08-17,2025-09-16,3607.84,216.48,3824.32,Issued,SampleGen
INV-aae58cec-6cf8-4d19-809c-0dfc63f76d14,ID208000,CID-458,aae58cec-6cf8-4d19-809c-0dfc63f76d14,2025-09-02,2025-10-02,2413.78,144.84,2558.62,Issued,SampleGen
INV-7ff0788a-4379-4caa-a3f4-c37ef40f2473,ID208001,CID-458,7ff0788a-4379-4caa-a3f4-c37ef40f2473,2025-10-25,2025-11-24,2221.82,133.32,2355.14,Issued,SampleGen
INV-462ed74d-560c-47d0-86bf-2c882cbbea1a,ID208002,CID-458,462ed74d-560c-47d0-86bf-2c882cbbea1a,2025-11-28,2025-12-28,963.82,57.84,1021.66,Issued,SampleGen
INV-c4aa7ab0-4bc6-4d4e-b454-ad4235cc70be,ID208003,CID-458,c4aa7ab0-4bc6-4d4e-b454-ad4235cc70be,2026-01-01,2026-01-31,1735.8,104.16,1839.96,Issued,SampleGen
INV-07641b2c-8334-484e-9044-2bdaf6bbb6a3,ID208004,CID-458,07641b2c-8334-484e-9044-2bdaf6bbb6a3,2026-01-24,2026-02-23,2375.82,142.56,2518.38,Issued,SampleGen
INV-d4375fa5-05f4-4a07-9ffa-d7f23aee30db,ID208005,CID-458,d4375fa5-05f4-4a07-9ffa-d7f23aee30db,2026-02-25,2026-03-27,915.8,54.96,970.76,Issued,SampleGen
INV-d3047b59-dd7b-40d1-a778-288c167a27c4,ID208006,CID-458,d3047b59-dd7b-40d1-a778-288c167a27c4,2026-02-21,2026-03-23,999.8,60.0,1059.8,Issued,SampleGen
INV-613847ea-4fb2-4ffe-bb94-9940d3501d84,ID208007,CID-458,613847ea-4fb2-4ffe-bb94-9940d3501d84,2026-03-09,2026-04-08,3419.84,205.2,3625.04,Issued,SampleGen
INV-034b28d8-bcfa-4d8e-b8fe-06eadc823d06,ID208008,CID-458,034b28d8-bcfa-4d8e-b8fe-06eadc823d06,2026-04-23,2026-05-23,1035.9,62.16,1098.06,Issued,SampleGen
INV-6f237040-3f0f-479c-a0f5-46e22c14b3ff,ID208009,CID-459,6f237040-3f0f-479c-a0f5-46e22c14b3ff,2025-01-29,2025-02-28,543.92,32.64,576.56,Issued,SampleGen
INV-50cda8ff-e41f-4d1a-844e-4496065ee1f9,ID208010,CID-459,50cda8ff-e41f-4d1a-844e-4496065ee1f9,2025-02-09,2025-03-11,387.92,23.28,411.2,Issued,SampleGen
INV-c9e2eba5-0c06-48be-84ef-744f71c4d914,ID208011,CID-459,c9e2eba5-0c06-48be-84ef-744f71c4d914,2025-03-12,2025-04-11,663.86,39.84,703.7,Issued,SampleGen
INV-b532e6b3-8bca-4563-86a4-439c607c404f,ID208012,CID-459,b532e6b3-8bca-4563-86a4-439c607c404f,2025-04-03,2025-05-03,2427.78,145.68,2573.46,Issued,SampleGen
INV-e1ca1c7e-a060-400d-abc3-dcaf46bfaa48,ID208013,CID-459,e1ca1c7e-a060-400d-abc3-dcaf46bfaa48,2025-04-23,2025-05-23,2559.74,153.6,2713.34,Issued,SampleGen
INV-ae410778-38b0-4d42-9d12-ef1400bb4184,ID208014,CID-459,ae410778-38b0-4d42-9d12-ef1400bb4184,2025-05-20,2025-06-19,1887.92,113.28,2001.2,Issued,SampleGen
INV-657aa385-2827-45e5-b85c-f3a03656af06,ID208015,CID-459,657aa385-2827-45e5-b85c-f3a03656af06,2025-05-22,2025-06-21,4667.78,280.08,4947.86,Issued,SampleGen
INV-f6c8a006-0495-461a-a510-85848ac2c9ed,ID208016,CID-459,f6c8a006-0495-461a-a510-85848ac2c9ed,2025-06-11,2025-07-11,1431.8,85.92,1517.72,Issued,SampleGen
INV-caca436b-18ab-4255-9e49-eabfad2429ee,ID208017,CID-459,caca436b-18ab-4255-9e49-eabfad2429ee,2025-06-16,2025-07-16,1187.78,71.28,1259.06,Issued,SampleGen
INV-2e563b1c-6814-4735-9c32-ac739ce28a6a,ID208018,CID-459,2e563b1c-6814-4735-9c32-ac739ce28a6a,2025-06-22,2025-07-22,2963.88,177.84,3141.72,Issued,SampleGen
INV-e9227c68-6c4a-4d22-9cc9-8534bb40fb48,ID208019,CID-459,e9227c68-6c4a-4d22-9cc9-8534bb40fb48,2025-07-15,2025-08-14,1339.8,80.4,1420.2,Issued,SampleGen
INV-fe2b58d6-74aa-42f8-864b-05311dc7782c,ID208020,CID-459,fe2b58d6-74aa-42f8-864b-05311dc7782c,2025-07-06,2025-08-05,447.84,26.88,474.72,Issued,SampleGen
INV-224d0b3f-3bbf-46f1-bd9b-595faeef1ff1,ID208021,CID-459,224d0b3f-3bbf-46f1-bd9b-595faeef1ff1,2025-07-18,2025-08-17,1443.82,86.64,1530.46,Issued,SampleGen
INV-3ae0d04c-ed8c-409f-9bc3-5fc275d9cba7,ID208022,CID-459,3ae0d04c-ed8c-409f-9bc3-5fc275d9cba7,2025-08-10,2025-09-09,3949.74,237.0,4186.74,Issued,SampleGen
INV-2194e5c4-e1f7-4ba7-ad77-c550231b3797,ID208023,CID-459,2194e5c4-e1f7-4ba7-ad77-c550231b3797,2025-08-09,2025-09-08,903.88,54.24,958.12,Issued,SampleGen
INV-ef536ccd-61f9-4c39-bf69-6cb4dae58c0c,ID208024,CID-459,ef536ccd-61f9-4c39-bf69-6cb4dae58c0c,2025-08-17,2025-09-16,863.78,51.84,915.62,Issued,SampleGen
INV-d8b143cc-1b4d-4eb4-a409-6d6927e787dc,ID208025,CID-459,d8b143cc-1b4d-4eb4-a409-6d6927e787dc,2025-09-14,2025-10-14,847.82,50.88,898.7,Issued,SampleGen
INV-bd5752ee-2880-4837-b56c-057ba3d952a0,ID208026,CID-459,bd5752ee-2880-4837-b56c-057ba3d952a0,2025-09-14,2025-10-14,3947.86,236.88,4184.74,Issued,SampleGen
INV-2711df3a-310e-4bbb-a08c-4301dee646b4,ID208027,CID-459,2711df3a-310e-4bbb-a08c-4301dee646b4,2025-09-15,2025-10-15,399.9,24.0,423.9,Issued,SampleGen
INV-389b1186-cc35-4859-b1fb-11857e1d1d8e,ID208028,CID-459,389b1186-cc35-4859-b1fb-11857e1d1d8e,2025-10-27,2025-11-26,367.84,22.08,389.92,Issued,SampleGen
INV-c87289b4-b859-408d-81aa-118c23475cef,ID208029,CID-459,c87289b4-b859-408d-81aa-118c23475cef,2025-10-23,2025-11-22,2939.76,176.4,3116.16,Issued,SampleGen
INV-7a304b5d-13d0-4875-a0a7-04f9cf2f4265,ID208030,CID-459,7a304b5d-13d0-4875-a0a7-04f9cf2f4265,2025-11-17,2025-12-17,1131.76,67.92,1199.68,Issued,SampleGen
INV-8db6cd3f-2f41-4c78-8c3f-24de57f239b3,ID208031,CID-459,8db6cd3f-2f41-4c78-8c3f-24de57f239b3,2025-11-12,2025-12-12,1179.82,70.8,1250.62,Issued,SampleGen
INV-1eeead32-01ee-4229-a787-ada871bc1b99,ID208032,CID-459,1eeead32-01ee-4229-a787-ada871bc1b99,2025-11-25,2025-12-25,643.86,38.64,682.5,Issued,SampleGen
INV-c8dad3d9-460a-414c-883d-aae1415c8853,ID208033,CID-459,c8dad3d9-460a-414c-883d-aae1415c8853,2025-12-03,2026-01-02,1847.82,110.88,1958.7,Issued,SampleGen
INV-dfec2ab6-4e59-4849-bd01-69a8f2f14629,ID208034,CID-459,dfec2ab6-4e59-4849-bd01-69a8f2f14629,2025-12-26,2026-01-25,2963.82,177.84,3141.66,Issued,SampleGen
INV-d98c5efa-27eb-43b5-a7b3-b58f3c2c3649,ID208035,CID-459,d98c5efa-27eb-43b5-a7b3-b58f3c2c3649,2025-12-14,2026-01-13,2419.82,145.2,2565.02,Issued,SampleGen
INV-cc0c1723-2090-4085-96f1-3826df5699c9,ID208036,CID-459,cc0c1723-2090-4085-96f1-3826df5699c9,2026-01-02,2026-02-01,1169.8,70.2,1240.0,Issued,SampleGen
INV-9db75ab9-30b5-4136-ae7c-c1fdcee4cb6c,ID208037,CID-459,9db75ab9-30b5-4136-ae7c-c1fdcee4cb6c,2026-01-17,2026-02-16,1839.84,110.4,1950.24,Issued,SampleGen
INV-2d1f0ea7-06b0-45d8-bd6f-22716993981b,ID208038,CID-459,2d1f0ea7-06b0-45d8-bd6f-22716993981b,2026-01-29,2026-02-28,635.9,38.16,674.06,Issued,SampleGen
INV-2e518f32-4e9d-43d6-856b-630650b0d6a5,ID208039,CID-459,2e518f32-4e9d-43d6-856b-630650b0d6a5,2026-02-09,2026-03-11,1867.82,112.08,1979.9,Issued,SampleGen
INV-c391a1a0-cc05-4639-abf1-1b2d285832c7,ID208040,CID-459,c391a1a0-cc05-4639-abf1-1b2d285832c7,2026-02-26,2026-03-28,573.78,34.44,608.22,Issued,SampleGen
INV-7be1d0f5-6919-45ed-93bb-7768c3600b51,ID208041,CID-459,7be1d0f5-6919-45ed-93bb-7768c3600b51,2026-02-21,2026-03-23,3647.86,218.88,3866.74,Issued,SampleGen
INV-eaf13679-0311-4b3c-b713-c13aba2c8f94,ID208042,CID-459,eaf13679-0311-4b3c-b713-c13aba2c8f94,2026-03-17,2026-04-16,1179.78,70.8,1250.58,Issued,SampleGen
INV-88229a72-a821-4bbc-980b-43bcd28769c3,ID208043,CID-459,88229a72-a821-4bbc-980b-43bcd28769c3,2026-03-10,2026-04-09,1967.88,118.08,2085.96,Issued,SampleGen
INV-e84ad240-e4fd-4266-acf2-aa220d16cdc9,ID208044,CID-459,e84ad240-e4fd-4266-acf2-aa220d16cdc9,2026-03-02,2026-04-01,239.92,14.4,254.32,Issued,SampleGen
INV-456f438d-e083-4e9a-8b15-7b381abdcb39,ID208045,CID-459,456f438d-e083-4e9a-8b15-7b381abdcb39,2026-03-09,2026-04-08,701.8,42.12,743.92,Issued,SampleGen
INV-c748e053-fa03-415b-b721-8df92d48c342,ID208046,CID-459,c748e053-fa03-415b-b721-8df92d48c342,2026-04-20,2026-05-20,3303.88,198.24,3502.12,Issued,SampleGen
INV-6072a088-1ab3-48d6-a455-e75749d63164,ID208047,CID-459,6072a088-1ab3-48d6-a455-e75749d63164,2026-04-14,2026-05-14,1959.74,117.6,2077.34,Issued,SampleGen
INV-cd672a06-391f-4025-a6e2-7c618de2c504,ID208048,CID-459,cd672a06-391f-4025-a6e2-7c618de2c504,2026-04-18,2026-05-18,4627.82,277.68,4905.5,Issued,SampleGen
INV-f842dd7d-d67e-4fd3-a4f0-702ebdd69313,ID208049,CID-459,f842dd7d-d67e-4fd3-a4f0-702ebdd69313,2026-04-29,2026-05-29,735.84,44.16,780.0,Issued,SampleGen
INV-04dbcff3-b225-476f-80af-3e9b60955290,ID208050,CID-460,04dbcff3-b225-476f-80af-3e9b60955290,2025-01-02,2025-02-01,3163.8,189.84,3353.64,Issued,SampleGen
INV-5c97c76b-bfaf-46fb-82c9-36032c0d8d96,ID208051,CID-460,5c97c76b-bfaf-46fb-82c9-36032c0d8d96,2025-02-06,2025-03-08,851.88,51.12,903.0,Issued,SampleGen
INV-62a57f53-ff05-4055-877b-a40ab79afc69,ID208052,CID-460,62a57f53-ff05-4055-877b-a40ab79afc69,2025-04-28,2025-05-28,313.9,18.84,332.74,Issued,SampleGen
INV-048741ed-791a-446d-8e4f-80acf58d9813,ID208053,CID-460,048741ed-791a-446d-8e4f-80acf58d9813,2025-06-30,2025-07-30,3459.82,207.6,3667.42,Issued,SampleGen
INV-d1e678ae-75c4-4d14-9b0b-0cc0b0a16d88,ID208054,CID-460,d1e678ae-75c4-4d14-9b0b-0cc0b0a16d88,2025-07-28,2025-08-27,4127.84,247.68,4375.52,Issued,SampleGen
INV-bd38076e-571f-44f1-a36b-7f2487ac142c,ID208055,CID-460,bd38076e-571f-44f1-a36b-7f2487ac142c,2025-08-15,2025-09-14,1583.78,95.04,1678.82,Issued,SampleGen
INV-3d58462c-f961-4574-a645-72438105229f,ID208056,CID-460,3d58462c-f961-4574-a645-72438105229f,2025-10-01,2025-10-31,893.86,53.64,947.5,Issued,SampleGen
INV-ec9137ec-315b-4d63-a2d9-d9bfb4434ab3,ID208057,CID-460,ec9137ec-315b-4d63-a2d9-d9bfb4434ab3,2025-10-24,2025-11-23,1477.84,88.68,1566.52,Issued,SampleGen
INV-635f0165-3322-4f13-a35f-cfd651500ffa,ID208058,CID-460,635f0165-3322-4f13-a35f-cfd651500ffa,2025-11-16,2025-12-16,2609.78,156.6,2766.38,Issued,SampleGen
INV-1a912999-1522-4802-82c6-eb232418e6c4,ID208059,CID-460,1a912999-1522-4802-82c6-eb232418e6c4,2025-12-11,2026-01-10,1703.88,102.24,1806.12,Issued,SampleGen
INV-83f8ca60-a382-457b-b491-bd8b48e52b21,ID208060,CID-460,83f8ca60-a382-457b-b491-bd8b48e52b21,2026-01-03,2026-02-02,1099.78,66.0,1165.78,Issued,SampleGen
INV-e3cc86d3-b228-4b54-9792-0252d3cfff81,ID208061,CID-460,e3cc86d3-b228-4b54-9792-0252d3cfff81,2026-02-14,2026-03-16,2575.76,154.56,2730.32,Issued,SampleGen
INV-8e00bf84-fc98-455c-8589-620f4cf1f9d7,ID208062,CID-460,8e00bf84-fc98-455c-8589-620f4cf1f9d7,2026-03-16,2026-04-15,501.8,30.12,531.92,Issued,SampleGen
INV-7b27d6b0-b1d4-4542-8c5c-9308f2282839,ID208063,CID-460,7b27d6b0-b1d4-4542-8c5c-9308f2282839,2026-04-04,2026-05-04,1925.78,115.56,2041.34,Issued,SampleGen
INV-20137a42-72be-4166-859d-b65dbfbab602,ID208064,CID-461,20137a42-72be-4166-859d-b65dbfbab602,2025-03-07,2025-04-06,755.84,45.36,801.2,Issued,SampleGen
INV-3d4bc679-4859-4f73-99ef-7a777359c8b3,ID208065,CID-461,3d4bc679-4859-4f73-99ef-7a777359c8b3,2025-05-04,2025-06-03,1871.8,112.32,1984.12,Issued,SampleGen
INV-1a8d2c72-023f-493a-9956-32a3e7055ea2,ID208066,CID-461,1a8d2c72-023f-493a-9956-32a3e7055ea2,2025-08-15,2025-09-14,3947.86,236.88,4184.74,Issued,SampleGen
INV-627b936a-f013-47cd-82b5-79a62a8b910d,ID208067,CID-461,627b936a-f013-47cd-82b5-79a62a8b910d,2025-10-26,2025-11-25,607.86,36.48,644.34,Issued,SampleGen
INV-55369fed-34e7-431f-91ff-97a738489d10,ID208068,CID-461,55369fed-34e7-431f-91ff-97a738489d10,2025-11-14,2025-12-14,815.88,48.96,864.84,Issued,SampleGen
INV-134b3954-fdcc-44b0-8a8e-981b2d33fb22,ID208069,CID-461,134b3954-fdcc-44b0-8a8e-981b2d33fb22,2025-12-13,2026-01-12,3303.88,198.24,3502.12,Issued,SampleGen
INV-822017f5-06af-4939-b464-c2752789e828,ID208070,CID-461,822017f5-06af-4939-b464-c2752789e828,2026-01-29,2026-02-28,2195.8,131.76,2327.56,Issued,SampleGen
INV-6cca04de-f810-464b-ba28-07659c270654,ID208071,CID-461,6cca04de-f810-464b-ba28-07659c270654,2026-02-11,2026-03-13,797.86,47.88,845.74,Issued,SampleGen
INV-a4be22ef-14dd-4cf8-9e26-40352ace6e4c,ID208072,CID-461,a4be22ef-14dd-4cf8-9e26-40352ace6e4c,2026-04-21,2026-05-21,503.88,30.24,534.12,Issued,SampleGen
INV-7c2ccfc3-108e-426e-90cf-3ff117979678,ID208073,CID-462,7c2ccfc3-108e-426e-90cf-3ff117979678,2025-05-18,2025-06-17,1897.86,113.88,2011.74,Issued,SampleGen
INV-19b81245-95c2-4379-9dfb-d1274a742cb7,ID208074,CID-462,19b81245-95c2-4379-9dfb-d1274a742cb7,2025-06-20,2025-07-20,3167.76,190.08,3357.84,Issued,SampleGen
INV-67827bab-6314-4d01-b803-d0ecfac3bce9,ID208075,CID-462,67827bab-6314-4d01-b803-d0ecfac3bce9,2025-08-01,2025-08-31,775.82,46.56,822.38,Issued,SampleGen
INV-4d2e4ea1-c773-426f-93bb-bb3df6c733af,ID208076,CID-462,4d2e4ea1-c773-426f-93bb-bb3df6c733af,2025-09-18,2025-10-18,4891.78,293.52,5185.3,Issued,SampleGen
INV-d4c1eca2-259d-40fb-811c-1f7fb442a63e,ID208077,CID-462,d4c1eca2-259d-40fb-811c-1f7fb442a63e,2025-11-15,2025-12-15,2691.76,161.52,2853.28,Issued,SampleGen
INV-cac654fe-c37d-41a6-8607-6d4aa8577729,ID208078,CID-462,cac654fe-c37d-41a6-8607-6d4aa8577729,2026-04-14,2026-05-14,503.86,30.24,534.1,Issued,SampleGen
INV-3b629a2d-2a28-4738-92a7-f89fd6da6f7c,ID208079,CID-463,3b629a2d-2a28-4738-92a7-f89fd6da6f7c,2025-02-12,2025-03-14,681.78,40.92,722.7,Issued,SampleGen
INV-56e4ce97-f814-45a9-9c37-978b7c2e659d,ID208080,CID-463,56e4ce97-f814-45a9-9c37-978b7c2e659d,2025-03-10,2025-04-09,403.92,24.24,428.16,Issued,SampleGen
INV-85c7e6ef-0294-41db-a61a-bbd8a0d70666,ID208081,CID-463,85c7e6ef-0294-41db-a61a-bbd8a0d70666,2025-04-19,2025-05-19,3305.76,198.36,3504.12,Issued,SampleGen
INV-e7413f22-1ba9-45cd-9a3f-6316d7ab8e9c,ID208082,CID-463,e7413f22-1ba9-45cd-9a3f-6316d7ab8e9c,2025-05-04,2025-06-03,767.9,46.08,813.98,Issued,SampleGen
INV-1a68864d-7488-4f14-a2b9-a36e21eafec2,ID208083,CID-463,1a68864d-7488-4f14-a2b9-a36e21eafec2,2025-06-13,2025-07-13,623.88,37.44,661.32,Issued,SampleGen
INV-fd15184b-23b9-45ef-a932-6cb535b709ee,ID208084,CID-463,fd15184b-23b9-45ef-a932-6cb535b709ee,2025-07-07,2025-08-06,685.8,41.16,726.96,Issued,SampleGen
INV-aa83e36a-4377-4c3c-acdb-0722a8b5bf40,ID208085,CID-463,aa83e36a-4377-4c3c-acdb-0722a8b5bf40,2025-08-26,2025-09-25,841.8,50.52,892.32,Issued,SampleGen
INV-0b1ee1cc-0b8d-4297-8db9-0662e90b45ab,ID208086,CID-463,0b1ee1cc-0b8d-4297-8db9-0662e90b45ab,2025-09-01,2025-10-01,1953.74,117.24,2070.98,Issued,SampleGen
INV-ff69275b-8fc2-4ee7-a420-64357aaba0df,ID208087,CID-463,ff69275b-8fc2-4ee7-a420-64357aaba0df,2025-09-26,2025-10-26,4419.78,265.2,4684.98,Issued,SampleGen
INV-2ee9ea6f-f7dc-42fc-a4fd-b31160b513ff,ID208088,CID-463,2ee9ea6f-f7dc-42fc-a4fd-b31160b513ff,2025-11-01,2025-12-01,5007.84,300.48,5308.32,Issued,SampleGen
INV-cea16644-91a0-4537-80ea-7c0a8fe98f73,ID208089,CID-463,cea16644-91a0-4537-80ea-7c0a8fe98f73,2025-11-12,2025-12-12,4273.8,256.44,4530.24,Issued,SampleGen
INV-0510c086-708a-4cf3-a1c4-7f76e4bc25a0,ID208090,CID-463,0510c086-708a-4cf3-a1c4-7f76e4bc25a0,2025-11-21,2025-12-21,5759.72,345.6,6105.32,Issued,SampleGen
INV-d6f13789-7855-4359-b48a-64431de7f614,ID208091,CID-463,d6f13789-7855-4359-b48a-64431de7f614,2025-12-31,2026-01-30,5825.76,349.56,6175.32,Issued,SampleGen
INV-72a29ab4-7adb-47f2-b6c3-0c95c499fd95,ID208092,CID-463,72a29ab4-7adb-47f2-b6c3-0c95c499fd95,2025-12-10,2026-01-09,1503.82,90.24,1594.06,Issued,SampleGen
INV-5e4b62d6-8228-45f1-afa2-ff0b5b55466d,ID208093,CID-463,5e4b62d6-8228-45f1-afa2-ff0b5b55466d,2026-01-19,2026-02-18,1903.88,114.24,2018.12,Issued,SampleGen
INV-48f92215-37cf-4474-b173-79f8093ac952,ID208094,CID-463,48f92215-37cf-4474-b173-79f8093ac952,2026-01-25,2026-02-24,871.7,52.32,924.02,Issued,SampleGen
INV-35750e39-08f3-4597-a1c4-59a4c2ace6dd,ID208095,CID-463,35750e39-08f3-4597-a1c4-59a4c2ace6dd,2026-02-24,2026-03-26,1781.9,106.92,1888.82,Issued,SampleGen
INV-44fb4852-fd42-491b-b746-da1b833459b7,ID208096,CID-463,44fb4852-fd42-491b-b746-da1b833459b7,2026-03-02,2026-04-01,779.88,46.8,826.68,Issued,SampleGen
INV-95108b8a-aee3-4a5c-8ef2-e3335874c085,ID208097,CID-463,95108b8a-aee3-4a5c-8ef2-e3335874c085,2026-03-16,2026-04-15,2675.8,160.56,2836.36,Issued,SampleGen
INV-9bdb3383-16cf-43b9-8d99-dacdb10366ec,ID208098,CID-463,9bdb3383-16cf-43b9-8d99-dacdb10366ec,2026-04-19,2026-05-19,2153.76,129.24,2283.0,Issued,SampleGen
INV-06f5540f-4455-4a54-a816-f5abd0620226,ID208099,CID-463,06f5540f-4455-4a54-a816-f5abd0620226,2026-04-11,2026-05-11,1835.92,110.16,1946.08,Issued,SampleGen
INV-f49f7b4c-0712-4fe3-8361-5e2b9294baae,ID208100,CID-464,f49f7b4c-0712-4fe3-8361-5e2b9294baae,2025-01-14,2025-02-13,437.88,26.28,464.16,Issued,SampleGen
INV-bc075a6f-8792-4ce3-87b7-6880669afc30,ID208101,CID-464,bc075a6f-8792-4ce3-87b7-6880669afc30,2025-03-06,2025-04-05,209.9,12.6,222.5,Issued,SampleGen
INV-5c03c3af-9382-4c46-8fbc-80a6aae83d8f,ID208102,CID-464,5c03c3af-9382-4c46-8fbc-80a6aae83d8f,2025-04-14,2025-05-14,1559.9,93.6,1653.5,Issued,SampleGen
INV-f3c97fd9-dd0c-4dc3-b61e-836c00cd9c9a,ID208103,CID-464,f3c97fd9-dd0c-4dc3-b61e-836c00cd9c9a,2025-05-31,2025-06-30,197.88,11.88,209.76,Issued,SampleGen
INV-ad4c1af3-00a5-4630-99e7-ea9d9729a819,ID208104,CID-464,ad4c1af3-00a5-4630-99e7-ea9d9729a819,2025-06-30,2025-07-30,591.82,35.52,627.34,Issued,SampleGen
INV-78befe07-ff8d-47be-b9e9-081d50b21ab9,ID208105,CID-464,78befe07-ff8d-47be-b9e9-081d50b21ab9,2025-07-14,2025-08-13,527.84,31.68,559.52,Issued,SampleGen
INV-40e1a96d-751c-4c7b-9b5b-cef65e366bb1,ID208106,CID-464,40e1a96d-751c-4c7b-9b5b-cef65e366bb1,2025-07-19,2025-08-18,1979.8,118.8,2098.6,Issued,SampleGen
INV-b6fd6f0a-2b59-41e5-b919-991117771cac,ID208107,CID-464,b6fd6f0a-2b59-41e5-b919-991117771cac,2025-08-26,2025-09-25,2965.8,177.96,3143.76,Issued,SampleGen
INV-13c3d848-bdb8-4264-b7c7-88931d82a636,ID208108,CID-464,13c3d848-bdb8-4264-b7c7-88931d82a636,2025-09-12,2025-10-12,815.88,48.96,864.84,Issued,SampleGen
INV-178ef4c8-35e1-4ea9-8069-d2e06a4092cc,ID208109,CID-464,178ef4c8-35e1-4ea9-8069-d2e06a4092cc,2025-10-13,2025-11-12,1693.86,101.64,1795.5,Issued,SampleGen
INV-80598356-19f5-44ef-bd6f-497b6c298702,ID208110,CID-464,80598356-19f5-44ef-bd6f-497b6c298702,2025-10-31,2025-11-30,1423.8,85.44,1509.24,Issued,SampleGen
INV-d6a8c831-b783-4c53-b9a7-2c5db45b4394,ID208111,CID-464,d6a8c831-b783-4c53-b9a7-2c5db45b4394,2025-11-26,2025-12-26,1199.8,72.0,1271.8,Issued,SampleGen
INV-b2615ac4-1166-448d-9638-2638bfd96b83,ID208112,CID-464,b2615ac4-1166-448d-9638-2638bfd96b83,2025-11-21,2025-12-21,675.84,40.56,716.4,Issued,SampleGen
INV-bd8cbb09-88c9-4846-8029-be08fffd99d0,ID208113,CID-464,bd8cbb09-88c9-4846-8029-be08fffd99d0,2025-12-31,2026-01-30,517.78,31.08,548.86,Issued,SampleGen
INV-fd6f2289-1d21-4f34-a242-1be142ca61de,ID208114,CID-464,fd6f2289-1d21-4f34-a242-1be142ca61de,2026-01-27,2026-02-26,3375.76,202.56,3578.32,Issued,SampleGen
INV-3a36d209-002d-4cb5-8a9c-0368c9b8ae8d,ID208115,CID-464,3a36d209-002d-4cb5-8a9c-0368c9b8ae8d,2026-01-25,2026-02-24,2551.74,153.12,2704.86,Issued,SampleGen
INV-dea1733c-23dc-4525-a98e-967b7ba32fc5,ID208116,CID-464,dea1733c-23dc-4525-a98e-967b7ba32fc5,2026-02-05,2026-03-07,535.88,32.16,568.04,Issued,SampleGen
INV-5c11dc93-7f5d-409d-b73a-c748ded17879,ID208117,CID-464,5c11dc93-7f5d-409d-b73a-c748ded17879,2026-02-08,2026-03-10,683.82,41.04,724.86,Issued,SampleGen
INV-47bc7967-f51a-49a7-bca9-5cccb53da897,ID208118,CID-464,47bc7967-f51a-49a7-bca9-5cccb53da897,2026-03-09,2026-04-08,931.76,55.92,987.68,Issued,SampleGen
INV-15d58109-568e-43a7-84ec-cdf33d559da2,ID208119,CID-464,15d58109-568e-43a7-84ec-cdf33d559da2,2026-03-08,2026-04-07,1503.7,90.24,1593.94,Issued,SampleGen
INV-32cd26ef-7464-488c-91d2-b35186e41318,ID208120,CID-464,32cd26ef-7464-488c-91d2-b35186e41318,2026-04-09,2026-05-09,1579.78,94.8,1674.58,Issued,SampleGen
INV-2f4c6e79-5fab-402c-bbb9-b6b96e3d96fd,ID208121,CID-464,2f4c6e79-5fab-402c-bbb9-b6b96e3d96fd,2026-04-23,2026-05-23,343.92,20.64,364.56,Issued,SampleGen
INV-b7976249-55b6-4574-9929-0ac6fd324d7a,ID208122,CID-465,b7976249-55b6-4574-9929-0ac6fd324d7a,2025-01-26,2025-02-25,2419.76,145.2,2564.96,Issued,SampleGen
INV-b14d5535-2e38-492a-876c-d48775020eb0,ID208123,CID-465,b14d5535-2e38-492a-876c-d48775020eb0,2025-04-24,2025-05-24,4075.86,244.56,4320.42,Issued,SampleGen
INV-1fcde766-ab35-437d-a8df-070beeb225fb,ID208124,CID-465,1fcde766-ab35-437d-a8df-070beeb225fb,2025-05-02,2025-06-01,1877.9,112.68,1990.58,Issued,SampleGen
INV-2172bfc1-6ce5-4d72-a676-c94b617cc10f,ID208125,CID-465,2172bfc1-6ce5-4d72-a676-c94b617cc10f,2025-07-10,2025-08-09,3907.76,234.48,4142.24,Issued,SampleGen
INV-0a47564b-daf4-4d0a-97c3-0f21b550a657,ID208126,CID-465,0a47564b-daf4-4d0a-97c3-0f21b550a657,2025-08-12,2025-09-11,353.88,21.24,375.12,Issued,SampleGen
INV-4b55df3c-722b-4ae1-bf23-75bb79902363,ID208127,CID-465,4b55df3c-722b-4ae1-bf23-75bb79902363,2025-10-14,2025-11-13,2439.84,146.4,2586.24,Issued,SampleGen
INV-07fdf475-75cb-4b04-99cb-6a8c2821f2f7,ID208128,CID-465,07fdf475-75cb-4b04-99cb-6a8c2821f2f7,2026-03-30,2026-04-29,1179.82,70.8,1250.62,Issued,SampleGen
INV-2bc278a1-b5fb-4eb4-828a-1fed4d4c4d48,ID208129,CID-466,2bc278a1-b5fb-4eb4-828a-1fed4d4c4d48,2025-06-12,2025-07-12,1111.76,66.72,1178.48,Issued,SampleGen
INV-7c639748-e9ad-440d-8ad8-415ad55c0349,ID208130,CID-466,7c639748-e9ad-440d-8ad8-415ad55c0349,2025-07-05,2025-08-04,2117.8,127.08,2244.88,Issued,SampleGen
INV-9357df73-b518-4663-94f2-70ee6a5f140b,ID208131,CID-466,9357df73-b518-4663-94f2-70ee6a5f140b,2025-08-04,2025-09-03,2099.82,126.0,2225.82,Issued,SampleGen
INV-3a36f041-66a3-4a4d-9bd5-b6bb271ea021,ID208132,CID-466,3a36f041-66a3-4a4d-9bd5-b6bb271ea021,2025-09-22,2025-10-22,2907.76,174.48,3082.24,Issued,SampleGen
INV-3f0ea9b3-bc3a-4363-8177-8218f528cf0f,ID208133,CID-466,3f0ea9b3-bc3a-4363-8177-8218f528cf0f,2025-10-07,2025-11-06,551.86,33.12,584.98,Issued,SampleGen
INV-dd10571a-361b-4304-9060-13b0d53ba188,ID208134,CID-466,dd10571a-361b-4304-9060-13b0d53ba188,2025-11-19,2025-12-19,863.84,51.84,915.68,Issued,SampleGen
INV-756ec780-721a-43e2-8eab-7083f87c68bb,ID208135,CID-466,756ec780-721a-43e2-8eab-7083f87c68bb,2025-12-01,2025-12-31,2295.84,137.76,2433.6,Issued,SampleGen
INV-e1eacb5a-364c-4643-a189-39ffbd0150d5,ID208136,CID-466,e1eacb5a-364c-4643-a189-39ffbd0150d5,2025-12-28,2026-01-27,2085.76,125.16,2210.92,Issued,SampleGen
INV-401e4a41-572c-4793-9bf6-849c1283745a,ID208137,CID-466,401e4a41-572c-4793-9bf6-849c1283745a,2025-12-09,2026-01-08,761.82,45.72,807.54,Issued,SampleGen
INV-99698e51-d5f4-497e-9931-73cb77e710a4,ID208138,CID-466,99698e51-d5f4-497e-9931-73cb77e710a4,2026-01-23,2026-02-22,1167.8,70.08,1237.88,Issued,SampleGen
INV-cfd08856-89f2-4668-b5c4-bef25fe1a58a,ID208139,CID-466,cfd08856-89f2-4668-b5c4-bef25fe1a58a,2026-01-24,2026-02-23,2739.86,164.4,2904.26,Issued,SampleGen
INV-19efe7e1-95e8-4a93-a33c-ddce8c5baf12,ID208140,CID-466,19efe7e1-95e8-4a93-a33c-ddce8c5baf12,2026-03-01,2026-03-31,3933.78,236.04,4169.82,Issued,SampleGen
INV-347f1421-db72-4323-b767-05c4031e3972,ID208141,CID-466,347f1421-db72-4323-b767-05c4031e3972,2026-02-21,2026-03-23,2605.78,156.36,2762.14,Issued,SampleGen
INV-23f712ad-3c44-4381-80cb-683bdaffb1d4,ID208142,CID-466,23f712ad-3c44-4381-80cb-683bdaffb1d4,2026-03-24,2026-04-23,2087.76,125.28,2213.04,Issued,SampleGen
INV-4d582a89-474f-4c58-84b5-7344b06c99ad,ID208143,CID-466,4d582a89-474f-4c58-84b5-7344b06c99ad,2026-04-12,2026-05-12,299.92,18.0,317.92,Issued,SampleGen
INV-8b3fbab2-9b78-453a-841b-4fb730bd9486,ID208144,CID-467,8b3fbab2-9b78-453a-841b-4fb730bd9486,2025-03-20,2025-04-19,2787.86,167.28,2955.14,Issued,SampleGen
INV-75e2e857-0004-41fc-8d55-3727be3cfda1,ID208145,CID-467,75e2e857-0004-41fc-8d55-3727be3cfda1,2025-04-09,2025-05-09,1887.92,113.28,2001.2,Issued,SampleGen
INV-8c06d9ad-6be0-4801-aba3-d44644d8eee3,ID208146,CID-467,8c06d9ad-6be0-4801-aba3-d44644d8eee3,2025-05-16,2025-06-15,463.88,27.84,491.72,Issued,SampleGen
INV-e9429e37-9415-4c10-bdfb-3c7f54235633,ID208147,CID-467,e9429e37-9415-4c10-bdfb-3c7f54235633,2025-06-17,2025-07-17,733.84,44.04,777.88,Issued,SampleGen
INV-b5eea07f-4dd9-4a52-9977-3e2f8716d780,ID208148,CID-467,b5eea07f-4dd9-4a52-9977-3e2f8716d780,2025-07-22,2025-08-21,447.88,26.88,474.76,Issued,SampleGen
INV-052fab36-33c5-4d06-85cf-b11f98cde9d7,ID208149,CID-467,052fab36-33c5-4d06-85cf-b11f98cde9d7,2025-08-16,2025-09-15,817.8,49.08,866.88,Issued,SampleGen
INV-d317ee4d-8c41-478a-9895-f5bee4797027,ID208150,CID-467,d317ee4d-8c41-478a-9895-f5bee4797027,2025-10-27,2025-11-26,4315.78,258.96,4574.74,Issued,SampleGen
INV-68253a5f-2cc4-4ecf-9502-c366dd830745,ID208151,CID-467,68253a5f-2cc4-4ecf-9502-c366dd830745,2025-11-13,2025-12-13,3893.82,233.64,4127.46,Issued,SampleGen
INV-76d2ba78-f8b0-4ede-b6ef-a923bfa4f8fa,ID208152,CID-467,76d2ba78-f8b0-4ede-b6ef-a923bfa4f8fa,2025-12-30,2026-01-29,1099.8,66.0,1165.8,Issued,SampleGen
INV-5d06abf2-c446-4047-839a-455a43f83ff7,ID208153,CID-467,5d06abf2-c446-4047-839a-455a43f83ff7,2026-01-23,2026-02-22,3199.8,192.0,3391.8,Issued,SampleGen
INV-6a5b9a45-45a4-41f6-88fa-726b088e6c07,ID208154,CID-467,6a5b9a45-45a4-41f6-88fa-726b088e6c07,2026-03-01,2026-03-31,1029.8,61.8,1091.6,Issued,SampleGen
INV-e5b25c08-9326-4368-bfa6-ebb8528e19da,ID208155,CID-467,e5b25c08-9326-4368-bfa6-ebb8528e19da,2026-02-12,2026-03-14,495.84,29.76,525.6,Issued,SampleGen
INV-bbaac2c3-690c-4f0d-91e0-712e69b33b96,ID208156,CID-467,bbaac2c3-690c-4f0d-91e0-712e69b33b96,2026-03-25,2026-04-24,647.82,38.88,686.7,Issued,SampleGen
INV-95fe3e19-9de9-4221-bd4f-aba2ed8bb37b,ID208157,CID-467,95fe3e19-9de9-4221-bd4f-aba2ed8bb37b,2026-03-20,2026-04-19,867.84,52.08,919.92,Issued,SampleGen
INV-97ef875b-8ac9-4ad2-a6a0-23f24c96a93d,ID208158,CID-467,97ef875b-8ac9-4ad2-a6a0-23f24c96a93d,2026-04-22,2026-05-22,3891.8,233.52,4125.32,Issued,SampleGen
INV-a34ae717-d046-48fb-89ff-516228708e5b,ID208159,CID-468,a34ae717-d046-48fb-89ff-516228708e5b,2025-02-17,2025-03-19,217.9,13.08,230.98,Issued,SampleGen
INV-4a49d6ef-09ae-417c-86b6-e6a0818e76a3,ID208160,CID-468,4a49d6ef-09ae-417c-86b6-e6a0818e76a3,2025-04-03,2025-05-03,1429.76,85.8,1515.56,Issued,SampleGen
INV-768f2c59-7add-44f8-839c-0536f218bd20,ID208161,CID-468,768f2c59-7add-44f8-839c-0536f218bd20,2025-05-21,2025-06-20,2659.86,159.6,2819.46,Issued,SampleGen
INV-1bf9af8a-1661-4848-9439-ceaf72dd5a5a,ID208162,CID-468,1bf9af8a-1661-4848-9439-ceaf72dd5a5a,2025-06-10,2025-07-10,591.9,35.52,627.42,Issued,SampleGen
INV-5186a523-2f23-4733-b2da-8fc37dba0fba,ID208163,CID-468,5186a523-2f23-4733-b2da-8fc37dba0fba,2025-07-17,2025-08-16,2453.76,147.24,2601.0,Issued,SampleGen
INV-81314ceb-4883-40e8-bd43-3dca4ab9fb37,ID208164,CID-468,81314ceb-4883-40e8-bd43-3dca4ab9fb37,2025-08-15,2025-09-14,565.86,33.96,599.82,Issued,SampleGen
INV-80701fb1-49b5-4f96-8793-24576e2ef834,ID208165,CID-468,80701fb1-49b5-4f96-8793-24576e2ef834,2025-09-06,2025-10-06,1863.84,111.84,1975.68,Issued,SampleGen
INV-33a3b7bc-3877-4182-9a09-1c7b7ffb6482,ID208166,CID-468,33a3b7bc-3877-4182-9a09-1c7b7ffb6482,2025-09-08,2025-10-08,1877.9,112.68,1990.58,Issued,SampleGen
INV-343f0c52-ba3f-49ae-9b83-8b784369ccba,ID208167,CID-468,343f0c52-ba3f-49ae-9b83-8b784369ccba,2025-10-24,2025-11-23,435.86,26.16,462.02,Issued,SampleGen
INV-baeb1034-aec3-4862-8992-a5e893f4422c,ID208168,CID-468,baeb1034-aec3-4862-8992-a5e893f4422c,2025-10-10,2025-11-09,911.84,54.72,966.56,Issued,SampleGen
INV-b5241fe6-d230-42c5-8bd3-ad6a1a0be73a,ID208169,CID-468,b5241fe6-d230-42c5-8bd3-ad6a1a0be73a,2025-11-08,2025-12-08,1867.8,112.08,1979.88,Issued,SampleGen
INV-bb7655ea-8356-4493-9cd4-2538c1f7ca17,ID208170,CID-468,bb7655ea-8356-4493-9cd4-2538c1f7ca17,2025-12-22,2026-01-21,919.82,55.2,975.02,Issued,SampleGen
INV-715d6a3e-c918-4395-89b8-738c981f60f4,ID208171,CID-468,715d6a3e-c918-4395-89b8-738c981f60f4,2026-01-18,2026-02-17,3053.84,183.24,3237.08,Issued,SampleGen
INV-51007fb4-c765-4c0d-9fa4-29ffb35139a3,ID208172,CID-468,51007fb4-c765-4c0d-9fa4-29ffb35139a3,2026-02-18,2026-03-20,2225.82,133.56,2359.38,Issued,SampleGen
INV-a9ac20dd-16ac-4309-8d01-499e3b6fea78,ID208173,CID-468,a9ac20dd-16ac-4309-8d01-499e3b6fea78,2026-02-23,2026-03-25,1687.84,101.28,1789.12,Issued,SampleGen
INV-ad1b3561-4555-4482-9543-01e96c8a777b,ID208174,CID-468,ad1b3561-4555-4482-9543-01e96c8a777b,2026-03-06,2026-04-05,3507.8,210.48,3718.28,Issued,SampleGen
INV-e9e0c3e3-071f-4e9c-9c11-1b7b76bd635b,ID208175,CID-468,e9e0c3e3-071f-4e9c-9c11-1b7b76bd635b,2026-04-26,2026-05-26,943.92,56.64,1000.56,Issued,SampleGen
INV-f9501c31-1226-4c10-8977-f24418d094f6,ID208176,CID-469,f9501c31-1226-4c10-8977-f24418d094f6,2025-02-03,2025-03-05,1063.72,63.84,1127.56,Issued,SampleGen
INV-ea6c203a-9de6-4b66-8f8d-8f216364b913,ID208177,CID-469,ea6c203a-9de6-4b66-8f8d-8f216364b913,2025-03-06,2025-04-05,1113.82,66.84,1180.66,Issued,SampleGen
INV-d00c3f99-de4c-45a9-bb36-080a0cb4bacd,ID208178,CID-469,d00c3f99-de4c-45a9-bb36-080a0cb4bacd,2025-04-25,2025-05-25,1535.74,92.16,1627.9,Issued,SampleGen
INV-9f7f62a9-e5fb-4ff1-bcef-b7f59e169602,ID208179,CID-469,9f7f62a9-e5fb-4ff1-bcef-b7f59e169602,2025-04-28,2025-05-28,1037.78,62.28,1100.06,Issued,SampleGen
INV-e3bd2f8b-9e1f-48f2-940a-51de6fe552f0,ID208180,CID-469,e3bd2f8b-9e1f-48f2-940a-51de6fe552f0,2025-05-10,2025-06-09,2243.9,134.64,2378.54,Issued,SampleGen
INV-a7a5abae-03b0-41d1-993f-c83516e205a2,ID208181,CID-469,a7a5abae-03b0-41d1-993f-c83516e205a2,2025-06-09,2025-07-09,445.9,26.76,472.66,Issued,SampleGen
INV-1e5fee12-80d4-4d21-a874-cdd6d35bd72a,ID208182,CID-469,1e5fee12-80d4-4d21-a874-cdd6d35bd72a,2025-07-15,2025-08-14,3699.7,222.0,3921.7,Issued,SampleGen
INV-394c5d16-da92-411c-9bd9-2345cf53a480,ID208183,CID-469,394c5d16-da92-411c-9bd9-2345cf53a480,2025-07-22,2025-08-21,647.88,38.88,686.76,Issued,SampleGen
INV-ea7d63ca-78ae-41a2-b9c6-54f9ceb96bb7,ID208184,CID-469,ea7d63ca-78ae-41a2-b9c6-54f9ceb96bb7,2025-08-16,2025-09-15,1059.88,63.6,1123.48,Issued,SampleGen
INV-1dc68ace-1dbf-40cb-8fc9-bac0a383a6e2,ID208185,CID-469,1dc68ace-1dbf-40cb-8fc9-bac0a383a6e2,2025-08-14,2025-09-13,2983.68,179.04,3162.72,Issued,SampleGen
INV-9428c5bc-84ea-443f-881b-7ab22f2fc8f3,ID208186,CID-469,9428c5bc-84ea-443f-881b-7ab22f2fc8f3,2025-09-21,2025-10-21,1169.8,70.2,1240.0,Issued,SampleGen
INV-3defe871-12e7-4e08-b265-a8bad585cdb7,ID208187,CID-469,3defe871-12e7-4e08-b265-a8bad585cdb7,2025-10-14,2025-11-13,1299.9,78.0,1377.9,Issued,SampleGen
INV-8ab19812-e969-41e8-ac38-ecad2ef9e67c,ID208188,CID-469,8ab19812-e969-41e8-ac38-ecad2ef9e67c,2025-10-03,2025-11-02,3523.88,211.44,3735.32,Issued,SampleGen
INV-f69d10c0-61ec-4408-b3f4-d769f3a7354b,ID208189,CID-469,f69d10c0-61ec-4408-b3f4-d769f3a7354b,2025-11-29,2025-12-29,3949.78,237.0,4186.78,Issued,SampleGen
INV-25fac10d-9f46-41f8-b9cf-b9be1a603aa9,ID208190,CID-469,25fac10d-9f46-41f8-b9cf-b9be1a603aa9,2025-11-24,2025-12-24,1999.8,120.0,2119.8,Issued,SampleGen
INV-150d59c4-1efb-487d-969e-65110ddcc807,ID208191,CID-469,150d59c4-1efb-487d-969e-65110ddcc807,2025-12-04,2026-01-03,1609.8,96.6,1706.4,Issued,SampleGen
INV-84e7f32f-661d-41b1-9a94-896e839d75ec,ID208192,CID-469,84e7f32f-661d-41b1-9a94-896e839d75ec,2025-12-25,2026-01-24,2195.72,131.76,2327.48,Issued,SampleGen
INV-42e28507-3c5f-4e1e-8fda-6e246c059400,ID208193,CID-469,42e28507-3c5f-4e1e-8fda-6e246c059400,2026-01-07,2026-02-06,1437.78,86.28,1524.06,Issued,SampleGen
INV-28a989ea-f9da-4acc-b97c-34b1a5e82547,ID208194,CID-469,28a989ea-f9da-4acc-b97c-34b1a5e82547,2026-01-13,2026-02-12,907.72,54.48,962.2,Issued,SampleGen
INV-91717e99-263d-4d6b-92b7-51d1d39bf4fc,ID208195,CID-469,91717e99-263d-4d6b-92b7-51d1d39bf4fc,2026-02-21,2026-03-23,1087.84,65.28,1153.12,Issued,SampleGen
INV-71d436b7-2968-4a56-924e-13d9ab783a2c,ID208196,CID-469,71d436b7-2968-4a56-924e-13d9ab783a2c,2026-02-21,2026-03-23,4171.78,250.32,4422.1,Issued,SampleGen
INV-a9cda635-20ab-4bba-8214-e40110264a87,ID208197,CID-469,a9cda635-20ab-4bba-8214-e40110264a87,2026-03-02,2026-04-01,1419.86,85.2,1505.06,Issued,SampleGen
INV-2a7cb226-63d3-45c6-acaa-dcbd6bde37e5,ID208198,CID-469,2a7cb226-63d3-45c6-acaa-dcbd6bde37e5,2026-03-06,2026-04-05,3519.74,211.2,3730.94,Issued,SampleGen
INV-c925569d-547c-4d8c-aa91-c70ad5437ef0,ID208199,CID-469,c925569d-547c-4d8c-aa91-c70ad5437ef0,2026-03-30,2026-04-29,255.92,15.36,271.28,Issued,SampleGen
INV-e8ecb9cc-c727-4fd4-b84a-dfdb1ea7f8c6,ID208200,CID-469,e8ecb9cc-c727-4fd4-b84a-dfdb1ea7f8c6,2026-04-09,2026-05-09,1939.82,116.4,2056.22,Issued,SampleGen
INV-7d0ac013-a225-4f6e-beb6-e8fd93d8d737,ID208201,CID-469,7d0ac013-a225-4f6e-beb6-e8fd93d8d737,2026-04-11,2026-05-11,1319.84,79.2,1399.04,Issued,SampleGen
INV-4da871da-6fce-4c65-9573-f105be7e562e,ID208202,CID-470,4da871da-6fce-4c65-9573-f105be7e562e,2025-02-25,2025-03-27,851.88,51.12,903.0,Issued,SampleGen
INV-e5c3047f-8ed1-4e62-8f9d-d52b9e9bdf66,ID208203,CID-470,e5c3047f-8ed1-4e62-8f9d-d52b9e9bdf66,2025-03-27,2025-04-26,929.86,55.8,985.66,Issued,SampleGen
INV-6e59532c-97d1-47c2-8552-4ffebb1934b5,ID208204,CID-470,6e59532c-97d1-47c2-8552-4ffebb1934b5,2025-04-22,2025-05-22,577.86,34.68,612.54,Issued,SampleGen
INV-11a6798a-9aa7-4103-b32d-c560452c65fa,ID208205,CID-470,11a6798a-9aa7-4103-b32d-c560452c65fa,2025-05-23,2025-06-22,1879.88,112.8,1992.68,Issued,SampleGen
INV-b3ea7e97-795e-4f6f-897a-08fef21e6236,ID208206,CID-470,b3ea7e97-795e-4f6f-897a-08fef21e6236,2025-07-01,2025-07-31,381.9,22.92,404.82,Issued,SampleGen
INV-f1b659d9-574f-4237-9d9a-827b9057fbaf,ID208207,CID-470,f1b659d9-574f-4237-9d9a-827b9057fbaf,2025-08-22,2025-09-21,3407.76,204.48,3612.24,Issued,SampleGen
INV-a5a72f2e-1e76-41b6-841d-20e71a4369d8,ID208208,CID-470,a5a72f2e-1e76-41b6-841d-20e71a4369d8,2025-09-16,2025-10-16,2319.88,139.2,2459.08,Issued,SampleGen
INV-305ac1d0-1d02-406a-af05-de76352947b0,ID208209,CID-470,305ac1d0-1d02-406a-af05-de76352947b0,2025-12-14,2026-01-13,3485.86,209.16,3695.02,Issued,SampleGen
INV-f5397d79-ce21-411e-8897-ad1c3843bb81,ID208210,CID-470,f5397d79-ce21-411e-8897-ad1c3843bb81,2026-01-15,2026-02-14,2415.72,144.96,2560.68,Issued,SampleGen
INV-789b6d20-df6f-48e4-a9af-e58f79811e79,ID208211,CID-470,789b6d20-df6f-48e4-a9af-e58f79811e79,2026-03-19,2026-04-18,919.88,55.2,975.08,Issued,SampleGen
INV-ef70e7d1-1131-4d22-a676-1f7a5b4ed0c7,ID208212,CID-471,ef70e7d1-1131-4d22-a676-1f7a5b4ed0c7,2025-02-15,2025-03-17,1709.86,102.6,1812.46,Issued,SampleGen
INV-5c67448b-df30-4356-9c7c-ccfabe38c317,ID208213,CID-471,5c67448b-df30-4356-9c7c-ccfabe38c317,2025-08-02,2025-09-01,469.82,28.2,498.02,Issued,SampleGen
INV-940c7192-b1b6-48e2-8a85-9f0d0fa114a8,ID208214,CID-471,940c7192-b1b6-48e2-8a85-9f0d0fa114a8,2025-10-11,2025-11-10,2955.74,177.36,3133.1,Issued,SampleGen
INV-503adb24-bfc0-4bc8-a084-9c4ea8f6c41c,ID208215,CID-471,503adb24-bfc0-4bc8-a084-9c4ea8f6c41c,2025-12-29,2026-01-28,477.86,28.68,506.54,Issued,SampleGen
INV-1b6363a9-5070-4239-99f1-2b94f8146a73,ID208216,CID-471,1b6363a9-5070-4239-99f1-2b94f8146a73,2026-01-31,2026-03-02,577.82,34.68,612.5,Issued,SampleGen
INV-d9ffc269-e271-426f-a637-4ec4ea45bdcc,ID208217,CID-471,d9ffc269-e271-426f-a637-4ec4ea45bdcc,2026-03-22,2026-04-21,8023.72,481.44,8505.16,Issued,SampleGen
INV-7e575014-e347-4244-903a-b70c455bc9d5,ID208218,CID-471,7e575014-e347-4244-903a-b70c455bc9d5,2026-04-11,2026-05-11,2623.74,157.44,2781.18,Issued,SampleGen
INV-8f8dd328-7d08-46c6-aa60-e99b299d0dd4,ID208219,CID-472,8f8dd328-7d08-46c6-aa60-e99b299d0dd4,2025-03-24,2025-04-23,3639.8,218.4,3858.2,Issued,SampleGen
INV-cdade2d4-ca85-4a8d-8e5e-01cdc64e14f4,ID208220,CID-472,cdade2d4-ca85-4a8d-8e5e-01cdc64e14f4,2025-04-13,2025-05-13,2595.7,155.76,2751.46,Issued,SampleGen
INV-e1c60789-0e5d-4557-9c9b-71ed5f324a2c,ID208221,CID-472,e1c60789-0e5d-4557-9c9b-71ed5f324a2c,2025-05-23,2025-06-22,3155.8,189.36,3345.16,Issued,SampleGen
INV-33d711b3-14af-4b07-a80d-e389f8b78c9a,ID208222,CID-472,33d711b3-14af-4b07-a80d-e389f8b78c9a,2025-06-10,2025-07-10,179.92,10.8,190.72,Issued,SampleGen
INV-228dafa9-b37f-4aff-a039-6aa462db3235,ID208223,CID-472,228dafa9-b37f-4aff-a039-6aa462db3235,2025-07-14,2025-08-13,567.84,34.08,601.92,Issued,SampleGen
INV-c38410ed-fc7c-4609-b026-5d641b21e96f,ID208224,CID-472,c38410ed-fc7c-4609-b026-5d641b21e96f,2025-08-23,2025-09-22,413.86,24.84,438.7,Issued,SampleGen
INV-35c83191-3a4f-449f-921a-5ca652e392b7,ID208225,CID-472,35c83191-3a4f-449f-921a-5ca652e392b7,2025-09-26,2025-10-26,775.84,46.56,822.4,Issued,SampleGen
INV-bb084245-292f-40d2-abcf-310e61df34c4,ID208226,CID-472,bb084245-292f-40d2-abcf-310e61df34c4,2025-10-14,2025-11-13,1901.9,114.12,2016.02,Issued,SampleGen
INV-b50f3e21-79b7-47e2-8022-f67733d16761,ID208227,CID-472,b50f3e21-79b7-47e2-8022-f67733d16761,2025-12-07,2026-01-06,4507.78,270.48,4778.26,Issued,SampleGen
INV-513b686d-0126-422e-8fee-f968142b802c,ID208228,CID-472,513b686d-0126-422e-8fee-f968142b802c,2026-01-18,2026-02-17,5545.72,332.76,5878.48,Issued,SampleGen
INV-202d7a99-2fb9-4d23-8985-8ce41e897323,ID208229,CID-472,202d7a99-2fb9-4d23-8985-8ce41e897323,2026-02-07,2026-03-09,1303.76,78.24,1382.0,Issued,SampleGen
INV-2bacf36e-803e-4109-92f1-8c74fa660f74,ID208230,CID-472,2bacf36e-803e-4109-92f1-8c74fa660f74,2026-03-07,2026-04-06,3973.78,238.44,4212.22,Issued,SampleGen
INV-3e74d32c-3d91-45e2-bc7e-1985ddf22d0c,ID208231,CID-472,3e74d32c-3d91-45e2-bc7e-1985ddf22d0c,2026-05-01,2026-05-31,713.88,42.84,756.72,Issued,SampleGen
INV-a7c24c84-ca18-499d-a8a6-9c943a0a2a7c,ID208232,CID-473,a7c24c84-ca18-499d-a8a6-9c943a0a2a7c,2025-02-13,2025-03-15,2637.86,158.28,2796.14,Issued,SampleGen
INV-6c63b47b-ac82-4178-9292-a5e59c7debfc,ID208233,CID-473,6c63b47b-ac82-4178-9292-a5e59c7debfc,2025-03-28,2025-04-27,2439.8,146.4,2586.2,Issued,SampleGen
INV-e417bfc2-b3a6-43a2-a3bb-cdda77ce02a4,ID208234,CID-473,e417bfc2-b3a6-43a2-a3bb-cdda77ce02a4,2025-05-16,2025-06-15,3567.88,214.08,3781.96,Issued,SampleGen
INV-ec129c42-c0d4-49a2-a561-196a7fe1f906,ID208235,CID-473,ec129c42-c0d4-49a2-a561-196a7fe1f906,2025-06-04,2025-07-04,2753.88,165.24,2919.12,Issued,SampleGen
INV-f247f1cf-1981-4f67-b409-d38bd7d80ace,ID208236,CID-473,f247f1cf-1981-4f67-b409-d38bd7d80ace,2025-07-27,2025-08-26,701.8,42.12,743.92,Issued,SampleGen
INV-00b06bc4-7270-4a7b-9d62-1e85948233b8,ID208237,CID-473,00b06bc4-7270-4a7b-9d62-1e85948233b8,2025-08-13,2025-09-12,2507.82,150.48,2658.3,Issued,SampleGen
INV-986b94ea-b536-427e-8b12-75ee31f51569,ID208238,CID-473,986b94ea-b536-427e-8b12-75ee31f51569,2025-08-20,2025-09-19,5479.8,328.8,5808.6,Issued,SampleGen
INV-a93f2fe5-3611-428c-9f07-64401b244973,ID208239,CID-473,a93f2fe5-3611-428c-9f07-64401b244973,2025-09-22,2025-10-22,5101.78,306.12,5407.9,Issued,SampleGen
INV-e84f0658-3d00-43cb-a979-ef952efdf4db,ID208240,CID-473,e84f0658-3d00-43cb-a979-ef952efdf4db,2025-10-27,2025-11-26,2903.9,174.24,3078.14,Issued,SampleGen
INV-adf492c7-b788-4267-984e-fe3cf8662346,ID208241,CID-473,adf492c7-b788-4267-984e-fe3cf8662346,2025-11-03,2025-12-03,3943.8,236.64,4180.44,Issued,SampleGen
INV-9e7f6b11-e3ca-4a96-a79a-97ec37850296,ID208242,CID-473,9e7f6b11-e3ca-4a96-a79a-97ec37850296,2025-11-04,2025-12-04,919.92,55.2,975.12,Issued,SampleGen
INV-071eb6a9-bdeb-45cb-a17e-f8c696e1cd30,ID208243,CID-473,071eb6a9-bdeb-45cb-a17e-f8c696e1cd30,2025-12-07,2026-01-06,3855.84,231.36,4087.2,Issued,SampleGen
INV-c4d8119c-29b9-491a-bf72-d9084c1f54a8,ID208244,CID-473,c4d8119c-29b9-491a-bf72-d9084c1f54a8,2025-12-25,2026-01-24,1839.86,110.4,1950.26,Issued,SampleGen
INV-cc9310c9-4f6c-4346-80bc-2aacb91fe163,ID208245,CID-473,cc9310c9-4f6c-4346-80bc-2aacb91fe163,2026-01-02,2026-02-01,3451.78,207.12,3658.9,Issued,SampleGen
INV-a39fd4de-63d9-47cb-8e6b-ad92a93ecae7,ID208246,CID-473,a39fd4de-63d9-47cb-8e6b-ad92a93ecae7,2026-02-11,2026-03-13,3063.78,183.84,3247.62,Issued,SampleGen
INV-14ab38d6-1fda-42ef-9523-e69843078400,ID208247,CID-473,14ab38d6-1fda-42ef-9523-e69843078400,2026-02-17,2026-03-19,2355.76,141.36,2497.12,Issued,SampleGen
INV-c7f54b85-150e-441f-834a-a3d324fba67e,ID208248,CID-473,c7f54b85-150e-441f-834a-a3d324fba67e,2026-04-01,2026-05-01,4811.7,288.72,5100.42,Issued,SampleGen
INV-c7f2b295-4752-4c3c-a8bc-306755f6f8f8,ID208249,CID-473,c7f2b295-4752-4c3c-a8bc-306755f6f8f8,2026-03-19,2026-04-18,4447.82,266.88,4714.7,Issued,SampleGen
INV-db317310-16bb-48a0-b3ed-a4b319d18ba7,ID208250,CID-473,db317310-16bb-48a0-b3ed-a4b319d18ba7,2026-04-28,2026-05-28,279.9,16.8,296.7,Issued,SampleGen
INV-a748c77d-f5d1-48fb-97a4-ee23fd4abb12,ID208251,CID-473,a748c77d-f5d1-48fb-97a4-ee23fd4abb12,2026-04-14,2026-05-14,4431.8,265.92,4697.72,Issued,SampleGen
INV-2aafcb85-bd3f-408f-83f8-1301fdefdc9e,ID208252,CID-474,2aafcb85-bd3f-408f-83f8-1301fdefdc9e,2025-01-31,2025-03-02,1093.86,65.64,1159.5,Issued,SampleGen
INV-5e751d65-77a5-4994-a0fe-dcbbcf5ae960,ID208253,CID-474,5e751d65-77a5-4994-a0fe-dcbbcf5ae960,2025-01-07,2025-02-06,3453.74,207.24,3660.98,Issued,SampleGen
INV-22b071b1-cea1-4519-a4ea-ff7293cd6509,ID208254,CID-474,22b071b1-cea1-4519-a4ea-ff7293cd6509,2025-02-21,2025-03-23,1439.84,86.4,1526.24,Issued,SampleGen
INV-b4eb03c5-01a1-4a3d-a4f1-00d1cfaa7e71,ID208255,CID-474,b4eb03c5-01a1-4a3d-a4f1-00d1cfaa7e71,2025-02-13,2025-03-15,1263.84,75.84,1339.68,Issued,SampleGen
INV-4d849a67-e1d0-48de-a361-a11992c21c7e,ID208256,CID-474,4d849a67-e1d0-48de-a361-a11992c21c7e,2025-03-21,2025-04-20,969.8,58.2,1028.0,Issued,SampleGen
INV-c384bcb3-ea60-44e7-84ed-73446518cce5,ID208257,CID-474,c384bcb3-ea60-44e7-84ed-73446518cce5,2025-03-31,2025-04-30,1167.88,70.08,1237.96,Issued,SampleGen
INV-5b29c47b-a122-4d37-9777-299406c01037,ID208258,CID-474,5b29c47b-a122-4d37-9777-299406c01037,2025-04-02,2025-05-02,7403.7,444.24,7847.94,Issued,SampleGen
INV-788cda98-d471-40bd-bc4f-dd7145ff59aa,ID208259,CID-474,788cda98-d471-40bd-bc4f-dd7145ff59aa,2025-04-23,2025-05-23,2037.78,122.28,2160.06,Issued,SampleGen
INV-dd68ba1c-da57-4314-a770-461c788b58af,ID208260,CID-474,dd68ba1c-da57-4314-a770-461c788b58af,2025-05-27,2025-06-26,3815.82,228.96,4044.78,Issued,SampleGen
INV-32d42461-aed7-40f7-b86c-9493e45deb65,ID208261,CID-474,32d42461-aed7-40f7-b86c-9493e45deb65,2025-05-06,2025-06-05,3547.88,212.88,3760.76,Issued,SampleGen
INV-c527763e-f0bb-45e4-9cd2-ad13089f1fa5,ID208262,CID-474,c527763e-f0bb-45e4-9cd2-ad13089f1fa5,2025-05-31,2025-06-30,3971.82,238.32,4210.14,Issued,SampleGen
INV-6efd8ffc-7dfe-477e-8422-8423c2b4f8a5,ID208263,CID-474,6efd8ffc-7dfe-477e-8422-8423c2b4f8a5,2025-06-13,2025-07-13,1737.76,104.28,1842.04,Issued,SampleGen
INV-c40e6f51-0374-49ef-b358-9cdf18e5562b,ID208264,CID-474,c40e6f51-0374-49ef-b358-9cdf18e5562b,2025-06-10,2025-07-10,3579.78,214.8,3794.58,Issued,SampleGen
INV-67ef405c-2e4f-46fa-a2bd-8db529537ae5,ID208265,CID-474,67ef405c-2e4f-46fa-a2bd-8db529537ae5,2025-07-31,2025-08-30,503.86,30.24,534.1,Issued,SampleGen
INV-eab2a27f-db8b-4e85-ad6a-4095575d846c,ID208266,CID-474,eab2a27f-db8b-4e85-ad6a-4095575d846c,2025-07-21,2025-08-20,5211.84,312.72,5524.56,Issued,SampleGen
INV-d6c49bf1-613a-4b82-8a34-56c19f4fc973,ID208267,CID-474,d6c49bf1-613a-4b82-8a34-56c19f4fc973,2025-08-03,2025-09-02,2753.88,165.24,2919.12,Issued,SampleGen
INV-f6135017-eba3-420c-9423-66807ee0f454,ID208268,CID-474,f6135017-eba3-420c-9423-66807ee0f454,2025-08-16,2025-09-15,2893.78,173.64,3067.42,Issued,SampleGen
INV-3883c7d4-9b76-4675-9c5b-20dca5863e87,ID208269,CID-474,3883c7d4-9b76-4675-9c5b-20dca5863e87,2025-08-18,2025-09-17,1087.84,65.28,1153.12,Issued,SampleGen
INV-5cc37535-ee72-4f96-926c-ef7df44f90bc,ID208270,CID-474,5cc37535-ee72-4f96-926c-ef7df44f90bc,2025-09-24,2025-10-24,713.88,42.84,756.72,Issued,SampleGen
INV-fa9eb942-a2c6-4e41-ae5c-cbc5674aad86,ID208271,CID-474,fa9eb942-a2c6-4e41-ae5c-cbc5674aad86,2025-09-12,2025-10-12,4415.8,264.96,4680.76,Issued,SampleGen
INV-6ba4aba4-a13c-4c21-9dc0-bcbd1c2c263f,ID208272,CID-474,6ba4aba4-a13c-4c21-9dc0-bcbd1c2c263f,2025-09-22,2025-10-22,3199.8,192.0,3391.8,Issued,SampleGen
INV-bf4365c0-45c0-4ebf-987b-cf4c01aea1b5,ID208273,CID-474,bf4365c0-45c0-4ebf-987b-cf4c01aea1b5,2025-10-23,2025-11-22,899.92,54.0,953.92,Issued,SampleGen
INV-645e5ecf-7788-4d6b-9b36-098f7fa52e94,ID208274,CID-474,645e5ecf-7788-4d6b-9b36-098f7fa52e94,2025-10-07,2025-11-06,679.9,40.8,720.7,Issued,SampleGen
INV-5066a101-ac92-4542-adf2-b9da4ac0a4e7,ID208275,CID-474,5066a101-ac92-4542-adf2-b9da4ac0a4e7,2025-10-14,2025-11-13,951.86,57.12,1008.98,Issued,SampleGen
INV-ff749008-ada7-49a1-87cc-5c1f8041ad8e,ID208276,CID-474,ff749008-ada7-49a1-87cc-5c1f8041ad8e,2025-10-23,2025-11-22,4195.78,251.76,4447.54,Issued,SampleGen
INV-e344a16e-21c4-48a6-8f3a-163bc4ac0042,ID208277,CID-474,e344a16e-21c4-48a6-8f3a-163bc4ac0042,2025-11-27,2025-12-27,5297.74,317.88,5615.62,Issued,SampleGen
INV-0ed24833-54dc-4650-9e18-57ffa46f828b,ID208278,CID-474,0ed24833-54dc-4650-9e18-57ffa46f828b,2025-11-17,2025-12-17,4041.7,242.52,4284.22,Issued,SampleGen
INV-393a00d5-39dd-4a1a-899d-eac862bbe1ce,ID208279,CID-474,393a00d5-39dd-4a1a-899d-eac862bbe1ce,2025-11-03,2025-12-03,971.76,58.32,1030.08,Issued,SampleGen
INV-38d6c0e4-ebaf-4eff-b014-19c8fca7e13b,ID208280,CID-474,38d6c0e4-ebaf-4eff-b014-19c8fca7e13b,2025-11-15,2025-12-15,3581.86,214.92,3796.78,Issued,SampleGen
INV-10bcf113-43ab-450b-95e2-9a78f9782e35,ID208281,CID-474,10bcf113-43ab-450b-95e2-9a78f9782e35,2025-12-05,2026-01-04,3303.76,198.24,3502.0,Issued,SampleGen
INV-e4d056e6-32b2-457d-a66b-0bc5237e7fbc,ID208282,CID-474,e4d056e6-32b2-457d-a66b-0bc5237e7fbc,2025-12-08,2026-01-07,2415.76,144.96,2560.72,Issued,SampleGen
INV-a8019a81-12b1-43bd-8656-b54bbea9fa09,ID208283,CID-474,a8019a81-12b1-43bd-8656-b54bbea9fa09,2026-01-01,2026-01-31,2783.84,167.04,2950.88,Issued,SampleGen
INV-e8cc92f4-1543-4603-aec5-e4e69a680f6a,ID208284,CID-474,e8cc92f4-1543-4603-aec5-e4e69a680f6a,2025-12-06,2026-01-05,1167.76,70.08,1237.84,Issued,SampleGen
INV-a9516061-7693-4b71-bc0b-a3f216dddc10,ID208285,CID-474,a9516061-7693-4b71-bc0b-a3f216dddc10,2026-01-11,2026-02-10,7027.74,421.68,7449.42,Issued,SampleGen
INV-3bd2e95a-8d6d-4fa3-b47c-a23f5d320c13,ID208286,CID-474,3bd2e95a-8d6d-4fa3-b47c-a23f5d320c13,2026-01-06,2026-02-05,1999.76,120.0,2119.76,Issued,SampleGen
INV-810c0669-26d1-4c52-b83b-7a8c31a2a898,ID208287,CID-474,810c0669-26d1-4c52-b83b-7a8c31a2a898,2026-01-07,2026-02-06,911.84,54.72,966.56,Issued,SampleGen
INV-95b35719-8104-4fe9-9c18-0f92ecd66a3a,ID208288,CID-474,95b35719-8104-4fe9-9c18-0f92ecd66a3a,2026-01-31,2026-03-02,2111.8,126.72,2238.52,Issued,SampleGen
INV-b54a1c17-ffd5-4f9d-bc46-5d82da4cfcfb,ID208289,CID-474,b54a1c17-ffd5-4f9d-bc46-5d82da4cfcfb,2026-02-28,2026-03-30,6555.76,393.36,6949.12,Issued,SampleGen
INV-249e455d-f6c6-4429-a86d-7e053f242725,ID208290,CID-474,249e455d-f6c6-4429-a86d-7e053f242725,2026-02-12,2026-03-14,803.86,48.24,852.1,Issued,SampleGen
INV-9b3535c7-4d3f-4e42-9c7a-1f9d6aaf32fd,ID208291,CID-474,9b3535c7-4d3f-4e42-9c7a-1f9d6aaf32fd,2026-02-17,2026-03-19,1551.86,93.12,1644.98,Issued,SampleGen
INV-ec9b60f2-dd96-487b-a821-0ae4282699e4,ID208292,CID-474,ec9b60f2-dd96-487b-a821-0ae4282699e4,2026-02-17,2026-03-19,4603.74,276.24,4879.98,Issued,SampleGen
INV-a42fe5cc-4e01-4167-9201-3d92776c875b,ID208293,CID-474,a42fe5cc-4e01-4167-9201-3d92776c875b,2026-03-13,2026-04-12,727.82,43.68,771.5,Issued,SampleGen
INV-fddacc45-cd75-4f77-8e43-3e75b31e8853,ID208294,CID-474,fddacc45-cd75-4f77-8e43-3e75b31e8853,2026-03-29,2026-04-28,4927.84,295.68,5223.52,Issued,SampleGen
INV-cf3fdfac-ce38-4ce3-a8da-3c74aa674f48,ID208295,CID-474,cf3fdfac-ce38-4ce3-a8da-3c74aa674f48,2026-03-15,2026-04-14,2381.78,142.92,2524.7,Issued,SampleGen
INV-bb615a27-3bf8-4211-9db3-3b32c9fc9297,ID208296,CID-474,bb615a27-3bf8-4211-9db3-3b32c9fc9297,2026-03-30,2026-04-29,529.86,31.8,561.66,Issued,SampleGen
INV-087fa69d-c282-4df9-b069-d75a9bd4384b,ID208297,CID-474,087fa69d-c282-4df9-b069-d75a9bd4384b,2026-05-01,2026-05-31,679.88,40.8,720.68,Issued,SampleGen
INV-a7f37ec9-219b-4537-8acc-0726da4d8eef,ID208298,CID-474,a7f37ec9-219b-4537-8acc-0726da4d8eef,2026-04-11,2026-05-11,1671.8,100.32,1772.12,Issued,SampleGen
INV-72c6979e-01b9-4d20-b998-620b19c04269,ID208299,CID-474,72c6979e-01b9-4d20-b998-620b19c04269,2026-04-20,2026-05-20,3775.84,226.56,4002.4,Issued,SampleGen
INV-9776f565-a85f-4e79-a9c4-a5bc3685d335,ID208300,CID-474,9776f565-a85f-4e79-a9c4-a5bc3685d335,2026-04-10,2026-05-10,1287.7,77.28,1364.98,Issued,SampleGen
INV-485b4955-ea3c-41c7-9172-fcf3f6df5879,ID208301,CID-474,485b4955-ea3c-41c7-9172-fcf3f6df5879,2026-04-29,2026-05-29,925.82,55.56,981.38,Issued,SampleGen
INV-b41d9e35-e999-44e7-9ed1-8f865e7369da,ID208302,CID-475,b41d9e35-e999-44e7-9ed1-8f865e7369da,2025-02-08,2025-03-10,291.88,17.52,309.4,Issued,SampleGen
INV-a70ce2e2-a22f-4691-bbda-efa80a665402,ID208303,CID-475,a70ce2e2-a22f-4691-bbda-efa80a665402,2025-04-04,2025-05-04,627.8,37.68,665.48,Issued,SampleGen
INV-bbe4103a-d74b-404d-a551-2aefcf006c1e,ID208304,CID-475,bbe4103a-d74b-404d-a551-2aefcf006c1e,2025-09-12,2025-10-12,595.84,35.76,631.6,Issued,SampleGen
INV-5c81024e-8349-4103-a505-0d1bbf06387b,ID208305,CID-475,5c81024e-8349-4103-a505-0d1bbf06387b,2025-12-13,2026-01-12,6119.74,367.2,6486.94,Issued,SampleGen
INV-5569beb3-e5b4-4737-85d3-b3e7cc77995b,ID208306,CID-475,5569beb3-e5b4-4737-85d3-b3e7cc77995b,2026-01-17,2026-02-16,655.82,39.36,695.18,Issued,SampleGen
INV-640644e1-390e-4ea9-9161-12feb5c06649,ID208307,CID-476,640644e1-390e-4ea9-9161-12feb5c06649,2025-04-19,2025-05-19,2423.88,145.44,2569.32,Issued,SampleGen
INV-21f31103-f8c0-4634-acf6-e4d48c817235,ID208308,CID-476,21f31103-f8c0-4634-acf6-e4d48c817235,2025-05-22,2025-06-21,5471.76,328.32,5800.08,Issued,SampleGen
INV-ff447083-592d-4948-a704-c3187f42b4ba,ID208309,CID-476,ff447083-592d-4948-a704-c3187f42b4ba,2025-10-05,2025-11-04,5123.76,307.44,5431.2,Issued,SampleGen
INV-3f85a93b-e9f7-41cf-a429-9a6a73ed9e51,ID208310,CID-476,3f85a93b-e9f7-41cf-a429-9a6a73ed9e51,2025-11-12,2025-12-12,687.84,41.28,729.12,Issued,SampleGen
INV-f99bdb9d-6407-4198-886e-f6b52ee59864,ID208311,CID-476,f99bdb9d-6407-4198-886e-f6b52ee59864,2026-01-28,2026-02-27,1151.86,69.12,1220.98,Issued,SampleGen
INV-6eeb6316-273b-4713-a167-a8b566b38f56,ID208312,CID-476,6eeb6316-273b-4713-a167-a8b566b38f56,2026-02-24,2026-03-26,2183.8,131.04,2314.84,Issued,SampleGen
INV-02ad31bf-2726-4d25-a6f6-178d84a431e1,ID208313,CID-476,02ad31bf-2726-4d25-a6f6-178d84a431e1,2026-04-21,2026-05-21,519.92,31.2,551.12,Issued,SampleGen
INV-58f282d3-797b-42a2-a216-f8781fe638f8,ID208314,CID-477,58f282d3-797b-42a2-a216-f8781fe638f8,2025-02-12,2025-03-14,3791.8,227.52,4019.32,Issued,SampleGen
INV-83d60b79-dcb2-4475-b69b-11a3490490bf,ID208315,CID-477,83d60b79-dcb2-4475-b69b-11a3490490bf,2025-03-26,2025-04-25,3915.72,234.96,4150.68,Issued,SampleGen
INV-ecd52f9b-fa19-4b6a-9d92-47dfc4848f62,ID208316,CID-477,ecd52f9b-fa19-4b6a-9d92-47dfc4848f62,2025-04-03,2025-05-03,567.84,34.08,601.92,Issued,SampleGen
INV-c017dad2-e68e-47e9-9946-f490472e27fb,ID208317,CID-477,c017dad2-e68e-47e9-9946-f490472e27fb,2025-06-25,2025-07-25,3121.78,187.32,3309.1,Issued,SampleGen
INV-65725549-b902-4318-a4a1-3c56a876a5c4,ID208318,CID-477,65725549-b902-4318-a4a1-3c56a876a5c4,2025-07-16,2025-08-15,1417.84,85.08,1502.92,Issued,SampleGen
INV-d6db0dd4-89cc-4a9e-9821-6f035cb452a4,ID208319,CID-477,d6db0dd4-89cc-4a9e-9821-6f035cb452a4,2025-09-11,2025-10-11,791.82,47.52,839.34,Issued,SampleGen
INV-492a5374-cd7c-4247-b24a-2dd45331ba81,ID208320,CID-477,492a5374-cd7c-4247-b24a-2dd45331ba81,2025-11-16,2025-12-16,1315.78,78.96,1394.74,Issued,SampleGen
INV-fbb3728e-4d90-4348-99de-6321939a3274,ID208321,CID-477,fbb3728e-4d90-4348-99de-6321939a3274,2026-01-16,2026-02-15,5009.76,300.6,5310.36,Issued,SampleGen
INV-5f4b10d3-3cea-4a52-a638-7f615bc0fdbb,ID208322,CID-477,5f4b10d3-3cea-4a52-a638-7f615bc0fdbb,2026-02-04,2026-03-06,1639.86,98.4,1738.26,Issued,SampleGen
INV-017698af-c208-41a1-a4d1-fe7838c1a9d5,ID208323,CID-477,017698af-c208-41a1-a4d1-fe7838c1a9d5,2026-03-27,2026-04-26,2387.84,143.28,2531.12,Issued,SampleGen
INV-babb2a0f-b27e-4dd3-bda2-5e96f7a755cc,ID208324,CID-477,babb2a0f-b27e-4dd3-bda2-5e96f7a755cc,2026-03-19,2026-04-18,853.84,51.24,905.08,Issued,SampleGen
INV-4de5b32f-ab61-44c1-bdf3-316edeba6482,ID208325,CID-477,4de5b32f-ab61-44c1-bdf3-316edeba6482,2026-04-14,2026-05-14,567.9,34.08,601.98,Issued,SampleGen
INV-1463883f-637a-4fe8-9434-f5e64b0a1992,ID208326,CID-478,1463883f-637a-4fe8-9434-f5e64b0a1992,2025-01-13,2025-02-12,919.8,55.2,975.0,Issued,SampleGen
INV-1f65d80f-919f-414c-bfc4-6c17f08b4f72,ID208327,CID-478,1f65d80f-919f-414c-bfc4-6c17f08b4f72,2025-02-06,2025-03-08,4887.8,293.28,5181.08,Issued,SampleGen
INV-4044e4b7-668f-4185-82e9-abba685f229a,ID208328,CID-478,4044e4b7-668f-4185-82e9-abba685f229a,2025-03-30,2025-04-29,1729.86,103.8,1833.66,Issued,SampleGen
INV-817c75da-db78-46ab-bbb0-1b9ab81a3eae,ID208329,CID-478,817c75da-db78-46ab-bbb0-1b9ab81a3eae,2025-05-08,2025-06-07,3511.84,210.72,3722.56,Issued,SampleGen
INV-dbadbcbe-d941-4341-ac6c-69b6f01d6b85,ID208330,CID-478,dbadbcbe-d941-4341-ac6c-69b6f01d6b85,2025-06-29,2025-07-29,2871.86,172.32,3044.18,Issued,SampleGen
INV-3c479cdd-9cde-4b61-b7de-74cd1724d7a0,ID208331,CID-478,3c479cdd-9cde-4b61-b7de-74cd1724d7a0,2025-08-01,2025-08-31,5443.76,326.64,5770.4,Issued,SampleGen
INV-3c21d7f4-1c3a-453d-b88e-20fbcaa1a131,ID208332,CID-478,3c21d7f4-1c3a-453d-b88e-20fbcaa1a131,2025-08-30,2025-09-29,917.86,55.08,972.94,Issued,SampleGen
INV-f3d40000-7ae8-42bb-8c01-1621f57675a2,ID208333,CID-478,f3d40000-7ae8-42bb-8c01-1621f57675a2,2025-08-13,2025-09-12,685.82,41.16,726.98,Issued,SampleGen
INV-3ef46f3e-32ee-42a9-a009-8a003395ffe7,ID208334,CID-478,3ef46f3e-32ee-42a9-a009-8a003395ffe7,2025-09-22,2025-10-22,1047.8,62.88,1110.68,Issued,SampleGen
INV-10ba78ed-20e5-4cc2-93bf-1cab8bd32d5a,ID208335,CID-478,10ba78ed-20e5-4cc2-93bf-1cab8bd32d5a,2025-09-30,2025-10-30,1971.74,118.32,2090.06,Issued,SampleGen
INV-8c0bb61e-c66d-459d-b254-6c4249543143,ID208336,CID-478,8c0bb61e-c66d-459d-b254-6c4249543143,2025-10-24,2025-11-23,2279.72,136.8,2416.52,Issued,SampleGen
INV-ea8ae5b4-2df8-4cc2-b2bd-55a122ffc744,ID208337,CID-478,ea8ae5b4-2df8-4cc2-b2bd-55a122ffc744,2025-11-20,2025-12-20,5243.82,314.64,5558.46,Issued,SampleGen
INV-e6d4c91e-683c-41a3-bcc0-9088fc93a613,ID208338,CID-478,e6d4c91e-683c-41a3-bcc0-9088fc93a613,2025-12-20,2026-01-19,2009.78,120.6,2130.38,Issued,SampleGen
INV-658f3d18-ff43-4f2b-a24f-3e5a644d0022,ID208339,CID-478,658f3d18-ff43-4f2b-a24f-3e5a644d0022,2026-01-03,2026-02-02,239.88,14.4,254.28,Issued,SampleGen
INV-72264820-4bfe-4297-9425-e66c90009181,ID208340,CID-478,72264820-4bfe-4297-9425-e66c90009181,2026-01-30,2026-03-01,3787.82,227.28,4015.1,Issued,SampleGen
INV-a862eb61-4ee7-4b28-a5fe-03635efba974,ID208341,CID-478,a862eb61-4ee7-4b28-a5fe-03635efba974,2026-02-07,2026-03-09,2159.88,129.6,2289.48,Issued,SampleGen
INV-2c061bcb-6893-40b1-b592-d120c7c781e6,ID208342,CID-478,2c061bcb-6893-40b1-b592-d120c7c781e6,2026-02-15,2026-03-17,1679.72,100.8,1780.52,Issued,SampleGen
INV-55e2c4f3-37f9-449e-a5d5-cd61bf0cb8c1,ID208343,CID-478,55e2c4f3-37f9-449e-a5d5-cd61bf0cb8c1,2026-03-28,2026-04-27,3967.8,238.08,4205.88,Issued,SampleGen
INV-73dbae87-948f-4fd3-8ae1-ed0fd4d336fa,ID208344,CID-478,73dbae87-948f-4fd3-8ae1-ed0fd4d336fa,2026-04-29,2026-05-29,1271.9,76.32,1348.22,Issued,SampleGen
INV-7d265418-bed5-4073-a1bc-a52bdd61f167,ID208345,CID-478,7d265418-bed5-4073-a1bc-a52bdd61f167,2026-04-04,2026-05-04,683.88,41.04,724.92,Issued,SampleGen
INV-e5c0a4da-bce9-4047-9317-4ab5fd8fc0a9,ID208346,CID-479,e5c0a4da-bce9-4047-9317-4ab5fd8fc0a9,2025-06-06,2025-07-06,2501.74,150.12,2651.86,Issued,SampleGen
INV-a793bccd-89c7-437c-8e9c-fb284c3bd195,ID208347,CID-479,a793bccd-89c7-437c-8e9c-fb284c3bd195,2025-07-07,2025-08-06,769.78,46.2,815.98,Issued,SampleGen
INV-cafc9d3c-7e07-4203-8284-4de27d4da60d,ID208348,CID-479,cafc9d3c-7e07-4203-8284-4de27d4da60d,2025-10-14,2025-11-13,1013.78,60.84,1074.62,Issued,SampleGen
INV-e23b35cc-a65d-4066-bf0c-542073805bf7,ID208349,CID-480,e23b35cc-a65d-4066-bf0c-542073805bf7,2025-01-21,2025-02-20,4057.76,243.48,4301.24,Issued,SampleGen
INV-d33e642a-5de4-4d94-9d66-8450a08c40c7,ID208350,CID-480,d33e642a-5de4-4d94-9d66-8450a08c40c7,2025-04-03,2025-05-03,1031.78,61.92,1093.7,Issued,SampleGen
INV-171171d3-9aa2-4f0f-bb94-e77252804a60,ID208351,CID-480,171171d3-9aa2-4f0f-bb94-e77252804a60,2025-05-10,2025-06-09,6067.72,364.08,6431.8,Issued,SampleGen
INV-f4a994ff-f33f-47f4-8687-72e010918dff,ID208352,CID-480,f4a994ff-f33f-47f4-8687-72e010918dff,2025-06-18,2025-07-18,1071.78,64.32,1136.1,Issued,SampleGen
INV-f1f7e6ff-de06-434c-91c2-8b7a615977e6,ID208353,CID-480,f1f7e6ff-de06-434c-91c2-8b7a615977e6,2025-09-29,2025-10-29,1387.72,83.28,1471.0,Issued,SampleGen
INV-45a88416-a05f-45b6-a66a-9edeaf520fdc,ID208354,CID-480,45a88416-a05f-45b6-a66a-9edeaf520fdc,2025-10-14,2025-11-13,1499.86,90.0,1589.86,Issued,SampleGen
INV-cde183f7-d352-4b78-b2ed-6512a7664e72,ID208355,CID-480,cde183f7-d352-4b78-b2ed-6512a7664e72,2025-11-28,2025-12-28,2971.82,178.32,3150.14,Issued,SampleGen
INV-66e4a3ba-1559-48f0-9ed2-57a1879eddfa,ID208356,CID-480,66e4a3ba-1559-48f0-9ed2-57a1879eddfa,2026-01-17,2026-02-16,623.82,37.44,661.26,Issued,SampleGen
INV-b8ffe323-91d2-4408-ac03-754d491119c6,ID208357,CID-480,b8ffe323-91d2-4408-ac03-754d491119c6,2026-03-29,2026-04-28,1119.78,67.2,1186.98,Issued,SampleGen
INV-ffa468a7-5be0-430f-9339-f2d62315e306,ID208358,CID-481,ffa468a7-5be0-430f-9339-f2d62315e306,2025-01-26,2025-02-25,903.88,54.24,958.12,Issued,SampleGen
INV-303ea417-ebb4-46ad-8bfa-930cbf39e741,ID208359,CID-481,303ea417-ebb4-46ad-8bfa-930cbf39e741,2025-03-19,2025-04-18,337.9,20.28,358.18,Issued,SampleGen
INV-2129d701-aff2-4095-ab1f-b00f343a134f,ID208360,CID-481,2129d701-aff2-4095-ab1f-b00f343a134f,2025-04-23,2025-05-23,1249.78,75.0,1324.78,Issued,SampleGen
INV-086fbfcd-974c-48a8-838a-30a4400d1c4e,ID208361,CID-481,086fbfcd-974c-48a8-838a-30a4400d1c4e,2025-05-23,2025-06-22,1497.84,89.88,1587.72,Issued,SampleGen
INV-02446d78-0963-4183-b627-da76bec67344,ID208362,CID-481,02446d78-0963-4183-b627-da76bec67344,2025-06-03,2025-07-03,2335.78,140.16,2475.94,Issued,SampleGen
INV-26328eed-ca98-4d12-a23b-ef6a4187e93a,ID208363,CID-481,26328eed-ca98-4d12-a23b-ef6a4187e93a,2025-07-07,2025-08-06,969.78,58.2,1027.98,Issued,SampleGen
INV-6820b904-a6c4-4901-91ad-afd9c39a06df,ID208364,CID-481,6820b904-a6c4-4901-91ad-afd9c39a06df,2025-08-29,2025-09-28,767.82,46.08,813.9,Issued,SampleGen
INV-a5c91c5d-cf60-4f07-ab70-8ef3feccd901,ID208365,CID-481,a5c91c5d-cf60-4f07-ab70-8ef3feccd901,2025-09-09,2025-10-09,1303.82,78.24,1382.06,Issued,SampleGen
INV-6d1cd9fb-3e72-4406-8476-9454749015d4,ID208366,CID-481,6d1cd9fb-3e72-4406-8476-9454749015d4,2025-09-14,2025-10-14,4419.78,265.2,4684.98,Issued,SampleGen
INV-08b5bd54-e1ad-4428-aa3e-c8b784d62eb9,ID208367,CID-481,08b5bd54-e1ad-4428-aa3e-c8b784d62eb9,2025-10-04,2025-11-03,2317.82,139.08,2456.9,Issued,SampleGen
INV-f134409a-44e4-4c39-a37e-6288e1117601,ID208368,CID-481,f134409a-44e4-4c39-a37e-6288e1117601,2025-10-27,2025-11-26,2897.76,173.88,3071.64,Issued,SampleGen
INV-b60574e5-fd89-45ee-ab18-57ce3d083ada,ID208369,CID-481,b60574e5-fd89-45ee-ab18-57ce3d083ada,2025-11-19,2025-12-19,6239.76,374.4,6614.16,Issued,SampleGen
INV-12ccec75-2157-4968-9050-e71b74f4fb9f,ID208370,CID-481,12ccec75-2157-4968-9050-e71b74f4fb9f,2025-12-17,2026-01-16,3279.8,196.8,3476.6,Issued,SampleGen
INV-cc3aeaf7-b8ea-4c8c-a870-a8b27bef9316,ID208371,CID-481,cc3aeaf7-b8ea-4c8c-a870-a8b27bef9316,2026-01-25,2026-02-24,903.88,54.24,958.12,Issued,SampleGen
INV-68223672-2cd5-4cd1-90b5-6c61c0acea4a,ID208372,CID-481,68223672-2cd5-4cd1-90b5-6c61c0acea4a,2026-02-20,2026-03-22,4759.76,285.6,5045.36,Issued,SampleGen
INV-eb487ef0-4c6c-483f-869e-9c792c083565,ID208373,CID-481,eb487ef0-4c6c-483f-869e-9c792c083565,2026-03-02,2026-04-01,4123.72,247.44,4371.16,Issued,SampleGen
INV-78e9c784-921a-45e3-b541-e15666e50d00,ID208374,CID-481,78e9c784-921a-45e3-b541-e15666e50d00,2026-03-15,2026-04-14,2119.82,127.2,2247.02,Issued,SampleGen
INV-1424f19e-3648-4f17-8498-cd18c12508d5,ID208375,CID-481,1424f19e-3648-4f17-8498-cd18c12508d5,2026-04-16,2026-05-16,131.92,7.92,139.84,Issued,SampleGen
INV-7d423ee4-e9cc-4860-aa62-5090e8a76474,ID208376,CID-482,7d423ee4-e9cc-4860-aa62-5090e8a76474,2025-03-23,2025-04-22,927.78,55.68,983.46,Issued,SampleGen
INV-c0215925-4cc4-435e-b17f-b58a8e1900fa,ID208377,CID-482,c0215925-4cc4-435e-b17f-b58a8e1900fa,2025-05-09,2025-06-08,3727.84,223.68,3951.52,Issued,SampleGen
INV-10158f58-0cda-43cb-9c88-19150fe5d3c2,ID208378,CID-482,10158f58-0cda-43cb-9c88-19150fe5d3c2,2025-06-08,2025-07-08,5363.74,321.84,5685.58,Issued,SampleGen
INV-67e1381a-1bd9-4ea7-b5e6-e0315132d1f0,ID208379,CID-482,67e1381a-1bd9-4ea7-b5e6-e0315132d1f0,2025-08-11,2025-09-10,497.82,29.88,527.7,Issued,SampleGen
INV-22b38f9e-80b4-44f8-b3a5-342d1759a7c0,ID208380,CID-482,22b38f9e-80b4-44f8-b3a5-342d1759a7c0,2025-09-23,2025-10-23,2071.88,124.32,2196.2,Issued,SampleGen
INV-b9066265-c132-4776-8d65-7f267acb879f,ID208381,CID-482,b9066265-c132-4776-8d65-7f267acb879f,2025-10-27,2025-11-26,5651.74,339.12,5990.86,Issued,SampleGen
INV-e9c9020d-0020-4b6b-aafe-ec9018344eaa,ID208382,CID-482,e9c9020d-0020-4b6b-aafe-ec9018344eaa,2025-11-18,2025-12-18,1635.84,98.16,1734.0,Issued,SampleGen
INV-5a75890c-070f-4c77-a2eb-7a11b79366f5,ID208383,CID-482,5a75890c-070f-4c77-a2eb-7a11b79366f5,2025-12-25,2026-01-24,3075.8,184.56,3260.36,Issued,SampleGen
INV-a300c662-ffed-486f-bbfc-86974f95200b,ID208384,CID-482,a300c662-ffed-486f-bbfc-86974f95200b,2026-01-25,2026-02-24,803.86,48.24,852.1,Issued,SampleGen
INV-0a3dec45-66d2-4524-b578-c3280f6b15be,ID208385,CID-482,0a3dec45-66d2-4524-b578-c3280f6b15be,2026-02-04,2026-03-06,697.82,41.88,739.7,Issued,SampleGen
INV-3b6f72ab-5672-4169-95df-88ec847ce169,ID208386,CID-482,3b6f72ab-5672-4169-95df-88ec847ce169,2026-03-20,2026-04-19,277.86,16.68,294.54,Issued,SampleGen
INV-fbe97c15-90eb-4639-818d-1f56f5e235af,ID208387,CID-482,fbe97c15-90eb-4639-818d-1f56f5e235af,2026-05-01,2026-05-31,395.88,23.76,419.64,Issued,SampleGen
INV-9858cb2b-b7ed-4196-b057-5b81478c767c,ID208388,CID-483,9858cb2b-b7ed-4196-b057-5b81478c767c,2025-02-06,2025-03-08,1659.88,99.6,1759.48,Issued,SampleGen
INV-6ddcf1da-e85e-4f58-9533-57d85dc54217,ID208389,CID-483,6ddcf1da-e85e-4f58-9533-57d85dc54217,2025-03-04,2025-04-03,811.9,48.72,860.62,Issued,SampleGen
INV-63b33344-efc3-4386-bbf0-10ad27aac7cc,ID208390,CID-483,63b33344-efc3-4386-bbf0-10ad27aac7cc,2025-06-09,2025-07-09,863.84,51.84,915.68,Issued,SampleGen
INV-d40c2db2-235a-4ee4-a942-7825c00ff32a,ID208391,CID-483,d40c2db2-235a-4ee4-a942-7825c00ff32a,2025-09-21,2025-10-21,3027.8,181.68,3209.48,Issued,SampleGen
INV-32a7b266-471a-45c4-99eb-9ec011ce8176,ID208392,CID-483,32a7b266-471a-45c4-99eb-9ec011ce8176,2025-10-12,2025-11-11,803.82,48.24,852.06,Issued,SampleGen
INV-eca0818a-5dbc-4dee-a3fb-ba4e6e71b061,ID208393,CID-483,eca0818a-5dbc-4dee-a3fb-ba4e6e71b061,2025-11-22,2025-12-22,2247.88,134.88,2382.76,Issued,SampleGen
INV-ab108b29-fc3b-4808-87a8-7cdea30ac7cb,ID208394,CID-483,ab108b29-fc3b-4808-87a8-7cdea30ac7cb,2025-12-05,2026-01-04,3679.88,220.8,3900.68,Issued,SampleGen
INV-9a3b113e-4a7b-4730-9530-78f190d386f4,ID208395,CID-483,9a3b113e-4a7b-4730-9530-78f190d386f4,2026-03-30,2026-04-29,639.86,38.4,678.26,Issued,SampleGen
INV-2b78fa3a-e59d-4c5c-89c5-c869ff42d6f6,ID208396,CID-483,2b78fa3a-e59d-4c5c-89c5-c869ff42d6f6,2026-04-22,2026-05-22,2519.74,151.2,2670.94,Issued,SampleGen
INV-edae37e3-0290-482a-8fad-21dd9e5ad3fd,ID208397,CID-484,edae37e3-0290-482a-8fad-21dd9e5ad3fd,2025-02-08,2025-03-10,6855.78,411.36,7267.14,Issued,SampleGen
INV-a1e5b3e6-defe-4c80-94fc-4ef94cded8ef,ID208398,CID-484,a1e5b3e6-defe-4c80-94fc-4ef94cded8ef,2025-03-16,2025-04-15,727.88,43.68,771.56,Issued,SampleGen
INV-7a884c37-b3e8-48a0-8806-ba2235f0bcc6,ID208399,CID-484,7a884c37-b3e8-48a0-8806-ba2235f0bcc6,2025-04-29,2025-05-29,3789.72,227.4,4017.12,Issued,SampleGen
INV-edf4f3d8-ae8d-446e-9b04-32fe24a8cde8,ID208400,CID-484,edf4f3d8-ae8d-446e-9b04-32fe24a8cde8,2025-05-16,2025-06-15,2327.76,139.68,2467.44,Issued,SampleGen
INV-fca75827-87e5-4859-ac18-cec844adf986,ID208401,CID-484,fca75827-87e5-4859-ac18-cec844adf986,2025-05-19,2025-06-18,699.9,42.0,741.9,Issued,SampleGen
INV-9d8b3926-f354-4fb9-90fc-65247ecf57d4,ID208402,CID-484,9d8b3926-f354-4fb9-90fc-65247ecf57d4,2025-06-06,2025-07-06,477.86,28.68,506.54,Issued,SampleGen
INV-3f3192aa-7e1d-4dca-bcbb-ac969a36b593,ID208403,CID-484,3f3192aa-7e1d-4dca-bcbb-ac969a36b593,2025-06-06,2025-07-06,1683.86,101.04,1784.9,Issued,SampleGen
INV-305e7fa9-49e8-4321-a1d0-79be85dab4e2,ID208404,CID-484,305e7fa9-49e8-4321-a1d0-79be85dab4e2,2025-07-21,2025-08-20,3779.8,226.8,4006.6,Issued,SampleGen
INV-c143ec50-7867-4fbc-9a1c-8b3084acb8bd,ID208405,CID-484,c143ec50-7867-4fbc-9a1c-8b3084acb8bd,2025-07-04,2025-08-03,3757.78,225.48,3983.26,Issued,SampleGen
INV-381a3682-a553-40c0-a2a9-f41f5b9cfd8c,ID208406,CID-484,381a3682-a553-40c0-a2a9-f41f5b9cfd8c,2025-08-19,2025-09-18,1839.84,110.4,1950.24,Issued,SampleGen
INV-0993c3aa-c64c-4bcd-8b11-c088af5d5df3,ID208407,CID-484,0993c3aa-c64c-4bcd-8b11-c088af5d5df3,2025-08-26,2025-09-25,2887.82,173.28,3061.1,Issued,SampleGen
INV-1656e559-4546-47ad-aeaf-beec685466f7,ID208408,CID-484,1656e559-4546-47ad-aeaf-beec685466f7,2025-09-12,2025-10-12,1855.72,111.36,1967.08,Issued,SampleGen
INV-ccf610be-fe53-482b-bbb7-00ae1bdb01ec,ID208409,CID-484,ccf610be-fe53-482b-bbb7-00ae1bdb01ec,2025-09-22,2025-10-22,1453.78,87.24,1541.02,Issued,SampleGen
INV-06af4a25-d86d-4ebf-b20b-4c8d62c2ef6a,ID208410,CID-484,06af4a25-d86d-4ebf-b20b-4c8d62c2ef6a,2025-10-17,2025-11-16,2087.74,125.28,2213.02,Issued,SampleGen
INV-456ef532-42e2-4f20-adc8-04e082e2164b,ID208411,CID-484,456ef532-42e2-4f20-adc8-04e082e2164b,2025-10-16,2025-11-15,1201.82,72.12,1273.94,Issued,SampleGen
INV-f2d224d1-3675-4f26-aacd-853bfee2b602,ID208412,CID-484,f2d224d1-3675-4f26-aacd-853bfee2b602,2025-11-14,2025-12-14,911.84,54.72,966.56,Issued,SampleGen
INV-23b5759e-cbd4-4fa5-be84-a6034bd7cd82,ID208413,CID-484,23b5759e-cbd4-4fa5-be84-a6034bd7cd82,2025-11-27,2025-12-27,4731.74,283.92,5015.66,Issued,SampleGen
INV-64b18747-94dd-4b6a-81b6-6583c74840b2,ID208414,CID-484,64b18747-94dd-4b6a-81b6-6583c74840b2,2025-11-11,2025-12-11,2019.82,121.2,2141.02,Issued,SampleGen
INV-2e15fb4e-e822-4860-8048-71ed78cacf65,ID208415,CID-484,2e15fb4e-e822-4860-8048-71ed78cacf65,2025-12-03,2026-01-02,4927.84,295.68,5223.52,Issued,SampleGen
INV-1581bbe6-ee85-4076-9838-b549c0f3897d,ID208416,CID-484,1581bbe6-ee85-4076-9838-b549c0f3897d,2025-12-25,2026-01-24,2753.88,165.24,2919.12,Issued,SampleGen
INV-cd4134f5-f8df-47e5-8c28-e15d8e3bb680,ID208417,CID-484,cd4134f5-f8df-47e5-8c28-e15d8e3bb680,2025-12-17,2026-01-16,1111.76,66.72,1178.48,Issued,SampleGen
INV-d5439af2-c247-493c-ba77-002b6c975fdb,ID208418,CID-484,d5439af2-c247-493c-ba77-002b6c975fdb,2026-01-22,2026-02-21,2319.84,139.2,2459.04,Issued,SampleGen
INV-b52ca13b-6d77-4a93-b4f4-9e2c730083b3,ID208419,CID-484,b52ca13b-6d77-4a93-b4f4-9e2c730083b3,2026-01-02,2026-02-01,6815.84,408.96,7224.8,Issued,SampleGen
INV-78c47c9e-45f8-4371-b0cb-61973fb85e7c,ID208420,CID-484,78c47c9e-45f8-4371-b0cb-61973fb85e7c,2026-01-07,2026-02-06,3431.86,205.92,3637.78,Issued,SampleGen
INV-54d6548e-69e0-4cb6-96b0-793d241f6561,ID208421,CID-484,54d6548e-69e0-4cb6-96b0-793d241f6561,2026-02-09,2026-03-11,2379.8,142.8,2522.6,Issued,SampleGen
INV-2b16a73c-c2d3-429c-a16d-e43587c62bff,ID208422,CID-484,2b16a73c-c2d3-429c-a16d-e43587c62bff,2026-02-11,2026-03-13,1077.82,64.68,1142.5,Issued,SampleGen
INV-b65c023f-6c4c-4090-bfbf-4bd4fbaf7bcc,ID208423,CID-484,b65c023f-6c4c-4090-bfbf-4bd4fbaf7bcc,2026-02-13,2026-03-15,1143.78,68.64,1212.42,Issued,SampleGen
INV-ad623910-d86d-4f61-9a3e-742b84d8fd14,ID208424,CID-484,ad623910-d86d-4f61-9a3e-742b84d8fd14,2026-03-21,2026-04-20,4811.78,288.72,5100.5,Issued,SampleGen
INV-b44c062f-585b-48b8-8039-eaa3af1790bb,ID208425,CID-484,b44c062f-585b-48b8-8039-eaa3af1790bb,2026-03-11,2026-04-10,1239.8,74.4,1314.2,Issued,SampleGen
INV-435b1ed7-e2a5-4ab9-af47-92287f3160dc,ID208426,CID-484,435b1ed7-e2a5-4ab9-af47-92287f3160dc,2026-03-14,2026-04-13,3821.8,229.32,4051.12,Issued,SampleGen
INV-6d95e52d-b7a6-4f44-bc29-f84bd353993f,ID208427,CID-484,6d95e52d-b7a6-4f44-bc29-f84bd353993f,2026-04-26,2026-05-26,593.82,35.64,629.46,Issued,SampleGen
INV-44ceff68-e265-47f0-a048-4ff1a1d498d4,ID208428,CID-484,44ceff68-e265-47f0-a048-4ff1a1d498d4,2026-04-08,2026-05-08,463.88,27.84,491.72,Issued,SampleGen
INV-6bcec84b-63d1-4d76-88ce-a22cc36291f9,ID208429,CID-484,6bcec84b-63d1-4d76-88ce-a22cc36291f9,2026-04-21,2026-05-21,1699.8,102.0,1801.8,Issued,SampleGen
INV-705c53c4-4ce2-4b7f-b023-068d81c919fb,ID208430,CID-485,705c53c4-4ce2-4b7f-b023-068d81c919fb,2025-06-21,2025-07-21,863.82,51.84,915.66,Issued,SampleGen
INV-9211c03a-85ba-42ba-b193-e68375866e5c,ID208431,CID-485,9211c03a-85ba-42ba-b193-e68375866e5c,2025-11-02,2025-12-02,1403.86,84.24,1488.1,Issued,SampleGen
INV-c739c778-5e73-455c-91bd-a4be705effd0,ID208432,CID-485,c739c778-5e73-455c-91bd-a4be705effd0,2026-01-13,2026-02-12,3485.86,209.16,3695.02,Issued,SampleGen
INV-c5395709-167a-423d-8204-ff266788ca89,ID208433,CID-486,c5395709-167a-423d-8204-ff266788ca89,2025-03-13,2025-04-12,299.92,18.0,317.92,Issued,SampleGen
INV-30911fa6-f1dd-40d4-8c79-637f45f5b247,ID208434,CID-486,30911fa6-f1dd-40d4-8c79-637f45f5b247,2025-04-04,2025-05-04,591.88,35.52,627.4,Issued,SampleGen
INV-a00a35ee-69ae-4915-b3b6-391f246ca44f,ID208435,CID-486,a00a35ee-69ae-4915-b3b6-391f246ca44f,2025-05-03,2025-06-02,2585.76,155.16,2740.92,Issued,SampleGen
INV-40c9d705-75d1-473c-93d1-c6cf91f3753a,ID208436,CID-486,40c9d705-75d1-473c-93d1-c6cf91f3753a,2025-10-03,2025-11-02,415.9,24.96,440.86,Issued,SampleGen
INV-e09df97d-9fd7-4cf1-a19a-65c6f3fffb4d,ID208437,CID-486,e09df97d-9fd7-4cf1-a19a-65c6f3fffb4d,2025-11-27,2025-12-27,4107.78,246.48,4354.26,Issued,SampleGen
INV-928e8cfe-b5c7-4703-9d97-abb087dc423b,ID208438,CID-486,928e8cfe-b5c7-4703-9d97-abb087dc423b,2025-12-17,2026-01-16,1835.92,110.16,1946.08,Issued,SampleGen
INV-8ef541ae-a3f1-427f-8f33-c89c4132ba4f,ID208439,CID-486,8ef541ae-a3f1-427f-8f33-c89c4132ba4f,2026-01-21,2026-02-20,4487.8,269.28,4757.08,Issued,SampleGen
INV-3e768efc-75d2-400e-9c91-e4164c938d35,ID208440,CID-486,3e768efc-75d2-400e-9c91-e4164c938d35,2026-02-17,2026-03-19,391.88,23.52,415.4,Issued,SampleGen
INV-b3173d87-0c6c-4869-a8ae-8b8b794c577b,ID208441,CID-487,b3173d87-0c6c-4869-a8ae-8b8b794c577b,2025-03-06,2025-04-05,2487.76,149.28,2637.04,Issued,SampleGen
INV-5f7e6369-f150-41a4-a26f-6e8b8ee0970b,ID208442,CID-487,5f7e6369-f150-41a4-a26f-6e8b8ee0970b,2025-04-08,2025-05-08,3535.78,212.16,3747.94,Issued,SampleGen
INV-d5ffbe4a-aeb2-421c-ad7d-4ab275ef728e,ID208443,CID-487,d5ffbe4a-aeb2-421c-ad7d-4ab275ef728e,2025-05-31,2025-06-30,7159.76,429.6,7589.36,Issued,SampleGen
INV-346f4152-7903-4a5b-a2dc-eda26890b131,ID208444,CID-487,346f4152-7903-4a5b-a2dc-eda26890b131,2025-06-12,2025-07-12,1755.72,105.36,1861.08,Issued,SampleGen
INV-a37603ce-6ea1-4d47-974e-08ad2f4fc452,ID208445,CID-487,a37603ce-6ea1-4d47-974e-08ad2f4fc452,2025-07-13,2025-08-12,3893.82,233.64,4127.46,Issued,SampleGen
INV-c4f20a7b-9757-4a7b-8073-c3551bb1208f,ID208446,CID-487,c4f20a7b-9757-4a7b-8073-c3551bb1208f,2025-08-03,2025-09-02,345.86,20.76,366.62,Issued,SampleGen
INV-a66ab535-ff6c-40d3-9f08-26d56b0593b3,ID208447,CID-487,a66ab535-ff6c-40d3-9f08-26d56b0593b3,2025-10-17,2025-11-16,3153.78,189.24,3343.02,Issued,SampleGen
INV-45d9dea0-df12-481e-b07f-5b57289559f3,ID208448,CID-487,45d9dea0-df12-481e-b07f-5b57289559f3,2025-11-23,2025-12-23,577.86,34.68,612.54,Issued,SampleGen
INV-ad22ec73-35c5-40a1-9951-c1c58c58afc0,ID208449,CID-487,ad22ec73-35c5-40a1-9951-c1c58c58afc0,2025-12-03,2026-01-02,1925.78,115.56,2041.34,Issued,SampleGen
INV-3e1c265d-5e21-482e-8a3b-f96d790a5aab,ID208450,CID-487,3e1c265d-5e21-482e-8a3b-f96d790a5aab,2026-01-11,2026-02-10,491.92,29.52,521.44,Issued,SampleGen
INV-bd9dc47c-194f-482d-81b3-36f5d89f8fcd,ID208451,CID-487,bd9dc47c-194f-482d-81b3-36f5d89f8fcd,2026-02-15,2026-03-17,2263.78,135.84,2399.62,Issued,SampleGen
INV-6f620814-a086-4ace-ab8d-fc5e3e2f1a1e,ID208452,CID-487,6f620814-a086-4ace-ab8d-fc5e3e2f1a1e,2026-03-17,2026-04-16,911.84,54.72,966.56,Issued,SampleGen
INV-26766fef-3352-4444-a91e-2051543c4e1e,ID208453,CID-487,26766fef-3352-4444-a91e-2051543c4e1e,2026-04-22,2026-05-22,3677.76,220.68,3898.44,Issued,SampleGen
INV-eadb3210-45da-4a88-b84c-8ffc453f67b3,ID208454,CID-488,eadb3210-45da-4a88-b84c-8ffc453f67b3,2025-01-10,2025-02-09,3419.76,205.2,3624.96,Issued,SampleGen
INV-c67f7b1f-4113-4805-9570-f9392d680ab0,ID208455,CID-488,c67f7b1f-4113-4805-9570-f9392d680ab0,2025-03-01,2025-03-31,643.86,38.64,682.5,Issued,SampleGen
INV-9f482ec2-60d9-49b1-983a-43a703d5cf34,ID208456,CID-488,9f482ec2-60d9-49b1-983a-43a703d5cf34,2025-04-04,2025-05-04,2327.8,139.68,2467.48,Issued,SampleGen
INV-68957f30-5c60-44d1-abe7-9002fe19627f,ID208457,CID-488,68957f30-5c60-44d1-abe7-9002fe19627f,2025-05-27,2025-06-26,1379.88,82.8,1462.68,Issued,SampleGen
INV-d6d57721-427b-41fd-8dd1-b0055d6fb138,ID208458,CID-488,d6d57721-427b-41fd-8dd1-b0055d6fb138,2025-08-04,2025-09-03,1255.88,75.36,1331.24,Issued,SampleGen
INV-0aa1698d-a0d7-4f3b-9cda-df81ef788cf9,ID208459,CID-488,0aa1698d-a0d7-4f3b-9cda-df81ef788cf9,2025-10-04,2025-11-03,1167.88,70.08,1237.96,Issued,SampleGen
INV-6c08d9de-143e-4ff1-a80b-808575aa7075,ID208460,CID-488,6c08d9de-143e-4ff1-a80b-808575aa7075,2025-12-31,2026-01-30,1023.82,61.44,1085.26,Issued,SampleGen
INV-d68b1e44-ec89-4ed2-a4cf-da4464ad056e,ID208461,CID-488,d68b1e44-ec89-4ed2-a4cf-da4464ad056e,2026-02-05,2026-03-07,4447.76,266.88,4714.64,Issued,SampleGen
INV-cd190ba8-cfff-4a4f-a367-69c0322392fe,ID208462,CID-488,cd190ba8-cfff-4a4f-a367-69c0322392fe,2026-04-16,2026-05-16,951.86,57.12,1008.98,Issued,SampleGen
INV-f959b77c-fa57-4289-87ab-02953a06f845,ID208463,CID-489,f959b77c-fa57-4289-87ab-02953a06f845,2025-05-19,2025-06-18,639.88,38.4,678.28,Issued,SampleGen
INV-5b10c5ab-15c9-44ba-a226-1dcdffbfacfb,ID208464,CID-489,5b10c5ab-15c9-44ba-a226-1dcdffbfacfb,2025-08-02,2025-09-01,1111.68,66.72,1178.4,Issued,SampleGen
INV-7f85cfd3-25ee-4d8c-9c7d-1e9d35fd04bf,ID208465,CID-489,7f85cfd3-25ee-4d8c-9c7d-1e9d35fd04bf,2025-10-29,2025-11-28,1935.8,116.16,2051.96,Issued,SampleGen
INV-1cabeda3-0ef8-4f02-bee5-e67fdfadf68e,ID208466,CID-489,1cabeda3-0ef8-4f02-bee5-e67fdfadf68e,2025-11-06,2025-12-06,2591.8,155.52,2747.32,Issued,SampleGen
INV-79ef6565-9f06-4b74-9c1d-b423ab055faf,ID208467,CID-489,79ef6565-9f06-4b74-9c1d-b423ab055faf,2026-02-12,2026-03-14,2595.8,155.76,2751.56,Issued,SampleGen
INV-056610e6-1c0a-4aae-917a-3e83aeab55bf,ID208468,CID-489,056610e6-1c0a-4aae-917a-3e83aeab55bf,2026-03-15,2026-04-14,2323.74,139.44,2463.18,Issued,SampleGen
INV-902641c7-e723-463c-9916-162a54e967ac,ID208469,CID-490,902641c7-e723-463c-9916-162a54e967ac,2025-01-20,2025-02-19,2781.84,166.92,2948.76,Issued,SampleGen
INV-a7206189-8fb8-489d-b030-6d7a962620a6,ID208470,CID-490,a7206189-8fb8-489d-b030-6d7a962620a6,2025-02-04,2025-03-06,2159.8,129.6,2289.4,Issued,SampleGen
INV-c0118aec-4478-4c3d-997d-2bee8e784296,ID208471,CID-490,c0118aec-4478-4c3d-997d-2bee8e784296,2025-03-30,2025-04-29,1797.78,107.88,1905.66,Issued,SampleGen
INV-e9ee11a3-9a30-498a-9122-8bfd1c961466,ID208472,CID-490,e9ee11a3-9a30-498a-9122-8bfd1c961466,2025-04-30,2025-05-30,485.88,29.16,515.04,Issued,SampleGen
INV-5d122ad0-30cd-4d20-8c75-c2596efabd8b,ID208473,CID-490,5d122ad0-30cd-4d20-8c75-c2596efabd8b,2025-04-16,2025-05-16,2091.78,125.52,2217.3,Issued,SampleGen
INV-045ddc7d-806e-4eab-84c0-e7e3d5a1210a,ID208474,CID-490,045ddc7d-806e-4eab-84c0-e7e3d5a1210a,2025-05-22,2025-06-21,459.9,27.6,487.5,Issued,SampleGen
INV-661cfcb5-3b39-4b04-ad8d-51844b4aa4c0,ID208475,CID-490,661cfcb5-3b39-4b04-ad8d-51844b4aa4c0,2025-05-07,2025-06-06,4955.74,297.36,5253.1,Issued,SampleGen
INV-78cc2e9f-8684-4052-87bc-cc778785d065,ID208476,CID-490,78cc2e9f-8684-4052-87bc-cc778785d065,2025-06-10,2025-07-10,329.9,19.8,349.7,Issued,SampleGen
INV-b1893d7d-f644-4086-94eb-d6f145d2f524,ID208477,CID-490,b1893d7d-f644-4086-94eb-d6f145d2f524,2025-06-09,2025-07-09,2965.76,177.96,3143.72,Issued,SampleGen
INV-c6b25aca-c692-415b-9fb4-c790d3580b3c,ID208478,CID-490,c6b25aca-c692-415b-9fb4-c790d3580b3c,2025-07-13,2025-08-12,3815.82,228.96,4044.78,Issued,SampleGen
INV-a8bbc7a4-9dcd-4c25-ad83-d66069098cb5,ID208479,CID-490,a8bbc7a4-9dcd-4c25-ad83-d66069098cb5,2025-07-21,2025-08-20,2367.74,142.08,2509.82,Issued,SampleGen
INV-711fa2b0-d1a2-4225-bf5c-9cf4957596de,ID208480,CID-490,711fa2b0-d1a2-4225-bf5c-9cf4957596de,2025-08-24,2025-09-23,1397.88,83.88,1481.76,Issued,SampleGen
INV-646f57dd-2b05-4b25-9ebb-b61b8d45a2fc,ID208481,CID-490,646f57dd-2b05-4b25-9ebb-b61b8d45a2fc,2025-08-12,2025-09-11,4419.76,265.2,4684.96,Issued,SampleGen
INV-e05db61e-050b-4ebe-a4eb-7f70eabfdbc3,ID208482,CID-490,e05db61e-050b-4ebe-a4eb-7f70eabfdbc3,2025-09-26,2025-10-26,723.86,43.44,767.3,Issued,SampleGen
INV-ff9fcc4d-378f-409e-ae75-d560f3233c3c,ID208483,CID-490,ff9fcc4d-378f-409e-ae75-d560f3233c3c,2025-09-30,2025-10-30,1679.88,100.8,1780.68,Issued,SampleGen
INV-96c0478f-0b9e-4795-ba29-881701fc8f8a,ID208484,CID-490,96c0478f-0b9e-4795-ba29-881701fc8f8a,2025-10-31,2025-11-30,1655.82,99.36,1755.18,Issued,SampleGen
INV-7041ad7e-05d9-474c-b1d5-ae52fdecd58e,ID208485,CID-490,7041ad7e-05d9-474c-b1d5-ae52fdecd58e,2025-10-05,2025-11-04,435.9,26.16,462.06,Issued,SampleGen
INV-8bd7b686-0bb3-4706-9674-b44f952d09ed,ID208486,CID-490,8bd7b686-0bb3-4706-9674-b44f952d09ed,2025-11-10,2025-12-10,2139.74,128.4,2268.14,Issued,SampleGen
INV-4a4e9d5e-9da4-4c21-a0f9-732efd312865,ID208487,CID-490,4a4e9d5e-9da4-4c21-a0f9-732efd312865,2025-11-29,2025-12-29,2923.86,175.44,3099.3,Issued,SampleGen
INV-dd0d3e03-f4f6-48b6-a7d5-5251c6931669,ID208488,CID-490,dd0d3e03-f4f6-48b6-a7d5-5251c6931669,2025-12-17,2026-01-16,3683.86,221.04,3904.9,Issued,SampleGen
INV-9408d7d6-5fb9-40d5-8ba2-4420c2e2f27d,ID208489,CID-490,9408d7d6-5fb9-40d5-8ba2-4420c2e2f27d,2025-12-20,2026-01-19,607.86,36.48,644.34,Issued,SampleGen
INV-e1cab220-1bfe-4604-a05b-c6e0f6983fb3,ID208490,CID-490,e1cab220-1bfe-4604-a05b-c6e0f6983fb3,2025-12-08,2026-01-07,3397.82,203.88,3601.7,Issued,SampleGen
INV-ec428df7-1a70-4e56-abf1-4fa2967ccc79,ID208491,CID-490,ec428df7-1a70-4e56-abf1-4fa2967ccc79,2026-02-01,2026-03-03,3727.84,223.68,3951.52,Issued,SampleGen
INV-aeab0c13-08ca-4c12-9b4a-c78546a57e58,ID208492,CID-490,aeab0c13-08ca-4c12-9b4a-c78546a57e58,2026-01-03,2026-02-02,1939.78,116.4,2056.18,Issued,SampleGen
INV-52977c2b-597f-41ba-bde4-79d0e1b5ab16,ID208493,CID-490,52977c2b-597f-41ba-bde4-79d0e1b5ab16,2026-01-09,2026-02-08,3363.78,201.84,3565.62,Issued,SampleGen
INV-a27ace75-d8dc-4c52-9806-52591999a3ac,ID208494,CID-490,a27ace75-d8dc-4c52-9806-52591999a3ac,2026-02-25,2026-03-27,1547.84,92.88,1640.72,Issued,SampleGen
INV-2366179d-185a-4266-b4d6-b9d2bee80897,ID208495,CID-490,2366179d-185a-4266-b4d6-b9d2bee80897,2026-02-28,2026-03-30,4191.72,251.52,4443.24,Issued,SampleGen
INV-bc8d1907-4c30-46e1-87fd-11cb3f44f92e,ID208496,CID-490,bc8d1907-4c30-46e1-87fd-11cb3f44f92e,2026-02-12,2026-03-14,4779.78,286.8,5066.58,Issued,SampleGen
INV-8835b537-8d0d-40dc-ace1-79343095179c,ID208497,CID-490,8835b537-8d0d-40dc-ace1-79343095179c,2026-03-17,2026-04-16,2839.74,170.4,3010.14,Issued,SampleGen
INV-ac2abe7a-a1e2-46a4-bcb7-167c467def61,ID208498,CID-490,ac2abe7a-a1e2-46a4-bcb7-167c467def61,2026-03-27,2026-04-26,1119.78,67.2,1186.98,Issued,SampleGen
INV-c6d623db-e7a3-4c67-b9a3-972e93bb95ce,ID208499,CID-490,c6d623db-e7a3-4c67-b9a3-972e93bb95ce,2026-03-28,2026-04-27,3923.8,235.44,4159.24,Issued,SampleGen
INV-4a66be76-6bf5-4435-adbb-80bd22ee62d0,ID208500,CID-490,4a66be76-6bf5-4435-adbb-80bd22ee62d0,2026-04-24,2026-05-24,643.86,38.64,682.5,Issued,SampleGen
INV-c088730f-aca2-403c-9d73-62050c24be8e,ID208501,CID-490,c088730f-aca2-403c-9d73-62050c24be8e,2026-04-06,2026-05-06,1623.8,97.44,1721.24,Issued,SampleGen
INV-12274fa6-505e-4397-9413-bcc8f837f680,ID208502,CID-490,12274fa6-505e-4397-9413-bcc8f837f680,2026-04-26,2026-05-26,567.9,34.08,601.98,Issued,SampleGen
INV-52958507-1dc3-45b4-80c9-961be8f1392b,ID208503,CID-490,52958507-1dc3-45b4-80c9-961be8f1392b,2026-04-30,2026-05-30,1001.82,60.12,1061.94,Issued,SampleGen
INV-4898ed4e-3c4e-4133-8958-3a54755fb87c,ID208504,CID-491,4898ed4e-3c4e-4133-8958-3a54755fb87c,2025-03-01,2025-03-31,3447.78,206.88,3654.66,Issued,SampleGen
INV-0146010c-c40a-4619-ade8-29fb030770f3,ID208505,CID-491,0146010c-c40a-4619-ade8-29fb030770f3,2025-03-15,2025-04-14,2035.84,122.16,2158.0,Issued,SampleGen
INV-fbcf9976-4554-4371-8dd2-a7ce5a5b7178,ID208506,CID-491,fbcf9976-4554-4371-8dd2-a7ce5a5b7178,2025-04-05,2025-05-05,675.8,40.56,716.36,Issued,SampleGen
INV-2fd6597e-e6aa-44ba-850e-ccfd0c79519c,ID208507,CID-491,2fd6597e-e6aa-44ba-850e-ccfd0c79519c,2025-05-08,2025-06-07,1211.84,72.72,1284.56,Issued,SampleGen
INV-72c3ea64-a50f-4229-ba4e-368b11b18b86,ID208508,CID-491,72c3ea64-a50f-4229-ba4e-368b11b18b86,2025-07-08,2025-08-07,1021.86,61.32,1083.18,Issued,SampleGen
INV-17bbb865-579c-4c13-a834-f2291f2686a4,ID208509,CID-491,17bbb865-579c-4c13-a834-f2291f2686a4,2025-08-16,2025-09-15,3099.86,186.0,3285.86,Issued,SampleGen
INV-f57658e9-d683-4d57-8e67-e104961a2a72,ID208510,CID-491,f57658e9-d683-4d57-8e67-e104961a2a72,2025-10-01,2025-10-31,719.78,43.2,762.98,Issued,SampleGen
INV-7fa1a342-a698-4179-a5f7-6b9bebc0cb3a,ID208511,CID-491,7fa1a342-a698-4179-a5f7-6b9bebc0cb3a,2025-10-12,2025-11-11,333.9,20.04,353.94,Issued,SampleGen
INV-266f2b49-3373-4a2a-a722-f7efcb0c6b1d,ID208512,CID-491,266f2b49-3373-4a2a-a722-f7efcb0c6b1d,2025-10-14,2025-11-13,367.92,22.08,390.0,Issued,SampleGen
INV-2831f7d3-7b65-4a26-af8e-158f906da82f,ID208513,CID-491,2831f7d3-7b65-4a26-af8e-158f906da82f,2025-11-17,2025-12-17,1781.9,106.92,1888.82,Issued,SampleGen
INV-ff21faab-05ec-431a-8169-c0799a516726,ID208514,CID-491,ff21faab-05ec-431a-8169-c0799a516726,2025-12-08,2026-01-07,2677.74,160.68,2838.42,Issued,SampleGen
INV-d7f81f9f-f7e0-40d5-b9ef-cf70d8be8bcd,ID208515,CID-491,d7f81f9f-f7e0-40d5-b9ef-cf70d8be8bcd,2025-12-06,2026-01-05,3017.84,181.08,3198.92,Issued,SampleGen
INV-70c50db1-29df-4fe2-82f9-1e43704a7859,ID208516,CID-491,70c50db1-29df-4fe2-82f9-1e43704a7859,2026-01-31,2026-03-02,2477.7,148.68,2626.38,Issued,SampleGen
INV-2e638335-3234-4c12-af4e-0ea518fc0dc3,ID208517,CID-491,2e638335-3234-4c12-af4e-0ea518fc0dc3,2026-01-10,2026-02-09,949.76,57.0,1006.76,Issued,SampleGen
INV-a2f6dc47-bde7-4776-a790-c260c33c70b5,ID208518,CID-491,a2f6dc47-bde7-4776-a790-c260c33c70b5,2026-02-27,2026-03-29,1507.72,90.48,1598.2,Issued,SampleGen
INV-cd654c8a-0eaf-417d-80c1-95e16072dbd4,ID208519,CID-491,cd654c8a-0eaf-417d-80c1-95e16072dbd4,2026-03-02,2026-04-01,2243.9,134.64,2378.54,Issued,SampleGen
INV-25dcea84-221d-474b-98a2-42352e00c675,ID208520,CID-491,25dcea84-221d-474b-98a2-42352e00c675,2026-04-24,2026-05-24,3423.8,205.44,3629.24,Issued,SampleGen
INV-71edbd16-d6f7-4e69-9998-9de0fd8c3586,ID208521,CID-492,71edbd16-d6f7-4e69-9998-9de0fd8c3586,2025-01-18,2025-02-17,3507.8,210.48,3718.28,Issued,SampleGen
INV-7e6e6a8e-b602-411b-b6cf-6ff6d51a3a17,ID208522,CID-492,7e6e6a8e-b602-411b-b6cf-6ff6d51a3a17,2025-02-05,2025-03-07,2879.8,172.8,3052.6,Issued,SampleGen
INV-837c2d27-0e38-421d-8089-4e3989ff40e1,ID208523,CID-492,837c2d27-0e38-421d-8089-4e3989ff40e1,2025-03-09,2025-04-08,795.86,47.76,843.62,Issued,SampleGen
INV-275a4817-ff7e-4e58-a09d-a60814d76998,ID208524,CID-492,275a4817-ff7e-4e58-a09d-a60814d76998,2025-04-14,2025-05-14,2687.9,161.28,2849.18,Issued,SampleGen
INV-bd087977-92cd-4346-8d99-3ef99a90b6f0,ID208525,CID-492,bd087977-92cd-4346-8d99-3ef99a90b6f0,2025-05-09,2025-06-08,771.72,46.32,818.04,Issued,SampleGen
INV-614b90e6-bc12-4356-b50d-dd408443901a,ID208526,CID-492,614b90e6-bc12-4356-b50d-dd408443901a,2025-06-07,2025-07-07,2519.82,151.2,2671.02,Issued,SampleGen
INV-5215ce66-9caa-4670-9098-9889ca2c2d2d,ID208527,CID-492,5215ce66-9caa-4670-9098-9889ca2c2d2d,2025-07-18,2025-08-17,391.9,23.52,415.42,Issued,SampleGen
INV-0f15f059-19bb-4261-b561-fee80adc398d,ID208528,CID-492,0f15f059-19bb-4261-b561-fee80adc398d,2025-08-31,2025-09-30,563.88,33.84,597.72,Issued,SampleGen
INV-45ac0376-ba45-44e5-ba11-3b42c32e7725,ID208529,CID-492,45ac0376-ba45-44e5-ba11-3b42c32e7725,2025-09-30,2025-10-30,737.78,44.28,782.06,Issued,SampleGen
INV-43ff0deb-9386-4753-b484-59479e2e2aa9,ID208530,CID-492,43ff0deb-9386-4753-b484-59479e2e2aa9,2025-10-14,2025-11-13,2913.84,174.84,3088.68,Issued,SampleGen
INV-e9d9997d-8735-4d30-9018-c3869b8eb313,ID208531,CID-492,e9d9997d-8735-4d30-9018-c3869b8eb313,2025-11-06,2025-12-06,801.8,48.12,849.92,Issued,SampleGen
INV-230e8b2a-29eb-4542-801d-9a6f646b5245,ID208532,CID-492,230e8b2a-29eb-4542-801d-9a6f646b5245,2025-11-19,2025-12-19,4451.76,267.12,4718.88,Issued,SampleGen
INV-603ec1bb-8700-4633-b4e4-af08dd6bfa53,ID208533,CID-492,603ec1bb-8700-4633-b4e4-af08dd6bfa53,2025-12-07,2026-01-06,631.84,37.92,669.76,Issued,SampleGen
INV-e2ccbe32-3c8f-4098-af2b-fc2f80949276,ID208534,CID-492,e2ccbe32-3c8f-4098-af2b-fc2f80949276,2025-12-25,2026-01-24,1007.8,60.48,1068.28,Issued,SampleGen
INV-d5562b81-7aac-4def-a7eb-786876b0d9b5,ID208535,CID-492,d5562b81-7aac-4def-a7eb-786876b0d9b5,2026-01-21,2026-02-20,5009.78,300.6,5310.38,Issued,SampleGen
INV-ba5c5fae-bffe-4351-a076-c5722c67d128,ID208536,CID-492,ba5c5fae-bffe-4351-a076-c5722c67d128,2026-01-18,2026-02-17,2149.82,129.0,2278.82,Issued,SampleGen
INV-8e50079e-4967-4de4-8ac7-131a7d7503d0,ID208537,CID-492,8e50079e-4967-4de4-8ac7-131a7d7503d0,2026-02-19,2026-03-21,2659.86,159.6,2819.46,Issued,SampleGen
INV-ffd47b91-0bb0-499a-a82f-f39c772a6e5e,ID208538,CID-492,ffd47b91-0bb0-499a-a82f-f39c772a6e5e,2026-02-02,2026-03-04,3811.7,228.72,4040.42,Issued,SampleGen
INV-61cb084b-cb83-4c7c-8708-8b8266aa6044,ID208539,CID-492,61cb084b-cb83-4c7c-8708-8b8266aa6044,2026-03-19,2026-04-18,557.82,33.48,591.3,Issued,SampleGen
INV-05b64db2-d227-4b6e-9b4b-12947a20bff2,ID208540,CID-492,05b64db2-d227-4b6e-9b4b-12947a20bff2,2026-03-12,2026-04-11,541.86,32.52,574.38,Issued,SampleGen
INV-e139028a-3a91-420e-8e12-fbd4d172987b,ID208541,CID-492,e139028a-3a91-420e-8e12-fbd4d172987b,2026-04-12,2026-05-12,2993.82,179.64,3173.46,Issued,SampleGen
INV-2ec5804f-2232-471e-ab2a-f44f1a015d30,ID208542,CID-492,2ec5804f-2232-471e-ab2a-f44f1a015d30,2026-04-22,2026-05-22,2659.86,159.6,2819.46,Issued,SampleGen
INV-931f0ba3-4389-408c-ac41-8c1a9b2cf1ba,ID208543,CID-493,931f0ba3-4389-408c-ac41-8c1a9b2cf1ba,2025-02-01,2025-03-03,4119.76,247.2,4366.96,Issued,SampleGen
INV-490ae77b-2f65-48b5-a8e6-b5772412c826,ID208544,CID-493,490ae77b-2f65-48b5-a8e6-b5772412c826,2025-03-17,2025-04-16,305.9,18.36,324.26,Issued,SampleGen
INV-e7ddbc17-54e7-4ec8-9e7b-2677be9c794b,ID208545,CID-493,e7ddbc17-54e7-4ec8-9e7b-2677be9c794b,2025-06-01,2025-07-01,3807.8,228.48,4036.28,Issued,SampleGen
INV-9857bde7-64b6-409e-960f-f04c41c9b79d,ID208546,CID-493,9857bde7-64b6-409e-960f-f04c41c9b79d,2025-06-07,2025-07-07,399.82,24.0,423.82,Issued,SampleGen
INV-07ba4dcd-bf6d-4994-95b3-0c1ae4fdd35c,ID208547,CID-493,07ba4dcd-bf6d-4994-95b3-0c1ae4fdd35c,2025-08-01,2025-08-31,923.82,55.44,979.26,Issued,SampleGen
INV-b873ca2f-336a-457f-8ac8-954a554c5b5a,ID208548,CID-493,b873ca2f-336a-457f-8ac8-954a554c5b5a,2025-08-15,2025-09-14,2277.74,136.68,2414.42,Issued,SampleGen
INV-b16c6136-33fe-4de5-b1a6-2cf75a48b5bd,ID208549,CID-493,b16c6136-33fe-4de5-b1a6-2cf75a48b5bd,2025-09-25,2025-10-25,591.88,35.52,627.4,Issued,SampleGen
INV-80b639a4-6fd6-475d-b0bc-7e9ae41fdac9,ID208550,CID-493,80b639a4-6fd6-475d-b0bc-7e9ae41fdac9,2025-10-18,2025-11-17,727.78,43.68,771.46,Issued,SampleGen
INV-034e46bd-dd14-42ca-8d74-e7b312a713d5,ID208551,CID-493,034e46bd-dd14-42ca-8d74-e7b312a713d5,2025-11-20,2025-12-20,999.84,60.0,1059.84,Issued,SampleGen
INV-382387ca-05db-4886-9845-c613bb3eeff4,ID208552,CID-493,382387ca-05db-4886-9845-c613bb3eeff4,2025-12-09,2026-01-08,5243.84,314.64,5558.48,Issued,SampleGen
INV-f8fbee8e-bae9-4c13-8e1a-77f0b3bd178a,ID208553,CID-493,f8fbee8e-bae9-4c13-8e1a-77f0b3bd178a,2026-01-12,2026-02-11,5203.78,312.24,5516.02,Issued,SampleGen
INV-ea21afbb-fcf8-4be0-95d1-10ee781ee5bb,ID208554,CID-493,ea21afbb-fcf8-4be0-95d1-10ee781ee5bb,2026-01-18,2026-02-17,5163.74,309.84,5473.58,Issued,SampleGen
INV-c0912c14-4200-4109-9ad6-64f15cece3b7,ID208555,CID-493,c0912c14-4200-4109-9ad6-64f15cece3b7,2026-02-17,2026-03-19,3353.74,201.24,3554.98,Issued,SampleGen
INV-22c00f5e-eb37-4660-bf87-6f22ab9ac37a,ID208556,CID-493,22c00f5e-eb37-4660-bf87-6f22ab9ac37a,2026-03-27,2026-04-26,527.84,31.68,559.52,Issued,SampleGen
INV-af29e03e-e32e-4825-970d-50e15055ae30,ID208557,CID-493,af29e03e-e32e-4825-970d-50e15055ae30,2026-03-27,2026-04-26,419.88,25.2,445.08,Issued,SampleGen
INV-8bbb3a93-c449-4376-a7f4-392d7367b1f8,ID208558,CID-493,8bbb3a93-c449-4376-a7f4-392d7367b1f8,2026-04-17,2026-05-17,1639.86,98.4,1738.26,Issued,SampleGen
INV-80e92388-a572-426e-bbfb-77bb69812f76,ID208559,CID-494,80e92388-a572-426e-bbfb-77bb69812f76,2025-01-19,2025-02-18,2475.82,148.56,2624.38,Issued,SampleGen
INV-151846cf-ad3a-40a3-bad0-e18dd98a97d9,ID208560,CID-494,151846cf-ad3a-40a3-bad0-e18dd98a97d9,2025-02-08,2025-03-10,3235.84,194.16,3430.0,Issued,SampleGen
INV-21cf43f4-9358-4b88-a546-b32c2bd6d5b2,ID208561,CID-494,21cf43f4-9358-4b88-a546-b32c2bd6d5b2,2025-03-04,2025-04-03,2255.84,135.36,2391.2,Issued,SampleGen
INV-4aa39857-9772-477f-9a10-0efa4698d83f,ID208562,CID-494,4aa39857-9772-477f-9a10-0efa4698d83f,2025-04-13,2025-05-13,2019.88,121.2,2141.08,Issued,SampleGen
INV-3bce340d-fdda-4d76-8cdc-24e209b75b3c,ID208563,CID-494,3bce340d-fdda-4d76-8cdc-24e209b75b3c,2025-05-27,2025-06-26,1867.8,112.08,1979.88,Issued,SampleGen
INV-ae41155c-e3e0-4c04-a50a-6558bd602d87,ID208564,CID-494,ae41155c-e3e0-4c04-a50a-6558bd602d87,2025-06-09,2025-07-09,997.9,59.88,1057.78,Issued,SampleGen
INV-a39bf44d-32f6-4161-bb39-d399d7d3240a,ID208565,CID-494,a39bf44d-32f6-4161-bb39-d399d7d3240a,2025-07-11,2025-08-10,343.84,20.64,364.48,Issued,SampleGen
INV-74db6b5a-f3ff-473a-b771-7afb1a1048dd,ID208566,CID-494,74db6b5a-f3ff-473a-b771-7afb1a1048dd,2025-08-11,2025-09-10,4145.76,248.76,4394.52,Issued,SampleGen
INV-ee8732ab-0d86-42e2-9bae-7e2c78a14960,ID208567,CID-494,ee8732ab-0d86-42e2-9bae-7e2c78a14960,2025-08-31,2025-09-30,1087.84,65.28,1153.12,Issued,SampleGen
INV-2a1a07a6-0eb5-4625-afd3-8940ae1ffd0a,ID208568,CID-494,2a1a07a6-0eb5-4625-afd3-8940ae1ffd0a,2025-09-06,2025-10-06,333.86,20.04,353.9,Issued,SampleGen
INV-e17ae64f-bfc3-4292-bdcb-2a48e11f26b0,ID208569,CID-494,e17ae64f-bfc3-4292-bdcb-2a48e11f26b0,2025-09-09,2025-10-09,2753.88,165.24,2919.12,Issued,SampleGen
INV-f5a3e4a7-4ddf-4bd0-86d2-f0222fadf3b1,ID208570,CID-494,f5a3e4a7-4ddf-4bd0-86d2-f0222fadf3b1,2025-10-16,2025-11-15,4583.78,275.04,4858.82,Issued,SampleGen
INV-a6056ed4-9145-4b2e-943c-c485ede088bd,ID208571,CID-494,a6056ed4-9145-4b2e-943c-c485ede088bd,2025-11-07,2025-12-07,1951.76,117.12,2068.88,Issued,SampleGen
INV-32645aba-56b6-4b68-ae58-26737dc58988,ID208572,CID-494,32645aba-56b6-4b68-ae58-26737dc58988,2025-12-18,2026-01-17,3951.84,237.12,4188.96,Issued,SampleGen
INV-b5202079-71bb-43b4-a0c3-d7aa7dae6f88,ID208573,CID-494,b5202079-71bb-43b4-a0c3-d7aa7dae6f88,2025-12-05,2026-01-04,4363.82,261.84,4625.66,Issued,SampleGen
INV-f9e138d8-f026-4a27-88f9-5d5cbdf1626a,ID208574,CID-494,f9e138d8-f026-4a27-88f9-5d5cbdf1626a,2026-01-11,2026-02-10,1455.76,87.36,1543.12,Issued,SampleGen
INV-1b55d72d-48a9-4d12-a623-2ce846f70d91,ID208575,CID-494,1b55d72d-48a9-4d12-a623-2ce846f70d91,2026-01-31,2026-03-02,1653.78,99.24,1753.02,Issued,SampleGen
INV-e08103cc-8ce4-408c-97e1-90f36692ea43,ID208576,CID-494,e08103cc-8ce4-408c-97e1-90f36692ea43,2026-02-06,2026-03-08,559.88,33.6,593.48,Issued,SampleGen
INV-c2b672b1-67e3-49cc-9875-545bf06e6ace,ID208577,CID-494,c2b672b1-67e3-49cc-9875-545bf06e6ace,2026-02-03,2026-03-05,643.88,38.64,682.52,Issued,SampleGen
INV-5c582934-e8ff-4c84-a552-8c6018245774,ID208578,CID-494,5c582934-e8ff-4c84-a552-8c6018245774,2026-03-05,2026-04-04,2247.72,134.88,2382.6,Issued,SampleGen
INV-2ad9f556-5393-4b70-a705-3aea960ea7da,ID208579,CID-494,2ad9f556-5393-4b70-a705-3aea960ea7da,2026-04-01,2026-05-01,391.9,23.52,415.42,Issued,SampleGen
INV-908604be-4571-4b4b-958b-3f6c10b2b581,ID208580,CID-494,908604be-4571-4b4b-958b-3f6c10b2b581,2026-04-03,2026-05-03,4443.78,266.64,4710.42,Issued,SampleGen
INV-8c909c99-4f01-4fa3-8018-075ff75c1616,ID208581,CID-494,8c909c99-4f01-4fa3-8018-075ff75c1616,2026-04-02,2026-05-02,451.88,27.12,479.0,Issued,SampleGen
INV-d7af0215-2053-459f-8761-5a8a02cbdd28,ID208582,CID-494,d7af0215-2053-459f-8761-5a8a02cbdd28,2026-04-02,2026-05-02,1901.76,114.12,2015.88,Issued,SampleGen
INV-a9b8bdc4-1065-4936-8dad-889f0a48d87a,ID208583,CID-495,a9b8bdc4-1065-4936-8dad-889f0a48d87a,2025-01-08,2025-02-07,269.88,16.2,286.08,Issued,SampleGen
INV-18dec557-db6c-462f-92d4-920739cbc432,ID208584,CID-495,18dec557-db6c-462f-92d4-920739cbc432,2025-02-27,2025-03-29,473.88,28.44,502.32,Issued,SampleGen
INV-40a276ac-4537-4951-b6f8-8bc539dea52e,ID208585,CID-495,40a276ac-4537-4951-b6f8-8bc539dea52e,2025-03-12,2025-04-11,3023.84,181.44,3205.28,Issued,SampleGen
INV-4c854502-d296-43ce-9002-871eb7adf193,ID208586,CID-495,4c854502-d296-43ce-9002-871eb7adf193,2025-06-11,2025-07-11,659.88,39.6,699.48,Issued,SampleGen
INV-00dd10d5-1498-46f3-b99d-f92b375c1ddb,ID208587,CID-495,00dd10d5-1498-46f3-b99d-f92b375c1ddb,2025-08-16,2025-09-15,643.88,38.64,682.52,Issued,SampleGen
INV-0a040e70-92be-4ca4-86a8-6de2e7fcf88c,ID208588,CID-495,0a040e70-92be-4ca4-86a8-6de2e7fcf88c,2025-09-02,2025-10-02,779.88,46.8,826.68,Issued,SampleGen
INV-06f3772f-dc53-48c2-bb0c-0570c092b4ff,ID208589,CID-495,06f3772f-dc53-48c2-bb0c-0570c092b4ff,2026-01-28,2026-02-27,1087.84,65.28,1153.12,Issued,SampleGen
INV-59e45aaa-cc16-4e59-8a51-488cb65faa8b,ID208590,CID-495,59e45aaa-cc16-4e59-8a51-488cb65faa8b,2026-02-20,2026-03-22,1915.8,114.96,2030.76,Issued,SampleGen
INV-d8e23404-b2f4-4d87-8ea3-1bbe68db32ec,ID208591,CID-495,d8e23404-b2f4-4d87-8ea3-1bbe68db32ec,2026-03-26,2026-04-25,3329.76,199.8,3529.56,Issued,SampleGen
INV-5c671a30-8211-4819-a417-92b8ef03a2d7,ID208592,CID-495,5c671a30-8211-4819-a417-92b8ef03a2d7,2026-04-29,2026-05-29,3775.84,226.56,4002.4,Issued,SampleGen
INV-4edeac9d-9ba8-4895-b531-10ba81b82181,ID208593,CID-496,4edeac9d-9ba8-4895-b531-10ba81b82181,2025-03-25,2025-04-24,1391.78,83.52,1475.3,Issued,SampleGen
INV-6f1e1251-5f6e-4274-baf4-16c2fd99d18e,ID208594,CID-496,6f1e1251-5f6e-4274-baf4-16c2fd99d18e,2025-06-14,2025-07-14,599.9,36.0,635.9,Issued,SampleGen
INV-4bc387f7-6f90-42a8-9775-5c8537ff5c29,ID208595,CID-496,4bc387f7-6f90-42a8-9775-5c8537ff5c29,2025-07-28,2025-08-27,2791.82,167.52,2959.34,Issued,SampleGen
INV-374f7770-58e6-4a4f-bb61-20bb536355d5,ID208596,CID-496,374f7770-58e6-4a4f-bb61-20bb536355d5,2025-09-14,2025-10-14,4051.7,243.12,4294.82,Issued,SampleGen
INV-ff307d15-a6b0-4b9c-ab22-c6bb8d0b0684,ID208597,CID-496,ff307d15-a6b0-4b9c-ab22-c6bb8d0b0684,2025-12-16,2026-01-15,2463.82,147.84,2611.66,Issued,SampleGen
INV-cf08f341-3493-4af1-9dec-3112c7fa552e,ID208598,CID-496,cf08f341-3493-4af1-9dec-3112c7fa552e,2026-01-12,2026-02-11,591.88,35.52,627.4,Issued,SampleGen
INV-3924b241-e4a1-4fa6-a098-17b62dd16026,ID208599,CID-496,3924b241-e4a1-4fa6-a098-17b62dd16026,2026-04-14,2026-05-14,2479.82,148.8,2628.62,Issued,SampleGen
INV-8883fee6-fbdb-443e-a27b-78e013055d6e,ID208600,CID-497,8883fee6-fbdb-443e-a27b-78e013055d6e,2025-02-16,2025-03-18,707.84,42.48,750.32,Issued,SampleGen
INV-8c2a147f-6fd2-49ce-899c-c28161d2e99d,ID208601,CID-497,8c2a147f-6fd2-49ce-899c-c28161d2e99d,2025-03-23,2025-04-22,3999.76,240.0,4239.76,Issued,SampleGen
INV-7d6eeedc-c407-4eb8-9fa9-d054e08e0aa0,ID208602,CID-497,7d6eeedc-c407-4eb8-9fa9-d054e08e0aa0,2025-04-16,2025-05-16,1367.72,82.08,1449.8,Issued,SampleGen
INV-fa4c3933-ff92-4493-9ffc-957c81c90eb8,ID208603,CID-497,fa4c3933-ff92-4493-9ffc-957c81c90eb8,2025-05-27,2025-06-26,2261.78,135.72,2397.5,Issued,SampleGen
INV-7300377f-4d51-4606-97c9-c45c3ae9b04d,ID208604,CID-497,7300377f-4d51-4606-97c9-c45c3ae9b04d,2025-06-02,2025-07-02,2853.84,171.24,3025.08,Issued,SampleGen
INV-591167bc-2039-4320-9cf6-a2706dbb96ec,ID208605,CID-497,591167bc-2039-4320-9cf6-a2706dbb96ec,2025-07-06,2025-08-05,1337.88,80.28,1418.16,Issued,SampleGen
INV-4189bfbe-2004-48e6-962a-e32f529689aa,ID208606,CID-497,4189bfbe-2004-48e6-962a-e32f529689aa,2025-08-05,2025-09-04,1295.74,77.76,1373.5,Issued,SampleGen
INV-a58bd8f2-7708-4215-9ca0-b4ccc50f1cb4,ID208607,CID-497,a58bd8f2-7708-4215-9ca0-b4ccc50f1cb4,2025-10-11,2025-11-10,1079.88,64.8,1144.68,Issued,SampleGen
INV-52b702df-cea0-4e4a-9b4f-e4ef9e8fcf9d,ID208608,CID-497,52b702df-cea0-4e4a-9b4f-e4ef9e8fcf9d,2025-11-10,2025-12-10,1729.86,103.8,1833.66,Issued,SampleGen
INV-d291f457-8758-4041-b05a-ef900a84f455,ID208609,CID-497,d291f457-8758-4041-b05a-ef900a84f455,2025-12-08,2026-01-07,8095.74,485.76,8581.5,Issued,SampleGen
INV-d8b69a39-2756-47e1-a41b-b39bd51b56c1,ID208610,CID-497,d8b69a39-2756-47e1-a41b-b39bd51b56c1,2026-02-26,2026-03-28,2151.84,129.12,2280.96,Issued,SampleGen
INV-4c29188d-19f0-4b42-9914-406ff24beffe,ID208611,CID-497,4c29188d-19f0-4b42-9914-406ff24beffe,2026-03-14,2026-04-13,1263.84,75.84,1339.68,Issued,SampleGen
INV-383b78ed-6803-4a2c-b3cc-a82264bdd4e8,ID208612,CID-497,383b78ed-6803-4a2c-b3cc-a82264bdd4e8,2026-04-09,2026-05-09,2543.84,152.64,2696.48,Issued,SampleGen
INV-fd159017-5a4f-42a2-9f45-a251bea0bfa1,ID208613,CID-498,fd159017-5a4f-42a2-9f45-a251bea0bfa1,2025-04-08,2025-05-08,325.9,19.56,345.46,Issued,SampleGen
INV-a16b04bf-dfa6-47ec-8e46-b682174e7501,ID208614,CID-498,a16b04bf-dfa6-47ec-8e46-b682174e7501,2025-08-02,2025-09-01,1303.88,78.24,1382.12,Issued,SampleGen
INV-90f98a97-c327-485d-bd76-dae264f077e5,ID208615,CID-498,90f98a97-c327-485d-bd76-dae264f077e5,2025-11-07,2025-12-07,2175.82,130.56,2306.38,Issued,SampleGen
INV-6505b631-9651-42af-8dbc-8a535169f9f7,ID208616,CID-498,6505b631-9651-42af-8dbc-8a535169f9f7,2025-12-20,2026-01-19,627.82,37.68,665.5,Issued,SampleGen
INV-e8f694db-1d82-445d-a29d-b8931b562de5,ID208617,CID-498,e8f694db-1d82-445d-a29d-b8931b562de5,2026-01-29,2026-02-28,2271.82,136.32,2408.14,Issued,SampleGen
INV-61abbe5f-5f83-4c84-b9df-d845bab5a241,ID208618,CID-498,61abbe5f-5f83-4c84-b9df-d845bab5a241,2026-02-02,2026-03-04,1977.84,118.68,2096.52,Issued,SampleGen
INV-27b23959-5ad8-431b-9135-941f27331f3f,ID208619,CID-498,27b23959-5ad8-431b-9135-941f27331f3f,2026-03-15,2026-04-14,1783.8,107.04,1890.84,Issued,SampleGen
INV-bde472cd-89bc-4ac5-9c1b-8df0593a6971,ID208620,CID-498,bde472cd-89bc-4ac5-9c1b-8df0593a6971,2026-04-11,2026-05-11,1425.74,85.56,1511.3,Issued,SampleGen
INV-18e49d29-ed87-4b35-adbf-ead40f829d9a,ID208621,CID-499,18e49d29-ed87-4b35-adbf-ead40f829d9a,2025-01-18,2025-02-17,903.88,54.24,958.12,Issued,SampleGen
INV-56f802e7-82d4-46e6-85e9-432b371eb250,ID208622,CID-499,56f802e7-82d4-46e6-85e9-432b371eb250,2025-02-12,2025-03-14,437.86,26.28,464.14,Issued,SampleGen
INV-23254b1c-b5da-4e9b-b358-1150be2e08b9,ID208623,CID-499,23254b1c-b5da-4e9b-b358-1150be2e08b9,2025-04-22,2025-05-22,873.76,52.44,926.2,Issued,SampleGen
INV-ef7b6dfa-7bc1-491a-8f0a-4cf43e10b5f2,ID208624,CID-499,ef7b6dfa-7bc1-491a-8f0a-4cf43e10b5f2,2025-05-04,2025-06-03,539.86,32.4,572.26,Issued,SampleGen
INV-1851207d-d088-44e7-82a4-b5cc7985f685,ID208625,CID-499,1851207d-d088-44e7-82a4-b5cc7985f685,2025-07-23,2025-08-22,1135.8,68.16,1203.96,Issued,SampleGen
INV-442be939-2787-4790-86a0-7c777de3b35d,ID208626,CID-499,442be939-2787-4790-86a0-7c777de3b35d,2025-09-02,2025-10-02,983.92,59.04,1042.96,Issued,SampleGen
INV-9c4f5778-a782-45bf-ad21-93a18c09c2d8,ID208627,CID-499,9c4f5778-a782-45bf-ad21-93a18c09c2d8,2025-10-30,2025-11-29,1079.88,64.8,1144.68,Issued,SampleGen
INV-9f4488cd-263c-4ad2-88db-56d49b4869f5,ID208628,CID-499,9f4488cd-263c-4ad2-88db-56d49b4869f5,2025-11-08,2025-12-08,5347.82,320.88,5668.7,Issued,SampleGen
INV-0e3e1c80-19d6-4c57-b9f4-3e56acd077a4,ID208629,CID-499,0e3e1c80-19d6-4c57-b9f4-3e56acd077a4,2025-12-11,2026-01-10,4019.76,241.2,4260.96,Issued,SampleGen
INV-bdefdab0-ea18-43ad-8332-81ad443424d7,ID208630,CID-499,bdefdab0-ea18-43ad-8332-81ad443424d7,2026-01-10,2026-02-09,5247.76,314.88,5562.64,Issued,SampleGen
INV-d6d322eb-10c3-4f08-afe6-e38ec224dbd4,ID208631,CID-499,d6d322eb-10c3-4f08-afe6-e38ec224dbd4,2026-02-18,2026-03-20,4803.82,288.24,5092.06,Issued,SampleGen
INV-1752f7de-b205-4d1b-b7f3-87a21713424f,ID208632,CID-499,1752f7de-b205-4d1b-b7f3-87a21713424f,2026-02-20,2026-03-22,4535.84,272.16,4808.0,Issued,SampleGen
INV-d4811bc1-23d3-475f-9c9b-dff017503244,ID208633,CID-499,d4811bc1-23d3-475f-9c9b-dff017503244,2026-03-21,2026-04-20,4163.74,249.84,4413.58,Issued,SampleGen
INV-22526196-3edd-4807-84fb-493621f53781,ID208634,CID-499,22526196-3edd-4807-84fb-493621f53781,2026-04-01,2026-05-01,739.8,44.4,784.2,Issued,SampleGen
INV-0c5b10e6-784e-4a5e-93d2-690b0df0f8ad,ID208635,CID-499,0c5b10e6-784e-4a5e-93d2-690b0df0f8ad,2026-04-23,2026-05-23,2423.88,145.44,2569.32,Issued,SampleGen
INV-eea03dc3-141d-4050-b677-d2fce6780581,ID208636,CID-500,eea03dc3-141d-4050-b677-d2fce6780581,2025-01-16,2025-02-15,991.88,59.52,1051.4,Issued,SampleGen
INV-b69eb445-7dad-40df-ae3a-abd1fe5405ff,ID208637,CID-500,b69eb445-7dad-40df-ae3a-abd1fe5405ff,2025-04-28,2025-05-28,633.84,38.04,671.88,Issued,SampleGen
INV-c5870df9-eef8-40f8-9819-f2011772c11e,ID208638,CID-500,c5870df9-eef8-40f8-9819-f2011772c11e,2025-05-16,2025-06-15,979.72,58.8,1038.52,Issued,SampleGen
INV-07d8a0e6-8ef2-4898-b4c0-d42df1e7d458,ID208639,CID-500,07d8a0e6-8ef2-4898-b4c0-d42df1e7d458,2025-07-24,2025-08-23,631.84,37.92,669.76,Issued,SampleGen
INV-9c6556c5-5e03-4566-9012-a55e1e9ada56,ID208640,CID-500,9c6556c5-5e03-4566-9012-a55e1e9ada56,2025-08-23,2025-09-22,2179.82,130.8,2310.62,Issued,SampleGen
INV-faff9981-62d4-4a30-a302-e2f9437dc2b7,ID208641,CID-500,faff9981-62d4-4a30-a302-e2f9437dc2b7,2025-09-19,2025-10-19,717.86,43.08,760.94,Issued,SampleGen
INV-02c23da3-db5e-4db5-8ab8-f18f9b1f4e5e,ID208642,CID-500,02c23da3-db5e-4db5-8ab8-f18f9b1f4e5e,2025-10-02,2025-11-01,3459.88,207.6,3667.48,Issued,SampleGen
INV-c8f6e0b0-5bfe-43df-84c0-d027cb39b76a,ID208643,CID-500,c8f6e0b0-5bfe-43df-84c0-d027cb39b76a,2025-11-10,2025-12-10,4007.82,240.48,4248.3,Issued,SampleGen
INV-82481e42-41b7-4c17-b4f1-e547edd8ec4a,ID208644,CID-500,82481e42-41b7-4c17-b4f1-e547edd8ec4a,2025-12-13,2026-01-12,623.88,37.44,661.32,Issued,SampleGen
INV-b6504cf4-5aca-48e0-a14b-d7fec6bb551d,ID208645,CID-500,b6504cf4-5aca-48e0-a14b-d7fec6bb551d,2026-01-10,2026-02-09,1443.84,86.64,1530.48,Issued,SampleGen
INV-699af63e-8a5e-46d8-8b15-5f1bc54c450c,ID208646,CID-500,699af63e-8a5e-46d8-8b15-5f1bc54c450c,2026-01-29,2026-02-28,2923.86,175.44,3099.3,Issued,SampleGen
INV-4643f915-8f50-47d8-bd7a-6bad99560ace,ID208647,CID-500,4643f915-8f50-47d8-bd7a-6bad99560ace,2026-03-01,2026-03-31,1671.8,100.32,1772.12,Issued,SampleGen
INV-da6e025e-e647-4a48-8201-e71d17aca8c2,ID208648,CID-500,da6e025e-e647-4a48-8201-e71d17aca8c2,2026-03-06,2026-04-05,2151.84,129.12,2280.96,Issued,SampleGen
INV-75ffe6d8-f5cb-41c8-8bf7-441cff97c59e,ID208649,CID-500,75ffe6d8-f5cb-41c8-8bf7-441cff97c59e,2026-03-16,2026-04-15,1703.88,102.24,1806.12,Issued,SampleGen
INV-784b7d57-a4c9-4a28-b9a0-55f5aacf3e79,ID208650,CID-500,784b7d57-a4c9-4a28-b9a0-55f5aacf3e79,2026-04-23,2026-05-23,767.86,46.08,813.94,Issued,SampleGen
INV-09fd0554-6e18-482c-9b75-fa4819af7e56,ID208651,CID-500,09fd0554-6e18-482c-9b75-fa4819af7e56,2026-05-01,2026-05-31,1439.84,86.4,1526.24,Issued,SampleGen
INV-5624ec55-6119-404a-b0e1-bec2dbc657bd,ID208652,CID-501,5624ec55-6119-404a-b0e1-bec2dbc657bd,2025-02-26,2025-03-28,3519.78,211.2,3730.98,Issued,SampleGen
INV-e60c59ac-ee4b-42a5-9ef9-0ccc8ff04f4b,ID208653,CID-501,e60c59ac-ee4b-42a5-9ef9-0ccc8ff04f4b,2025-03-22,2025-04-21,815.8,48.96,864.76,Issued,SampleGen
INV-c3790823-d92c-4f68-a134-849900263f54,ID208654,CID-501,c3790823-d92c-4f68-a134-849900263f54,2025-04-18,2025-05-18,2607.72,156.48,2764.2,Issued,SampleGen
INV-5c397122-0b9d-4f4f-b820-4b6ff739a9ed,ID208655,CID-501,5c397122-0b9d-4f4f-b820-4b6ff739a9ed,2025-05-18,2025-06-17,2205.8,132.36,2338.16,Issued,SampleGen
INV-69f24869-f250-4a5f-81db-b59e15e9aad2,ID208656,CID-501,69f24869-f250-4a5f-81db-b59e15e9aad2,2025-06-22,2025-07-22,4103.84,246.24,4350.08,Issued,SampleGen
INV-0385ed83-b30e-4e8a-8975-889fa886548c,ID208657,CID-501,0385ed83-b30e-4e8a-8975-889fa886548c,2025-08-06,2025-09-05,2715.86,162.96,2878.82,Issued,SampleGen
INV-f4fd010b-76c1-4c40-90d1-41eb34ca62f6,ID208658,CID-501,f4fd010b-76c1-4c40-90d1-41eb34ca62f6,2025-09-02,2025-10-02,811.92,48.72,860.64,Issued,SampleGen
INV-025da117-3c0d-46ac-80c1-5351c0ed1eda,ID208659,CID-501,025da117-3c0d-46ac-80c1-5351c0ed1eda,2025-10-25,2025-11-24,4067.74,244.08,4311.82,Issued,SampleGen
INV-787051aa-04a9-4e4c-a955-54199882fe45,ID208660,CID-501,787051aa-04a9-4e4c-a955-54199882fe45,2025-11-07,2025-12-07,2431.82,145.92,2577.74,Issued,SampleGen
INV-77e5fb1e-a017-4db3-be09-3d874644b15e,ID208661,CID-501,77e5fb1e-a017-4db3-be09-3d874644b15e,2025-12-13,2026-01-12,231.92,13.92,245.84,Issued,SampleGen
INV-ddbf1215-c3fe-47aa-a1de-d84f87d6ed2b,ID208662,CID-501,ddbf1215-c3fe-47aa-a1de-d84f87d6ed2b,2026-01-06,2026-02-05,4799.74,288.0,5087.74,Issued,SampleGen
INV-015e32e2-8e22-44af-a232-b86df10d033e,ID208663,CID-501,015e32e2-8e22-44af-a232-b86df10d033e,2026-02-19,2026-03-21,1597.86,95.88,1693.74,Issued,SampleGen
INV-c5e548d5-8391-4889-9d56-897a84770321,ID208664,CID-501,c5e548d5-8391-4889-9d56-897a84770321,2026-03-06,2026-04-05,3279.78,196.8,3476.58,Issued,SampleGen
INV-86773db6-3544-466a-b182-296efb244489,ID208665,CID-501,86773db6-3544-466a-b182-296efb244489,2026-04-02,2026-05-02,1759.72,105.6,1865.32,Issued,SampleGen
INV-32e4ff32-43f9-4150-9b16-e4222c5dcc53,ID208666,CID-502,32e4ff32-43f9-4150-9b16-e4222c5dcc53,2025-01-23,2025-02-22,1219.74,73.2,1292.94,Issued,SampleGen
INV-ff2ab85e-6b70-453b-9d88-47b54cba85c8,ID208667,CID-502,ff2ab85e-6b70-453b-9d88-47b54cba85c8,2025-03-31,2025-04-30,2319.76,139.2,2458.96,Issued,SampleGen
INV-af8a7879-4375-4c23-8b82-34fa4860372e,ID208668,CID-502,af8a7879-4375-4c23-8b82-34fa4860372e,2025-04-08,2025-05-08,1079.88,64.8,1144.68,Issued,SampleGen
INV-9849799f-78ff-4a78-a17a-7f7e8dd7a3d4,ID208669,CID-502,9849799f-78ff-4a78-a17a-7f7e8dd7a3d4,2025-05-10,2025-06-09,1419.86,85.2,1505.06,Issued,SampleGen
INV-1e2bb02b-a1fa-4c87-97dc-9cfdb80b9416,ID208670,CID-502,1e2bb02b-a1fa-4c87-97dc-9cfdb80b9416,2025-06-11,2025-07-11,931.92,55.92,987.84,Issued,SampleGen
INV-8d6385e8-388d-4c6c-8a10-1b3f7f87b30a,ID208671,CID-502,8d6385e8-388d-4c6c-8a10-1b3f7f87b30a,2025-07-25,2025-08-24,995.86,59.76,1055.62,Issued,SampleGen
INV-104c4fa4-b0d6-4724-86b5-8382ebb7711e,ID208672,CID-502,104c4fa4-b0d6-4724-86b5-8382ebb7711e,2025-08-21,2025-09-20,3025.8,181.56,3207.36,Issued,SampleGen
INV-902d0ee0-393a-4197-ad68-b06e66de69a9,ID208673,CID-502,902d0ee0-393a-4197-ad68-b06e66de69a9,2025-09-17,2025-10-17,3775.84,226.56,4002.4,Issued,SampleGen
INV-d776e75f-efbd-416f-be0b-d2d6e014926f,ID208674,CID-502,d776e75f-efbd-416f-be0b-d2d6e014926f,2025-09-07,2025-10-07,479.88,28.8,508.68,Issued,SampleGen
INV-607b0a09-2d41-4f6b-b166-00eea6f70592,ID208675,CID-502,607b0a09-2d41-4f6b-b166-00eea6f70592,2025-10-29,2025-11-28,1575.84,94.56,1670.4,Issued,SampleGen
INV-00c24759-44b7-4f7d-aa8e-a5816542b506,ID208676,CID-502,00c24759-44b7-4f7d-aa8e-a5816542b506,2025-10-20,2025-11-19,455.92,27.36,483.28,Issued,SampleGen
INV-ab13c8ec-222b-459f-97a9-228fff967820,ID208677,CID-502,ab13c8ec-222b-459f-97a9-228fff967820,2025-11-03,2025-12-03,7175.8,430.56,7606.36,Issued,SampleGen
INV-e2054db9-60af-4b22-9c43-099f22707b3f,ID208678,CID-502,e2054db9-60af-4b22-9c43-099f22707b3f,2025-11-17,2025-12-17,1379.88,82.8,1462.68,Issued,SampleGen
INV-385e5c51-870f-43e2-86d5-60bd08bd2420,ID208679,CID-502,385e5c51-870f-43e2-86d5-60bd08bd2420,2025-12-28,2026-01-27,691.84,41.52,733.36,Issued,SampleGen
INV-c6288aaf-c889-4d61-9eca-f02ee76ee0c1,ID208680,CID-502,c6288aaf-c889-4d61-9eca-f02ee76ee0c1,2026-01-01,2026-01-31,4939.74,296.4,5236.14,Issued,SampleGen
INV-82ac2fe4-66e2-44ec-8beb-9ca7015dab80,ID208681,CID-502,82ac2fe4-66e2-44ec-8beb-9ca7015dab80,2026-01-19,2026-02-18,1799.72,108.0,1907.72,Issued,SampleGen
INV-871f56d1-83a2-4aad-80c3-81d2a6ea39ac,ID208682,CID-502,871f56d1-83a2-4aad-80c3-81d2a6ea39ac,2026-01-10,2026-02-09,5111.88,306.72,5418.6,Issued,SampleGen
INV-4b432675-aa0d-4859-9560-2d37838e1bc5,ID208683,CID-502,4b432675-aa0d-4859-9560-2d37838e1bc5,2026-02-26,2026-03-28,1983.76,119.04,2102.8,Issued,SampleGen
INV-43ea40b5-7fa1-4cfc-9aad-f0e74f4cd398,ID208684,CID-502,43ea40b5-7fa1-4cfc-9aad-f0e74f4cd398,2026-03-01,2026-03-31,473.88,28.44,502.32,Issued,SampleGen
INV-d52fcd3d-1cde-4bf7-a3b9-b1d332d4125e,ID208685,CID-502,d52fcd3d-1cde-4bf7-a3b9-b1d332d4125e,2026-03-04,2026-04-03,3223.88,193.44,3417.32,Issued,SampleGen
INV-b7486b10-4693-4f9e-9370-9965855b4cc6,ID208686,CID-502,b7486b10-4693-4f9e-9370-9965855b4cc6,2026-03-23,2026-04-22,1643.78,98.64,1742.42,Issued,SampleGen
INV-eb8a8a1b-0c65-4c82-847a-b02f937f1dcb,ID208687,CID-502,eb8a8a1b-0c65-4c82-847a-b02f937f1dcb,2026-04-28,2026-05-28,2715.9,162.96,2878.86,Issued,SampleGen
INV-9243c1e2-ca6d-492e-81f5-03296fac9dd4,ID208688,CID-502,9243c1e2-ca6d-492e-81f5-03296fac9dd4,2026-04-10,2026-05-10,343.92,20.64,364.56,Issued,SampleGen
INV-a69cde22-3698-4ab6-827f-622dfe0c86e4,ID208689,CID-502,a69cde22-3698-4ab6-827f-622dfe0c86e4,2026-04-28,2026-05-28,3371.82,202.32,3574.14,Issued,SampleGen
INV-be077f0a-1d8b-4cb7-b249-27b585613d54,ID208690,CID-503,be077f0a-1d8b-4cb7-b249-27b585613d54,2025-01-06,2025-02-05,4927.84,295.68,5223.52,Issued,SampleGen
INV-6eccd2f6-5b89-45fd-928a-690f55db9475,ID208691,CID-503,6eccd2f6-5b89-45fd-928a-690f55db9475,2025-02-26,2025-03-28,4927.84,295.68,5223.52,Issued,SampleGen
INV-f840f68b-7630-4044-b796-521b7b33900e,ID208692,CID-503,f840f68b-7630-4044-b796-521b7b33900e,2025-02-26,2025-03-28,3407.8,204.48,3612.28,Issued,SampleGen
INV-ec1ef5ac-8c4e-46e8-954b-a9968af8741a,ID208693,CID-503,ec1ef5ac-8c4e-46e8-954b-a9968af8741a,2025-03-08,2025-04-07,731.84,43.92,775.76,Issued,SampleGen
INV-14aa0f6d-eeca-4573-8406-3f6d43f00795,ID208694,CID-503,14aa0f6d-eeca-4573-8406-3f6d43f00795,2025-03-17,2025-04-16,675.84,40.56,716.4,Issued,SampleGen
INV-feaa7f20-2c47-4d26-9c1f-acb17d4189f8,ID208695,CID-503,feaa7f20-2c47-4d26-9c1f-acb17d4189f8,2025-04-30,2025-05-30,445.86,26.76,472.62,Issued,SampleGen
INV-f8297f10-1e53-420c-9774-ba7a80c06b59,ID208696,CID-503,f8297f10-1e53-420c-9774-ba7a80c06b59,2025-04-08,2025-05-08,3415.82,204.96,3620.78,Issued,SampleGen
INV-663b1b98-7bc8-42c6-990b-0e947d6cda4f,ID208697,CID-503,663b1b98-7bc8-42c6-990b-0e947d6cda4f,2025-05-10,2025-06-09,849.84,51.0,900.84,Issued,SampleGen
INV-02862cbf-ed53-4ef8-8bed-5feab7147bf7,ID208698,CID-503,02862cbf-ed53-4ef8-8bed-5feab7147bf7,2025-05-13,2025-06-12,1527.7,91.68,1619.38,Issued,SampleGen
INV-e8d56449-b87b-4123-bc44-f3b33e80cdf2,ID208699,CID-503,e8d56449-b87b-4123-bc44-f3b33e80cdf2,2025-05-12,2025-06-11,1111.8,66.72,1178.52,Issued,SampleGen
INV-3adf2303-42eb-4ddd-a6d6-f11942b9fde0,ID208700,CID-503,3adf2303-42eb-4ddd-a6d6-f11942b9fde0,2025-07-01,2025-07-31,509.86,30.6,540.46,Issued,SampleGen
INV-92122985-1b1f-431a-b631-2e27a029cee9,ID208701,CID-503,92122985-1b1f-431a-b631-2e27a029cee9,2025-06-16,2025-07-16,1377.84,82.68,1460.52,Issued,SampleGen
INV-e96c125a-3ed2-49c8-a6ac-3e2627582807,ID208702,CID-503,e96c125a-3ed2-49c8-a6ac-3e2627582807,2025-08-01,2025-08-31,853.72,51.24,904.96,Issued,SampleGen
INV-444233a0-cb1f-4e67-b299-51d97a4709b3,ID208703,CID-503,444233a0-cb1f-4e67-b299-51d97a4709b3,2025-07-15,2025-08-14,371.92,22.32,394.24,Issued,SampleGen
INV-f19e8f5a-11a4-48d6-8cfe-e30de410c2bc,ID208704,CID-503,f19e8f5a-11a4-48d6-8cfe-e30de410c2bc,2025-07-28,2025-08-27,735.78,44.16,779.94,Issued,SampleGen
INV-25994a96-5b09-475c-af1b-6dd1227f9664,ID208705,CID-503,25994a96-5b09-475c-af1b-6dd1227f9664,2025-08-22,2025-09-21,3015.78,180.96,3196.74,Issued,SampleGen
INV-5dba672b-9bef-431f-9d3e-93abff327f66,ID208706,CID-503,5dba672b-9bef-431f-9d3e-93abff327f66,2025-08-13,2025-09-12,747.76,44.88,792.64,Issued,SampleGen
INV-a77d5f63-182a-4d51-9901-311a91ce5d5b,ID208707,CID-503,a77d5f63-182a-4d51-9901-311a91ce5d5b,2025-08-12,2025-09-11,719.92,43.2,763.12,Issued,SampleGen
INV-f015d2e5-7655-4c92-a8cd-e865a778971c,ID208708,CID-503,f015d2e5-7655-4c92-a8cd-e865a778971c,2025-09-15,2025-10-15,2871.86,172.32,3044.18,Issued,SampleGen
INV-62545998-ed38-4531-8aea-3abb57970115,ID208709,CID-503,62545998-ed38-4531-8aea-3abb57970115,2025-09-06,2025-10-06,1347.78,80.88,1428.66,Issued,SampleGen
INV-6028fb65-e4a4-457c-a8ab-b9d7708b7488,ID208710,CID-503,6028fb65-e4a4-457c-a8ab-b9d7708b7488,2025-09-19,2025-10-19,2399.8,144.0,2543.8,Issued,SampleGen
INV-9d0c7009-b200-4a80-904c-e3354023d949,ID208711,CID-503,9d0c7009-b200-4a80-904c-e3354023d949,2025-09-06,2025-10-06,261.9,15.72,277.62,Issued,SampleGen
INV-a3e3b6c4-835f-4b47-82c3-1da31964f9e8,ID208712,CID-503,a3e3b6c4-835f-4b47-82c3-1da31964f9e8,2025-10-31,2025-11-30,1227.8,73.68,1301.48,Issued,SampleGen
INV-15706443-d3cf-4abd-b7c0-b314195b784d,ID208713,CID-503,15706443-d3cf-4abd-b7c0-b314195b784d,2025-10-30,2025-11-29,4175.82,250.56,4426.38,Issued,SampleGen
INV-cb4ef13b-597a-45db-b1e0-1718672d3d49,ID208714,CID-503,cb4ef13b-597a-45db-b1e0-1718672d3d49,2025-10-07,2025-11-06,843.84,50.64,894.48,Issued,SampleGen
INV-caa624b3-172a-4780-92b2-c01a0aa468d9,ID208715,CID-503,caa624b3-172a-4780-92b2-c01a0aa468d9,2025-11-09,2025-12-09,1811.76,108.72,1920.48,Issued,SampleGen
INV-12028126-4259-4828-b017-be455721aa68,ID208716,CID-503,12028126-4259-4828-b017-be455721aa68,2025-11-12,2025-12-12,357.9,21.48,379.38,Issued,SampleGen
INV-61fe11bf-67c8-4906-8247-007f06ddbcd8,ID208717,CID-503,61fe11bf-67c8-4906-8247-007f06ddbcd8,2025-11-15,2025-12-15,1915.8,114.96,2030.76,Issued,SampleGen
INV-d8f5b9a0-bdbd-48d7-9d94-ec12ddceac1a,ID208718,CID-503,d8f5b9a0-bdbd-48d7-9d94-ec12ddceac1a,2025-12-12,2026-01-11,449.88,27.0,476.88,Issued,SampleGen
INV-6cb926c3-7ea5-4a97-a2be-26ef5218711c,ID208719,CID-503,6cb926c3-7ea5-4a97-a2be-26ef5218711c,2026-01-01,2026-01-31,275.92,16.56,292.48,Issued,SampleGen
INV-35496388-9edc-41e9-ae85-91caf6f7349c,ID208720,CID-503,35496388-9edc-41e9-ae85-91caf6f7349c,2025-12-17,2026-01-16,4127.84,247.68,4375.52,Issued,SampleGen
INV-269ed960-be43-46ff-8bce-1d96f224d45a,ID208721,CID-503,269ed960-be43-46ff-8bce-1d96f224d45a,2025-12-22,2026-01-21,1795.86,107.76,1903.62,Issued,SampleGen
INV-eac0b859-30b8-4959-9c8a-06c95ee68dc4,ID208722,CID-503,eac0b859-30b8-4959-9c8a-06c95ee68dc4,2026-01-22,2026-02-21,1075.88,64.56,1140.44,Issued,SampleGen
INV-a6809708-241d-4315-80ff-8fe094373ff6,ID208723,CID-503,a6809708-241d-4315-80ff-8fe094373ff6,2026-01-22,2026-02-21,3259.82,195.6,3455.42,Issued,SampleGen
INV-31f61359-217d-406b-b50c-f410d22c21d2,ID208724,CID-503,31f61359-217d-406b-b50c-f410d22c21d2,2026-01-09,2026-02-08,1403.86,84.24,1488.1,Issued,SampleGen
INV-e2a17125-3d67-4745-bca4-74ffdc7ba54d,ID208725,CID-503,e2a17125-3d67-4745-bca4-74ffdc7ba54d,2026-01-24,2026-02-23,3551.78,213.12,3764.9,Issued,SampleGen
INV-9ef80f01-1f29-4cc2-ae61-9c58da5de35f,ID208726,CID-503,9ef80f01-1f29-4cc2-ae61-9c58da5de35f,2026-02-10,2026-03-12,603.82,36.24,640.06,Issued,SampleGen
INV-e243c0dd-8077-42db-88b7-0830522a9202,ID208727,CID-503,e243c0dd-8077-42db-88b7-0830522a9202,2026-02-07,2026-03-09,1627.78,97.68,1725.46,Issued,SampleGen
INV-01d40868-6818-4633-85f6-ec259b3191ea,ID208728,CID-503,01d40868-6818-4633-85f6-ec259b3191ea,2026-02-16,2026-03-18,5059.7,303.6,5363.3,Issued,SampleGen
INV-df8ed643-db97-4fb9-9047-746cc7198286,ID208729,CID-503,df8ed643-db97-4fb9-9047-746cc7198286,2026-03-01,2026-03-31,1993.8,119.64,2113.44,Issued,SampleGen
INV-9d46ce37-479c-4dc1-86ec-002825c6ef17,ID208730,CID-503,9d46ce37-479c-4dc1-86ec-002825c6ef17,2026-02-20,2026-03-22,2397.76,143.88,2541.64,Issued,SampleGen
INV-101bd3cc-eb0b-4a71-a9f7-5ddc3196eb4f,ID208731,CID-503,101bd3cc-eb0b-4a71-a9f7-5ddc3196eb4f,2026-03-22,2026-04-21,2019.82,121.2,2141.02,Issued,SampleGen
INV-2831c829-915f-4f00-8eac-7fe47885ce2b,ID208732,CID-503,2831c829-915f-4f00-8eac-7fe47885ce2b,2026-03-14,2026-04-13,875.92,52.56,928.48,Issued,SampleGen
INV-3c3392fd-b018-4c49-ba9f-16c0db73e78c,ID208733,CID-503,3c3392fd-b018-4c49-ba9f-16c0db73e78c,2026-03-05,2026-04-04,579.84,34.8,614.64,Issued,SampleGen
INV-9255fb77-b756-4fc0-9129-b7192c8a2227,ID208734,CID-503,9255fb77-b756-4fc0-9129-b7192c8a2227,2026-03-07,2026-04-06,1539.78,92.4,1632.18,Issued,SampleGen
INV-11562e8f-3c83-4db2-81cf-3f3375f5500c,ID208735,CID-503,11562e8f-3c83-4db2-81cf-3f3375f5500c,2026-04-08,2026-05-08,2027.78,121.68,2149.46,Issued,SampleGen
INV-759b6f1f-4b8e-4817-b47f-4cee47865845,ID208736,CID-503,759b6f1f-4b8e-4817-b47f-4cee47865845,2026-04-13,2026-05-13,1003.76,60.24,1064.0,Issued,SampleGen
INV-96cf570f-4c0a-47c0-9eed-0e5add737603,ID208737,CID-503,96cf570f-4c0a-47c0-9eed-0e5add737603,2026-04-04,2026-05-04,5471.84,328.32,5800.16,Issued,SampleGen
INV-8911b0c5-17c7-4f11-a099-aa0be8e3809e,ID208738,CID-503,8911b0c5-17c7-4f11-a099-aa0be8e3809e,2026-05-01,2026-05-31,4411.7,264.72,4676.42,Issued,SampleGen
INV-4508a119-a5ec-4595-88a4-803be03f56dd,ID208739,CID-504,4508a119-a5ec-4595-88a4-803be03f56dd,2025-01-06,2025-02-05,3363.74,201.84,3565.58,Issued,SampleGen
INV-770f52cd-1162-447d-aadf-52dfbbd05d43,ID208740,CID-504,770f52cd-1162-447d-aadf-52dfbbd05d43,2025-02-25,2025-03-27,1087.84,65.28,1153.12,Issued,SampleGen
INV-bdd6ad8e-ec67-4952-90db-8f0a9564dc7c,ID208741,CID-504,bdd6ad8e-ec67-4952-90db-8f0a9564dc7c,2025-03-12,2025-04-11,2695.9,161.76,2857.66,Issued,SampleGen
INV-bf027329-4194-4018-a11f-f0ffdeb7a8da,ID208742,CID-504,bf027329-4194-4018-a11f-f0ffdeb7a8da,2025-04-30,2025-05-30,325.9,19.56,345.46,Issued,SampleGen
INV-8509d7bb-4e4d-4ec2-b315-50e030b2d019,ID208743,CID-504,8509d7bb-4e4d-4ec2-b315-50e030b2d019,2025-05-06,2025-06-05,947.88,56.88,1004.76,Issued,SampleGen
INV-264de67d-bc2e-4b20-ae01-db38d16df657,ID208744,CID-504,264de67d-bc2e-4b20-ae01-db38d16df657,2025-06-11,2025-07-11,1187.74,71.28,1259.02,Issued,SampleGen
INV-8fc56657-3104-428d-a6a7-807f5712e96e,ID208745,CID-504,8fc56657-3104-428d-a6a7-807f5712e96e,2025-06-06,2025-07-06,2869.8,172.2,3042.0,Issued,SampleGen
INV-39c32c99-1b6e-4514-a5a2-8f15849921b0,ID208746,CID-504,39c32c99-1b6e-4514-a5a2-8f15849921b0,2025-07-24,2025-08-23,807.84,48.48,856.32,Issued,SampleGen
INV-44936fed-215c-4c5e-97fc-09220f940bf1,ID208747,CID-504,44936fed-215c-4c5e-97fc-09220f940bf1,2025-08-04,2025-09-03,1683.86,101.04,1784.9,Issued,SampleGen
INV-db62150c-9002-4dfa-95ce-d5c950fb213a,ID208748,CID-504,db62150c-9002-4dfa-95ce-d5c950fb213a,2025-08-06,2025-09-05,3775.8,226.56,4002.36,Issued,SampleGen
INV-d1014804-51dc-4b56-b551-cf87f6d21d8a,ID208749,CID-504,d1014804-51dc-4b56-b551-cf87f6d21d8a,2025-09-28,2025-10-28,1991.82,119.52,2111.34,Issued,SampleGen
INV-d060613a-51f5-4884-b6a1-d2f17d4d4a78,ID208750,CID-504,d060613a-51f5-4884-b6a1-d2f17d4d4a78,2025-10-12,2025-11-11,4899.8,294.0,5193.8,Issued,SampleGen
INV-18ca9437-d849-4ec9-a2ba-961a07378161,ID208751,CID-504,18ca9437-d849-4ec9-a2ba-961a07378161,2025-10-20,2025-11-19,1313.88,78.84,1392.72,Issued,SampleGen
INV-b3ba8c02-f5fe-4ec6-af73-11981208edc7,ID208752,CID-504,b3ba8c02-f5fe-4ec6-af73-11981208edc7,2025-11-09,2025-12-09,1127.88,67.68,1195.56,Issued,SampleGen
INV-3ce3d27b-c15b-44e3-8cda-26bb76927440,ID208753,CID-504,3ce3d27b-c15b-44e3-8cda-26bb76927440,2026-01-01,2026-01-31,2729.88,163.8,2893.68,Issued,SampleGen
INV-b1130726-a83c-444f-b45e-f27795bbbfb5,ID208754,CID-504,b1130726-a83c-444f-b45e-f27795bbbfb5,2026-01-11,2026-02-10,2153.72,129.24,2282.96,Issued,SampleGen
INV-fe139941-333d-4a20-8885-1e7f05505eb0,ID208755,CID-504,fe139941-333d-4a20-8885-1e7f05505eb0,2026-01-13,2026-02-12,1663.78,99.84,1763.62,Issued,SampleGen
INV-64994c5f-6cc2-4561-9d4d-f805088dcd1a,ID208756,CID-504,64994c5f-6cc2-4561-9d4d-f805088dcd1a,2026-02-06,2026-03-08,1323.9,79.44,1403.34,Issued,SampleGen
INV-25f37516-7470-4625-8a93-7f8abf91d6ef,ID208757,CID-504,25f37516-7470-4625-8a93-7f8abf91d6ef,2026-02-07,2026-03-09,959.82,57.6,1017.42,Issued,SampleGen
INV-8072d80f-19b8-438c-896f-cb3cf7789247,ID208758,CID-504,8072d80f-19b8-438c-896f-cb3cf7789247,2026-03-31,2026-04-30,1505.78,90.36,1596.14,Issued,SampleGen
INV-777ef61e-7061-47ff-9dab-03753f494faa,ID208759,CID-504,777ef61e-7061-47ff-9dab-03753f494faa,2026-03-20,2026-04-19,639.88,38.4,678.28,Issued,SampleGen
INV-e7ce4ad0-88e3-4015-bee7-71d6ee75e6f4,ID208760,CID-504,e7ce4ad0-88e3-4015-bee7-71d6ee75e6f4,2026-04-12,2026-05-12,3885.78,233.16,4118.94,Issued,SampleGen
INV-2e52bf88-5946-425e-bc24-21e8f888bd97,ID208761,CID-504,2e52bf88-5946-425e-bc24-21e8f888bd97,2026-04-25,2026-05-25,1703.76,102.24,1806.0,Issued,SampleGen
INV-a567bda5-d5b0-43c2-a16c-c86fa7faa13a,ID208762,CID-505,a567bda5-d5b0-43c2-a16c-c86fa7faa13a,2025-05-22,2025-06-21,333.9,20.04,353.94,Issued,SampleGen
INV-0ce26c1b-79de-4e56-83ff-26b8d9e69af7,ID208763,CID-505,0ce26c1b-79de-4e56-83ff-26b8d9e69af7,2025-06-08,2025-07-08,723.82,43.44,767.26,Issued,SampleGen
INV-fc598dc0-7a61-458e-9dca-c61cf521132d,ID208764,CID-505,fc598dc0-7a61-458e-9dca-c61cf521132d,2025-08-02,2025-09-01,1087.84,65.28,1153.12,Issued,SampleGen
INV-ab129e9c-7a31-409e-abf0-3fc6a37090da,ID208765,CID-505,ab129e9c-7a31-409e-abf0-3fc6a37090da,2025-09-09,2025-10-09,589.84,35.4,625.24,Issued,SampleGen
INV-af4a4d7b-1e0b-4127-9a9e-214e03cf7679,ID208766,CID-505,af4a4d7b-1e0b-4127-9a9e-214e03cf7679,2025-10-02,2025-11-01,2403.78,144.24,2548.02,Issued,SampleGen
INV-81f1c5c0-a43b-4574-b0fa-87e864ea7b26,ID208767,CID-505,81f1c5c0-a43b-4574-b0fa-87e864ea7b26,2025-12-21,2026-01-20,2097.84,125.88,2223.72,Issued,SampleGen
INV-225635df-93cc-4e6a-a45c-27bf89e350d2,ID208768,CID-505,225635df-93cc-4e6a-a45c-27bf89e350d2,2026-01-08,2026-02-07,599.84,36.0,635.84,Issued,SampleGen
INV-51b7c60b-24d4-4557-b014-9ed1ccf2f584,ID208769,CID-505,51b7c60b-24d4-4557-b014-9ed1ccf2f584,2026-03-31,2026-04-30,357.9,21.48,379.38,Issued,SampleGen
INV-3614cc1b-d200-43d6-b143-ffb02662c277,ID208770,CID-505,3614cc1b-d200-43d6-b143-ffb02662c277,2026-04-07,2026-05-07,3927.8,235.68,4163.48,Issued,SampleGen
INV-a063ae13-c73a-4188-9051-1e1984d7b8d5,ID208771,CID-506,a063ae13-c73a-4188-9051-1e1984d7b8d5,2025-01-18,2025-02-17,713.88,42.84,756.72,Issued,SampleGen
INV-6a0fff61-d636-4135-afc8-aa36ea379a46,ID208772,CID-506,6a0fff61-d636-4135-afc8-aa36ea379a46,2025-02-09,2025-03-11,2843.9,170.64,3014.54,Issued,SampleGen
INV-4ff6dd5c-b74c-4dcf-93d5-b55621d9d86f,ID208773,CID-506,4ff6dd5c-b74c-4dcf-93d5-b55621d9d86f,2025-03-02,2025-04-01,2659.86,159.6,2819.46,Issued,SampleGen
INV-c4608412-4e25-463a-afd0-b6422104d791,ID208774,CID-506,c4608412-4e25-463a-afd0-b6422104d791,2025-04-25,2025-05-25,775.84,46.56,822.4,Issued,SampleGen
INV-77c69237-b357-4464-886a-0e413d3439e1,ID208775,CID-506,77c69237-b357-4464-886a-0e413d3439e1,2025-05-18,2025-06-17,435.88,26.16,462.04,Issued,SampleGen
INV-3b4fe644-1e4b-42cc-9c05-8a4885cdbd05,ID208776,CID-506,3b4fe644-1e4b-42cc-9c05-8a4885cdbd05,2025-06-16,2025-07-16,2255.76,135.36,2391.12,Issued,SampleGen
INV-e1712360-6817-4871-8a30-a8eeb1fdf867,ID208777,CID-506,e1712360-6817-4871-8a30-a8eeb1fdf867,2025-06-13,2025-07-13,1615.84,96.96,1712.8,Issued,SampleGen
INV-e801e5f1-68f8-4518-95d0-e3f8e99c0d69,ID208778,CID-506,e801e5f1-68f8-4518-95d0-e3f8e99c0d69,2025-07-02,2025-08-01,743.84,44.64,788.48,Issued,SampleGen
INV-fb82f86a-0286-4e93-b033-66d3ea03a7f3,ID208779,CID-506,fb82f86a-0286-4e93-b033-66d3ea03a7f3,2025-08-23,2025-09-22,3915.82,234.96,4150.78,Issued,SampleGen
INV-ce5dbe32-2e17-4bc2-bb8e-cb9d3304230d,ID208780,CID-506,ce5dbe32-2e17-4bc2-bb8e-cb9d3304230d,2025-09-06,2025-10-06,2579.78,154.8,2734.58,Issued,SampleGen
INV-e9bb8a28-0fa3-4f6f-8b91-663151ed9bc7,ID208781,CID-506,e9bb8a28-0fa3-4f6f-8b91-663151ed9bc7,2025-10-04,2025-11-03,329.9,19.8,349.7,Issued,SampleGen
INV-49f3a477-af0f-4ed0-a90a-32850347d8f0,ID208782,CID-506,49f3a477-af0f-4ed0-a90a-32850347d8f0,2025-11-09,2025-12-09,4599.68,276.0,4875.68,Issued,SampleGen
INV-26367e2c-14e1-4712-ad10-36d1a47dd653,ID208783,CID-506,26367e2c-14e1-4712-ad10-36d1a47dd653,2025-11-20,2025-12-20,1141.86,68.52,1210.38,Issued,SampleGen
INV-bc083a81-de52-4402-b939-a56a9fabb80f,ID208784,CID-506,bc083a81-de52-4402-b939-a56a9fabb80f,2025-12-22,2026-01-21,6599.76,396.0,6995.76,Issued,SampleGen
INV-867b245e-79f6-4a77-92e5-29b0f54f9f4a,ID208785,CID-506,867b245e-79f6-4a77-92e5-29b0f54f9f4a,2025-12-24,2026-01-23,1095.82,65.76,1161.58,Issued,SampleGen
INV-8861aa6c-0d84-4000-be15-ac087b919b0b,ID208786,CID-506,8861aa6c-0d84-4000-be15-ac087b919b0b,2026-01-14,2026-02-13,3815.86,228.96,4044.82,Issued,SampleGen
INV-2a71feb0-42e1-4b41-b56f-d964bb87b295,ID208787,CID-506,2a71feb0-42e1-4b41-b56f-d964bb87b295,2026-01-08,2026-02-07,1015.8,60.96,1076.76,Issued,SampleGen
INV-54d15c3f-9339-4036-9f4a-f9cff4961ffa,ID208788,CID-506,54d15c3f-9339-4036-9f4a-f9cff4961ffa,2026-03-01,2026-03-31,4075.74,244.56,4320.3,Issued,SampleGen
INV-dad93507-5ac7-43ac-90a2-a8e6ec776b09,ID208789,CID-506,dad93507-5ac7-43ac-90a2-a8e6ec776b09,2026-02-03,2026-03-05,5139.8,308.4,5448.2,Issued,SampleGen
INV-3bf30cd4-f2b9-4e87-ad07-5af18e098b09,ID208790,CID-506,3bf30cd4-f2b9-4e87-ad07-5af18e098b09,2026-03-06,2026-04-05,2583.78,155.04,2738.82,Issued,SampleGen
INV-9589e821-fbf2-4caa-adc8-9045b6da9733,ID208791,CID-506,9589e821-fbf2-4caa-adc8-9045b6da9733,2026-03-27,2026-04-26,2871.84,172.32,3044.16,Issued,SampleGen
INV-d9a3305b-6ebf-419b-bba1-c7cbbdd007f4,ID208792,CID-506,d9a3305b-6ebf-419b-bba1-c7cbbdd007f4,2026-04-07,2026-05-07,1181.78,70.92,1252.7,Issued,SampleGen
INV-d789322b-1954-4672-af37-a605404996d8,ID208793,CID-506,d789322b-1954-4672-af37-a605404996d8,2026-04-13,2026-05-13,1811.84,108.72,1920.56,Issued,SampleGen
INV-be62e14e-8064-48cd-a840-2a16e495b051,ID208794,CID-507,be62e14e-8064-48cd-a840-2a16e495b051,2025-07-27,2025-08-26,1035.9,62.16,1098.06,Issued,SampleGen
INV-28ab9f2f-d356-4c8f-9c92-6f6c987fe08e,ID208795,CID-507,28ab9f2f-d356-4c8f-9c92-6f6c987fe08e,2025-09-01,2025-10-01,2835.82,170.16,3005.98,Issued,SampleGen
INV-774d4f4d-6e10-4d63-adc7-703687c621ac,ID208796,CID-507,774d4f4d-6e10-4d63-adc7-703687c621ac,2025-09-21,2025-10-21,243.88,14.64,258.52,Issued,SampleGen
INV-0c113edc-d0e3-4828-adc8-ec4fd14b3457,ID208797,CID-507,0c113edc-d0e3-4828-adc8-ec4fd14b3457,2026-01-25,2026-02-24,671.82,40.32,712.14,Issued,SampleGen
INV-5d30d3d1-6cfc-40c1-baed-41730ddd5845,ID208798,CID-507,5d30d3d1-6cfc-40c1-baed-41730ddd5845,2026-02-28,2026-03-30,1953.76,117.24,2071.0,Issued,SampleGen
INV-2693198d-9385-4591-9d19-2d662c08839e,ID208799,CID-507,2693198d-9385-4591-9d19-2d662c08839e,2026-03-16,2026-04-15,639.8,38.4,678.2,Issued,SampleGen
INV-8d990c0b-339a-468e-8d09-b2c42e7dcd00,ID208800,CID-507,8d990c0b-339a-468e-8d09-b2c42e7dcd00,2026-04-16,2026-05-16,513.82,30.84,544.66,Issued,SampleGen
INV-1c372f7d-aa04-4f62-8596-862793b974d3,ID208801,CID-508,1c372f7d-aa04-4f62-8596-862793b974d3,2025-01-14,2025-02-13,2947.82,176.88,3124.7,Issued,SampleGen
INV-1ead9fab-8470-4225-9f37-7e2e78ffcd59,ID208802,CID-508,1ead9fab-8470-4225-9f37-7e2e78ffcd59,2025-02-11,2025-03-13,3455.8,207.36,3663.16,Issued,SampleGen
INV-a44eea77-dabc-47a7-ba0d-6b446d2cb32c,ID208803,CID-508,a44eea77-dabc-47a7-ba0d-6b446d2cb32c,2025-03-03,2025-04-02,1715.78,102.96,1818.74,Issued,SampleGen
INV-22ebacf7-fb53-44bd-b723-6f48a149f6ed,ID208804,CID-508,22ebacf7-fb53-44bd-b723-6f48a149f6ed,2025-04-14,2025-05-14,2753.88,165.24,2919.12,Issued,SampleGen
INV-d4fb72cd-9e10-45d5-90e0-24f7a7c9adda,ID208805,CID-508,d4fb72cd-9e10-45d5-90e0-24f7a7c9adda,2025-04-19,2025-05-19,529.86,31.8,561.66,Issued,SampleGen
INV-0382065a-c73d-4576-ac08-2badca92646d,ID208806,CID-508,0382065a-c73d-4576-ac08-2badca92646d,2025-05-23,2025-06-22,679.88,40.8,720.68,Issued,SampleGen
INV-de2184a8-430b-4ad2-83b1-66771b93fec1,ID208807,CID-508,de2184a8-430b-4ad2-83b1-66771b93fec1,2025-06-09,2025-07-09,2799.82,168.0,2967.82,Issued,SampleGen
INV-a08614e2-f97d-4425-b925-64da142c9f04,ID208808,CID-508,a08614e2-f97d-4425-b925-64da142c9f04,2025-07-30,2025-08-29,3783.78,227.04,4010.82,Issued,SampleGen
INV-1cf22ed6-b59f-4280-b404-9438aeee8ff1,ID208809,CID-508,1cf22ed6-b59f-4280-b404-9438aeee8ff1,2025-07-25,2025-08-24,6533.76,392.04,6925.8,Issued,SampleGen
INV-956d4010-74e0-45fa-a3af-3921fc49d028,ID208810,CID-508,956d4010-74e0-45fa-a3af-3921fc49d028,2025-08-26,2025-09-25,2263.84,135.84,2399.68,Issued,SampleGen
INV-145e4a8d-a77f-4326-a4a5-d8dcb60c2f33,ID208811,CID-508,145e4a8d-a77f-4326-a4a5-d8dcb60c2f33,2025-09-24,2025-10-24,1707.84,102.48,1810.32,Issued,SampleGen
INV-4a8e2195-4784-4132-9380-023f99f0cfc3,ID208812,CID-508,4a8e2195-4784-4132-9380-023f99f0cfc3,2025-09-10,2025-10-10,5407.68,324.48,5732.16,Issued,SampleGen
INV-578e125b-d434-439b-98a8-bd230e1089e7,ID208813,CID-508,578e125b-d434-439b-98a8-bd230e1089e7,2025-10-31,2025-11-30,2773.74,166.44,2940.18,Issued,SampleGen
INV-154fc485-bd26-4b4f-89e7-45f7b6df3cec,ID208814,CID-508,154fc485-bd26-4b4f-89e7-45f7b6df3cec,2025-11-01,2025-12-01,851.8,51.12,902.92,Issued,SampleGen
INV-fb4a0ba3-72f8-4c52-9deb-71406c506ef3,ID208815,CID-508,fb4a0ba3-72f8-4c52-9deb-71406c506ef3,2025-11-10,2025-12-10,1359.9,81.6,1441.5,Issued,SampleGen
INV-31d6e435-5f1a-49ec-8fb0-512faf0e2687,ID208816,CID-508,31d6e435-5f1a-49ec-8fb0-512faf0e2687,2025-11-02,2025-12-02,2323.78,139.44,2463.22,Issued,SampleGen
INV-03219f4c-b12a-4048-b936-8f0a8e2f7a6d,ID208817,CID-508,03219f4c-b12a-4048-b936-8f0a8e2f7a6d,2025-12-14,2026-01-13,1271.9,76.32,1348.22,Issued,SampleGen
INV-33b97704-6364-4a98-acea-2955f67cf055,ID208818,CID-508,33b97704-6364-4a98-acea-2955f67cf055,2025-12-05,2026-01-04,3039.82,182.4,3222.22,Issued,SampleGen
INV-71da9823-c8c2-4bd2-af1f-4b6f63eed6c6,ID208819,CID-508,71da9823-c8c2-4bd2-af1f-4b6f63eed6c6,2026-01-31,2026-03-02,237.9,14.28,252.18,Issued,SampleGen
INV-fc7334d0-2c66-4b36-845d-e68da51f6b22,ID208820,CID-508,fc7334d0-2c66-4b36-845d-e68da51f6b22,2026-01-12,2026-02-11,1979.9,118.8,2098.7,Issued,SampleGen
INV-bd1ad9d1-cf35-4139-b20c-2f6a63ea3aa4,ID208821,CID-508,bd1ad9d1-cf35-4139-b20c-2f6a63ea3aa4,2026-02-13,2026-03-15,2597.82,155.88,2753.7,Issued,SampleGen
INV-e33f5f2c-14c0-4a9e-8e10-8a320d1c162b,ID208822,CID-508,e33f5f2c-14c0-4a9e-8e10-8a320d1c162b,2026-02-04,2026-03-06,1323.72,79.44,1403.16,Issued,SampleGen
INV-0d38826b-7821-4864-af76-83a111146244,ID208823,CID-508,0d38826b-7821-4864-af76-83a111146244,2026-02-23,2026-03-25,2603.86,156.24,2760.1,Issued,SampleGen
INV-44db5dc9-a670-41ad-9fa4-170e710ca7fa,ID208824,CID-508,44db5dc9-a670-41ad-9fa4-170e710ca7fa,2026-03-30,2026-04-29,1507.86,90.48,1598.34,Issued,SampleGen
INV-edb4d661-be4c-4451-b767-e7f6ffc6f79f,ID208825,CID-508,edb4d661-be4c-4451-b767-e7f6ffc6f79f,2026-03-12,2026-04-11,1299.9,78.0,1377.9,Issued,SampleGen
INV-81554770-f607-48a0-b038-61172a9b0b6e,ID208826,CID-508,81554770-f607-48a0-b038-61172a9b0b6e,2026-03-22,2026-04-21,1179.82,70.8,1250.62,Issued,SampleGen
INV-c194689c-1ec4-441f-aea5-6d3c5cebb6d0,ID208827,CID-508,c194689c-1ec4-441f-aea5-6d3c5cebb6d0,2026-04-09,2026-05-09,1589.8,95.4,1685.2,Issued,SampleGen
INV-7ee9fdd9-9b1c-48fe-bf6e-cdb476762524,ID208828,CID-508,7ee9fdd9-9b1c-48fe-bf6e-cdb476762524,2026-04-09,2026-05-09,1703.84,102.24,1806.08,Issued,SampleGen
INV-906d30c2-d546-45eb-a204-635446ec18d5,ID208829,CID-508,906d30c2-d546-45eb-a204-635446ec18d5,2026-04-11,2026-05-11,5615.72,336.96,5952.68,Issued,SampleGen
INV-8652dd37-f550-4258-ac62-b681d8e193fa,ID208830,CID-509,8652dd37-f550-4258-ac62-b681d8e193fa,2025-04-27,2025-05-27,4627.78,277.68,4905.46,Issued,SampleGen
INV-9e689b32-78dd-4471-8475-a919ad0f01a7,ID208831,CID-509,9e689b32-78dd-4471-8475-a919ad0f01a7,2025-08-04,2025-09-03,713.88,42.84,756.72,Issued,SampleGen
INV-cc611499-b4e4-4941-ab8d-ddba8de6134e,ID208832,CID-509,cc611499-b4e4-4941-ab8d-ddba8de6134e,2025-10-21,2025-11-20,515.88,30.96,546.84,Issued,SampleGen
INV-305a6d5e-a9e3-4441-be69-f48817ddf89b,ID208833,CID-509,305a6d5e-a9e3-4441-be69-f48817ddf89b,2025-11-02,2025-12-02,4827.78,289.68,5117.46,Issued,SampleGen
INV-af63d9ee-e88e-41a1-aef6-dc0e8503f18f,ID208834,CID-509,af63d9ee-e88e-41a1-aef6-dc0e8503f18f,2026-02-05,2026-03-07,151.92,9.12,161.04,Issued,SampleGen
INV-b59b2ec1-4843-4088-a19f-175783c821bf,ID208835,CID-509,b59b2ec1-4843-4088-a19f-175783c821bf,2026-03-15,2026-04-14,567.9,34.08,601.98,Issued,SampleGen
INV-54cb4340-91dd-47b7-bf99-805dad48a3c6,ID208836,CID-509,54cb4340-91dd-47b7-bf99-805dad48a3c6,2026-04-17,2026-05-17,2327.84,139.68,2467.52,Issued,SampleGen
INV-0c786a50-a40b-471e-a860-537fdd73c799,ID208837,CID-510,0c786a50-a40b-471e-a860-537fdd73c799,2025-01-24,2025-02-23,3339.8,200.4,3540.2,Issued,SampleGen
INV-202ab935-fea7-4c19-bfd7-59b939966f9a,ID208838,CID-510,202ab935-fea7-4c19-bfd7-59b939966f9a,2025-01-25,2025-02-24,1063.76,63.84,1127.6,Issued,SampleGen
INV-e5aef3b7-b1d1-4348-b4fe-e77d22a442ae,ID208839,CID-510,e5aef3b7-b1d1-4348-b4fe-e77d22a442ae,2025-02-18,2025-03-20,4075.86,244.56,4320.42,Issued,SampleGen
INV-2c273145-a823-4915-9f41-3801d07c2266,ID208840,CID-510,2c273145-a823-4915-9f41-3801d07c2266,2025-02-25,2025-03-27,4535.72,272.16,4807.88,Issued,SampleGen
INV-9288dcff-4c4e-4272-85d7-66ca1873936e,ID208841,CID-510,9288dcff-4c4e-4272-85d7-66ca1873936e,2025-03-16,2025-04-15,3579.82,214.8,3794.62,Issued,SampleGen
INV-fac27a85-a0ef-4174-b4e4-859e8cf284e5,ID208842,CID-510,fac27a85-a0ef-4174-b4e4-859e8cf284e5,2025-03-12,2025-04-11,4383.7,263.04,4646.74,Issued,SampleGen
INV-5725bcbe-ff0a-4dda-838a-d51bb21925a4,ID208843,CID-510,5725bcbe-ff0a-4dda-838a-d51bb21925a4,2025-03-22,2025-04-21,957.9,57.48,1015.38,Issued,SampleGen
INV-65973eaa-891f-451b-9d31-2ec3c984a145,ID208844,CID-510,65973eaa-891f-451b-9d31-2ec3c984a145,2025-04-02,2025-05-02,1059.76,63.6,1123.36,Issued,SampleGen
INV-9e1c69ad-5cfc-4ca9-9973-6dc9fea1a578,ID208845,CID-510,9e1c69ad-5cfc-4ca9-9973-6dc9fea1a578,2025-04-09,2025-05-09,2855.82,171.36,3027.18,Issued,SampleGen
INV-7830295a-8b18-4160-b840-e05712e88b3e,ID208846,CID-510,7830295a-8b18-4160-b840-e05712e88b3e,2025-04-15,2025-05-15,2901.78,174.12,3075.9,Issued,SampleGen
INV-5f8a5e60-d05c-4793-8019-5a131faaa54a,ID208847,CID-510,5f8a5e60-d05c-4793-8019-5a131faaa54a,2025-05-14,2025-06-13,873.8,52.44,926.24,Issued,SampleGen
INV-0f414cab-2655-490f-8863-f1f8b1d9a782,ID208848,CID-510,0f414cab-2655-490f-8863-f1f8b1d9a782,2025-05-16,2025-06-15,3083.78,185.04,3268.82,Issued,SampleGen
INV-4ac12ea9-4e6d-4c34-a69a-d88acbde8fec,ID208849,CID-510,4ac12ea9-4e6d-4c34-a69a-d88acbde8fec,2025-05-15,2025-06-14,1909.74,114.6,2024.34,Issued,SampleGen
INV-85df06c2-137b-40de-8748-7255ded24e06,ID208850,CID-510,85df06c2-137b-40de-8748-7255ded24e06,2025-06-15,2025-07-15,1195.8,71.76,1267.56,Issued,SampleGen
INV-9e13e65d-28cc-4e58-b6a1-12ebcb7603e3,ID208851,CID-510,9e13e65d-28cc-4e58-b6a1-12ebcb7603e3,2025-06-27,2025-07-27,4679.72,280.8,4960.52,Issued,SampleGen
INV-b62319d4-c4d0-4744-a45c-b32217a05dcd,ID208852,CID-510,b62319d4-c4d0-4744-a45c-b32217a05dcd,2025-06-04,2025-07-04,4499.84,270.0,4769.84,Issued,SampleGen
INV-48cbecf0-178b-4cdb-9e46-da7fb1390928,ID208853,CID-510,48cbecf0-178b-4cdb-9e46-da7fb1390928,2025-06-11,2025-07-11,903.74,54.24,957.98,Issued,SampleGen
INV-ef2314d5-086f-453a-8bc4-f09ed2f7cd66,ID208854,CID-510,ef2314d5-086f-453a-8bc4-f09ed2f7cd66,2025-08-01,2025-08-31,1513.74,90.84,1604.58,Issued,SampleGen
INV-9dcde341-c42d-4556-a7bb-06eac8d66e7e,ID208855,CID-510,9dcde341-c42d-4556-a7bb-06eac8d66e7e,2025-07-21,2025-08-20,1583.7,95.04,1678.74,Issued,SampleGen
INV-a3d7a291-66cd-4347-9841-faad545e7f47,ID208856,CID-510,a3d7a291-66cd-4347-9841-faad545e7f47,2025-07-19,2025-08-18,3637.78,218.28,3856.06,Issued,SampleGen
INV-1f25a1a7-5e83-4407-924a-e6bf5e0a2bfd,ID208857,CID-510,1f25a1a7-5e83-4407-924a-e6bf5e0a2bfd,2025-07-17,2025-08-16,2407.76,144.48,2552.24,Issued,SampleGen
INV-f3e42258-82e7-47f8-9768-41269eee7c10,ID208858,CID-510,f3e42258-82e7-47f8-9768-41269eee7c10,2025-08-24,2025-09-23,1055.74,63.36,1119.1,Issued,SampleGen
INV-bfa61f4f-fb07-4d2e-adf3-3adc0b02a280,ID208859,CID-510,bfa61f4f-fb07-4d2e-adf3-3adc0b02a280,2025-09-01,2025-10-01,595.88,35.76,631.64,Issued,SampleGen
INV-1fc5a6b3-c4cd-4a0b-bff5-b61f7b98cf22,ID208860,CID-510,1fc5a6b3-c4cd-4a0b-bff5-b61f7b98cf22,2025-08-13,2025-09-12,3683.86,221.04,3904.9,Issued,SampleGen
INV-e7d639e1-68bf-45c1-a7a7-89bbfbccc292,ID208861,CID-510,e7d639e1-68bf-45c1-a7a7-89bbfbccc292,2025-08-18,2025-09-17,2963.84,177.84,3141.68,Issued,SampleGen
INV-3f3f0b2b-2b87-4e2c-93bc-3036f68ff967,ID208862,CID-510,3f3f0b2b-2b87-4e2c-93bc-3036f68ff967,2025-08-12,2025-09-11,263.92,15.84,279.76,Issued,SampleGen
INV-db96d75d-0ce2-4fa8-b5e4-f0282762ca26,ID208863,CID-510,db96d75d-0ce2-4fa8-b5e4-f0282762ca26,2025-09-05,2025-10-05,2599.8,156.0,2755.8,Issued,SampleGen
INV-0e08c98f-ecf4-4f89-abbd-4da1f94ecf94,ID208864,CID-510,0e08c98f-ecf4-4f89-abbd-4da1f94ecf94,2025-09-05,2025-10-05,2439.7,146.4,2586.1,Issued,SampleGen
INV-dc887983-d467-4b3e-807f-4ae09c62860c,ID208865,CID-510,dc887983-d467-4b3e-807f-4ae09c62860c,2025-09-12,2025-10-12,3799.8,228.0,4027.8,Issued,SampleGen
INV-b5db5b82-2be2-452e-a13b-1bda666eb5cb,ID208866,CID-510,b5db5b82-2be2-452e-a13b-1bda666eb5cb,2025-09-06,2025-10-06,1087.72,65.28,1153.0,Issued,SampleGen
INV-54856f81-1290-4c1b-9b75-7b318def4989,ID208867,CID-510,54856f81-1290-4c1b-9b75-7b318def4989,2025-09-05,2025-10-05,893.86,53.64,947.5,Issued,SampleGen
INV-1c0643f4-d8aa-4d00-a9f9-21942ecab395,ID208868,CID-510,1c0643f4-d8aa-4d00-a9f9-21942ecab395,2025-10-10,2025-11-09,907.86,54.48,962.34,Issued,SampleGen
INV-ce47b714-6828-4175-ac0b-6b91b7f89069,ID208869,CID-510,ce47b714-6828-4175-ac0b-6b91b7f89069,2025-10-30,2025-11-29,655.9,39.36,695.26,Issued,SampleGen
INV-da2849d1-b148-4e8e-a4ec-610628a77a22,ID208870,CID-510,da2849d1-b148-4e8e-a4ec-610628a77a22,2025-10-29,2025-11-28,2049.8,123.0,2172.8,Issued,SampleGen
INV-ba426ce1-bb7a-4ffa-80be-3c3c5425f5ab,ID208871,CID-510,ba426ce1-bb7a-4ffa-80be-3c3c5425f5ab,2025-10-22,2025-11-21,1179.84,70.8,1250.64,Issued,SampleGen
INV-0a764e6b-19d1-42bc-a4ab-db01226f4f20,ID208872,CID-510,0a764e6b-19d1-42bc-a4ab-db01226f4f20,2025-10-31,2025-11-30,811.92,48.72,860.64,Issued,SampleGen
INV-23443c12-d224-469b-89d0-374eb3d7e9a2,ID208873,CID-510,23443c12-d224-469b-89d0-374eb3d7e9a2,2025-11-03,2025-12-03,405.86,24.36,430.22,Issued,SampleGen
INV-fbecc7a1-fb4d-4fe7-adc6-095f7cbeb138,ID208874,CID-510,fbecc7a1-fb4d-4fe7-adc6-095f7cbeb138,2025-11-20,2025-12-20,547.9,32.88,580.78,Issued,SampleGen
INV-f56df813-0a40-4bf5-9bb9-528b6c621002,ID208875,CID-510,f56df813-0a40-4bf5-9bb9-528b6c621002,2025-11-30,2025-12-30,2819.86,169.2,2989.06,Issued,SampleGen
INV-bd5d4009-f3f5-41e1-8d5c-1d23f137df50,ID208876,CID-510,bd5d4009-f3f5-41e1-8d5c-1d23f137df50,2025-11-12,2025-12-12,3835.84,230.16,4066.0,Issued,SampleGen
INV-bba87823-74c8-4316-8004-3558cc23566c,ID208877,CID-510,bba87823-74c8-4316-8004-3558cc23566c,2025-11-24,2025-12-24,475.92,28.56,504.48,Issued,SampleGen
INV-f0075cbf-4f65-4ec3-b89b-20fcff099468,ID208878,CID-510,f0075cbf-4f65-4ec3-b89b-20fcff099468,2025-12-03,2026-01-02,4311.76,258.72,4570.48,Issued,SampleGen
INV-55ffe38e-f832-4de6-8219-64a77c96627f,ID208879,CID-510,55ffe38e-f832-4de6-8219-64a77c96627f,2025-12-10,2026-01-09,3855.8,231.36,4087.16,Issued,SampleGen
INV-895c0d1b-f8b9-4706-973d-75af4125fd1c,ID208880,CID-510,895c0d1b-f8b9-4706-973d-75af4125fd1c,2025-12-20,2026-01-19,2729.88,163.8,2893.68,Issued,SampleGen
INV-a48731a4-d36d-4962-b53c-af2a71f71004,ID208881,CID-510,a48731a4-d36d-4962-b53c-af2a71f71004,2025-12-18,2026-01-17,5125.78,307.56,5433.34,Issued,SampleGen
INV-2cd5feb4-d8cb-4415-8d82-71b3d44d769d,ID208882,CID-510,2cd5feb4-d8cb-4415-8d82-71b3d44d769d,2026-01-01,2026-01-31,5111.76,306.72,5418.48,Issued,SampleGen
INV-06793325-0002-496f-bc66-d9b55c9dec44,ID208883,CID-510,06793325-0002-496f-bc66-d9b55c9dec44,2025-12-22,2026-01-21,1305.74,78.36,1384.1,Issued,SampleGen
INV-f9d4e1d9-64db-497c-a010-f4d9bab6b63e,ID208884,CID-510,f9d4e1d9-64db-497c-a010-f4d9bab6b63e,2026-01-03,2026-02-02,2795.88,167.76,2963.64,Issued,SampleGen
INV-61e9eca0-8eb5-465e-b77c-591e97c54de2,ID208885,CID-510,61e9eca0-8eb5-465e-b77c-591e97c54de2,2026-01-14,2026-02-13,679.8,40.8,720.6,Issued,SampleGen
INV-e7e5c1d6-4524-4165-940c-ae385acb1057,ID208886,CID-510,e7e5c1d6-4524-4165-940c-ae385acb1057,2026-01-06,2026-02-05,779.84,46.8,826.64,Issued,SampleGen
INV-13382156-b5a2-4d5e-b751-40cfb9341be4,ID208887,CID-510,13382156-b5a2-4d5e-b751-40cfb9341be4,2026-01-22,2026-02-21,9371.78,562.32,9934.1,Issued,SampleGen
INV-72dd92b0-1d88-4f0f-935e-d0e70fd274be,ID208888,CID-510,72dd92b0-1d88-4f0f-935e-d0e70fd274be,2026-01-03,2026-02-02,1463.86,87.84,1551.7,Issued,SampleGen
INV-fe3b251e-960a-4585-9d2b-e89b395c8e4b,ID208889,CID-510,fe3b251e-960a-4585-9d2b-e89b395c8e4b,2026-01-26,2026-02-25,3699.74,222.0,3921.74,Issued,SampleGen
INV-a3522d51-7a3e-4d03-8cd2-19c066b233bf,ID208890,CID-510,a3522d51-7a3e-4d03-8cd2-19c066b233bf,2026-02-19,2026-03-21,3695.88,221.76,3917.64,Issued,SampleGen
INV-063532df-46bd-4a3c-bce2-9b23d4118821,ID208891,CID-510,063532df-46bd-4a3c-bce2-9b23d4118821,2026-02-12,2026-03-14,879.8,52.8,932.6,Issued,SampleGen
INV-30569350-e19e-43c1-8056-94a635b8bab9,ID208892,CID-510,30569350-e19e-43c1-8056-94a635b8bab9,2026-02-09,2026-03-11,3983.78,239.04,4222.82,Issued,SampleGen
INV-962b383c-eb4f-4066-967b-ed89bd658195,ID208893,CID-510,962b383c-eb4f-4066-967b-ed89bd658195,2026-02-23,2026-03-25,2619.82,157.2,2777.02,Issued,SampleGen
INV-066f8429-2327-4172-b7ab-d31fe9459d9e,ID208894,CID-510,066f8429-2327-4172-b7ab-d31fe9459d9e,2026-02-27,2026-03-29,1299.9,78.0,1377.9,Issued,SampleGen
INV-07f34d3b-521e-48b3-a46c-5368e98bf646,ID208895,CID-510,07f34d3b-521e-48b3-a46c-5368e98bf646,2026-02-18,2026-03-20,671.82,40.32,712.14,Issued,SampleGen
INV-2c229314-4fbb-4ffb-91b1-6fc78c04ead9,ID208896,CID-510,2c229314-4fbb-4ffb-91b1-6fc78c04ead9,2026-04-01,2026-05-01,2171.8,130.32,2302.12,Issued,SampleGen
INV-a63be332-0db3-43e4-8f82-d005d804ec46,ID208897,CID-510,a63be332-0db3-43e4-8f82-d005d804ec46,2026-03-29,2026-04-28,4191.82,251.52,4443.34,Issued,SampleGen
INV-c3f620f8-b2eb-4d14-bcf7-e4cc18873c26,ID208898,CID-510,c3f620f8-b2eb-4d14-bcf7-e4cc18873c26,2026-03-09,2026-04-08,1135.84,68.16,1204.0,Issued,SampleGen
INV-02e73401-b11c-4c04-af95-e7006ed970d5,ID208899,CID-510,02e73401-b11c-4c04-af95-e7006ed970d5,2026-03-20,2026-04-19,1927.84,115.68,2043.52,Issued,SampleGen
INV-41449493-5ebd-4d1e-9788-8138e3b93423,ID208900,CID-510,41449493-5ebd-4d1e-9788-8138e3b93423,2026-03-07,2026-04-06,2323.76,139.44,2463.2,Issued,SampleGen
INV-a6862d10-c563-4e14-bf8a-38d3c730e8f2,ID208901,CID-510,a6862d10-c563-4e14-bf8a-38d3c730e8f2,2026-04-01,2026-05-01,3315.9,198.96,3514.86,Issued,SampleGen
INV-b54b726a-b0d0-4184-9bba-361ce342998f,ID208902,CID-510,b54b726a-b0d0-4184-9bba-361ce342998f,2026-03-13,2026-04-12,797.82,47.88,845.7,Issued,SampleGen
INV-c368a3ba-c8b6-479f-b687-6104050c1240,ID208903,CID-510,c368a3ba-c8b6-479f-b687-6104050c1240,2026-04-13,2026-05-13,2047.88,122.88,2170.76,Issued,SampleGen
INV-592dea46-d29e-4f8d-8888-ce710b4c2dbe,ID208904,CID-510,592dea46-d29e-4f8d-8888-ce710b4c2dbe,2026-04-15,2026-05-15,2075.72,124.56,2200.28,Issued,SampleGen
INV-fafa8d39-9601-4ca6-8ae0-43456cb9d13f,ID208905,CID-510,fafa8d39-9601-4ca6-8ae0-43456cb9d13f,2026-04-20,2026-05-20,1827.8,109.68,1937.48,Issued,SampleGen
INV-e766b8f2-f152-4ab7-b729-869b74cbce06,ID208906,CID-510,e766b8f2-f152-4ab7-b729-869b74cbce06,2026-04-03,2026-05-03,2715.9,162.96,2878.86,Issued,SampleGen
INV-71ef8530-5c41-43da-aab8-79259c20449b,ID208907,CID-510,71ef8530-5c41-43da-aab8-79259c20449b,2026-04-30,2026-05-30,371.88,22.32,394.2,Issued,SampleGen
INV-6923c6a4-13be-42f1-b01c-3c9ac14f9ded,ID208908,CID-510,6923c6a4-13be-42f1-b01c-3c9ac14f9ded,2026-04-05,2026-05-05,2923.82,175.44,3099.26,Issued,SampleGen
INV-14c3948e-270d-45b0-8539-9423c6c34c3d,ID208909,CID-510,14c3948e-270d-45b0-8539-9423c6c34c3d,2026-04-08,2026-05-08,5699.7,342.0,6041.7,Issued,SampleGen
INV-0cf216c6-0ba2-4118-b799-e09075bb26f6,ID208910,CID-511,0cf216c6-0ba2-4118-b799-e09075bb26f6,2025-01-04,2025-02-03,1807.78,108.48,1916.26,Issued,SampleGen
INV-722eaea8-10fd-4c07-a48c-452b0b05c34f,ID208911,CID-511,722eaea8-10fd-4c07-a48c-452b0b05c34f,2025-02-11,2025-03-13,1589.8,95.4,1685.2,Issued,SampleGen
INV-f9cc0eb0-28ae-4054-b57c-b7cceb4d6389,ID208912,CID-511,f9cc0eb0-28ae-4054-b57c-b7cceb4d6389,2025-03-17,2025-04-16,4523.78,271.44,4795.22,Issued,SampleGen
INV-0a404347-d0c9-4ef7-8f2e-ff9d86c69087,ID208913,CID-511,0a404347-d0c9-4ef7-8f2e-ff9d86c69087,2025-03-19,2025-04-18,687.86,41.28,729.14,Issued,SampleGen
INV-9fcca901-2296-4ca2-b0f3-c3986465786a,ID208914,CID-511,9fcca901-2296-4ca2-b0f3-c3986465786a,2025-04-11,2025-05-11,1797.78,107.88,1905.66,Issued,SampleGen
INV-381235bc-a5e4-4245-a8d4-7147372beda6,ID208915,CID-511,381235bc-a5e4-4245-a8d4-7147372beda6,2025-04-13,2025-05-13,3639.74,218.4,3858.14,Issued,SampleGen
INV-c390d45d-9717-41b6-b0c0-893879d344ff,ID208916,CID-511,c390d45d-9717-41b6-b0c0-893879d344ff,2025-05-07,2025-06-06,767.9,46.08,813.98,Issued,SampleGen
INV-aee83602-4d55-48d5-9d7b-907d1ccb86af,ID208917,CID-511,aee83602-4d55-48d5-9d7b-907d1ccb86af,2025-06-03,2025-07-03,1035.9,62.16,1098.06,Issued,SampleGen
INV-4cd34ed5-6a6c-4da8-8ea0-9ab62669b5a5,ID208918,CID-511,4cd34ed5-6a6c-4da8-8ea0-9ab62669b5a5,2025-06-25,2025-07-25,6183.8,371.04,6554.84,Issued,SampleGen
INV-8eaa82ba-2d95-4ed4-8d08-544ed6c85255,ID208919,CID-511,8eaa82ba-2d95-4ed4-8d08-544ed6c85255,2025-07-06,2025-08-05,659.88,39.6,699.48,Issued,SampleGen
INV-a2ff948d-ffca-4ecb-984f-aa5d726aa4d4,ID208920,CID-511,a2ff948d-ffca-4ecb-984f-aa5d726aa4d4,2025-07-26,2025-08-25,425.88,25.56,451.44,Issued,SampleGen
INV-052e82c0-3257-49aa-bd35-7c7b0b497c09,ID208921,CID-511,052e82c0-3257-49aa-bd35-7c7b0b497c09,2025-08-06,2025-09-05,1799.84,108.0,1907.84,Issued,SampleGen
INV-31dac01b-4172-40c3-9266-1b4f8397bb5c,ID208922,CID-511,31dac01b-4172-40c3-9266-1b4f8397bb5c,2025-08-24,2025-09-23,1519.92,91.2,1611.12,Issued,SampleGen
INV-64c9c5b7-fdc7-43b8-9b75-8583f2f7463c,ID208923,CID-511,64c9c5b7-fdc7-43b8-9b75-8583f2f7463c,2025-09-13,2025-10-13,1311.78,78.72,1390.5,Issued,SampleGen
INV-82a34156-effc-4517-ad07-c231d872d2ca,ID208924,CID-511,82a34156-effc-4517-ad07-c231d872d2ca,2025-09-22,2025-10-22,1497.84,89.88,1587.72,Issued,SampleGen
INV-b94e2dfc-6d23-43ae-8d1f-269f8fa4a878,ID208925,CID-511,b94e2dfc-6d23-43ae-8d1f-269f8fa4a878,2025-10-13,2025-11-12,779.76,46.8,826.56,Issued,SampleGen
INV-a125ca76-43e6-400f-87f3-60f3f7e0cf2e,ID208926,CID-511,a125ca76-43e6-400f-87f3-60f3f7e0cf2e,2025-10-22,2025-11-21,1439.84,86.4,1526.24,Issued,SampleGen
INV-54df309c-084e-40f3-ad67-779df95497fd,ID208927,CID-511,54df309c-084e-40f3-ad67-779df95497fd,2025-11-17,2025-12-17,4039.8,242.4,4282.2,Issued,SampleGen
INV-5fb9a5ef-5778-4c1e-935f-7faee8f1e09b,ID208928,CID-511,5fb9a5ef-5778-4c1e-935f-7faee8f1e09b,2025-11-13,2025-12-13,4427.7,265.68,4693.38,Issued,SampleGen
INV-f97afc17-511b-4165-9d82-d546ba5c403c,ID208929,CID-511,f97afc17-511b-4165-9d82-d546ba5c403c,2025-12-08,2026-01-07,1069.78,64.2,1133.98,Issued,SampleGen
INV-38c58adf-7917-40a6-865d-90faafcc990c,ID208930,CID-511,38c58adf-7917-40a6-865d-90faafcc990c,2025-12-22,2026-01-21,1323.9,79.44,1403.34,Issued,SampleGen
INV-eb18f78e-8c48-4b5d-8140-02db7ddd877e,ID208931,CID-511,eb18f78e-8c48-4b5d-8140-02db7ddd877e,2026-01-14,2026-02-13,2079.8,124.8,2204.6,Issued,SampleGen
INV-ee1ca737-9472-476e-9c68-155d22881c2a,ID208932,CID-511,ee1ca737-9472-476e-9c68-155d22881c2a,2026-01-11,2026-02-10,2475.72,148.56,2624.28,Issued,SampleGen
INV-7e67e1db-fb6d-4319-81d0-f9cdc8050ebd,ID208933,CID-511,7e67e1db-fb6d-4319-81d0-f9cdc8050ebd,2026-02-17,2026-03-19,2727.84,163.68,2891.52,Issued,SampleGen
INV-047544c3-373e-448c-af5d-9a1d30ed986e,ID208934,CID-511,047544c3-373e-448c-af5d-9a1d30ed986e,2026-02-21,2026-03-23,3059.82,183.6,3243.42,Issued,SampleGen
INV-bc5bdba6-2ec0-4ac6-805d-7920684b7aa0,ID208935,CID-511,bc5bdba6-2ec0-4ac6-805d-7920684b7aa0,2026-02-12,2026-03-14,2611.78,156.72,2768.5,Issued,SampleGen
INV-240096e6-9da6-4d58-ae8f-f5a4a642bfed,ID208936,CID-511,240096e6-9da6-4d58-ae8f-f5a4a642bfed,2026-03-15,2026-04-14,4183.78,251.04,4434.82,Issued,SampleGen
INV-b8e139b0-29a7-42dd-81af-34530d67dd78,ID208937,CID-511,b8e139b0-29a7-42dd-81af-34530d67dd78,2026-03-31,2026-04-30,485.88,29.16,515.04,Issued,SampleGen
INV-f08fa560-0be0-43a4-8036-c1d387695883,ID208938,CID-511,f08fa560-0be0-43a4-8036-c1d387695883,2026-03-11,2026-04-10,2251.86,135.12,2386.98,Issued,SampleGen
INV-1af87d8d-4cb0-49db-b229-d708d64a1bb9,ID208939,CID-511,1af87d8d-4cb0-49db-b229-d708d64a1bb9,2026-04-04,2026-05-04,1061.72,63.72,1125.44,Issued,SampleGen
INV-f8aace95-a4fa-423a-82ff-4e8121ed38e7,ID208940,CID-511,f8aace95-a4fa-423a-82ff-4e8121ed38e7,2026-04-17,2026-05-17,237.9,14.28,252.18,Issued,SampleGen
INV-357557b8-024c-478d-953c-3a54ea8ad85d,ID208941,CID-511,357557b8-024c-478d-953c-3a54ea8ad85d,2026-04-27,2026-05-27,2463.92,147.84,2611.76,Issued,SampleGen
INV-adaf5b51-942f-4150-a8a0-d8440b9fb372,ID208942,CID-512,adaf5b51-942f-4150-a8a0-d8440b9fb372,2025-02-01,2025-03-03,2519.84,151.2,2671.04,Issued,SampleGen
INV-8354cbdc-822a-4b90-80c1-a68bab31c12d,ID208943,CID-512,8354cbdc-822a-4b90-80c1-a68bab31c12d,2025-02-12,2025-03-14,2175.82,130.56,2306.38,Issued,SampleGen
INV-8b2bcc20-9e3f-44ad-a8b0-6f85b370b44b,ID208944,CID-512,8b2bcc20-9e3f-44ad-a8b0-6f85b370b44b,2025-03-08,2025-04-07,1843.92,110.64,1954.56,Issued,SampleGen
INV-30a37243-1554-42e5-a48a-6afbacfaca47,ID208945,CID-512,30a37243-1554-42e5-a48a-6afbacfaca47,2025-04-26,2025-05-26,315.92,18.96,334.88,Issued,SampleGen
INV-a3bae465-7c4c-4379-a9b5-5e4837d3d9e6,ID208946,CID-512,a3bae465-7c4c-4379-a9b5-5e4837d3d9e6,2025-05-29,2025-06-28,1403.78,84.24,1488.02,Issued,SampleGen
INV-42594df7-b4ca-40a3-81ec-f591bce3663f,ID208947,CID-512,42594df7-b4ca-40a3-81ec-f591bce3663f,2025-05-28,2025-06-27,3475.76,208.56,3684.32,Issued,SampleGen
INV-0f74aa51-ee16-49f8-84a6-d0313a08561f,ID208948,CID-512,0f74aa51-ee16-49f8-84a6-d0313a08561f,2025-06-06,2025-07-06,3519.78,211.2,3730.98,Issued,SampleGen
INV-3cecc7db-12a2-4c57-90b3-05c91f1ff42a,ID208949,CID-512,3cecc7db-12a2-4c57-90b3-05c91f1ff42a,2025-06-08,2025-07-08,1903.82,114.24,2018.06,Issued,SampleGen
INV-03e5a084-45b3-42b8-b444-f8851d44e2da,ID208950,CID-512,03e5a084-45b3-42b8-b444-f8851d44e2da,2025-07-02,2025-08-01,1035.78,62.16,1097.94,Issued,SampleGen
INV-9eff0042-4e22-4ba8-8690-1350a8e9e638,ID208951,CID-512,9eff0042-4e22-4ba8-8690-1350a8e9e638,2025-07-03,2025-08-02,5347.76,320.88,5668.64,Issued,SampleGen
INV-4594be17-1b96-4c18-83df-20204433ffb5,ID208952,CID-512,4594be17-1b96-4c18-83df-20204433ffb5,2025-08-16,2025-09-15,1995.76,119.76,2115.52,Issued,SampleGen
INV-918b42a0-5154-434b-8b0a-c5d123b1374b,ID208953,CID-512,918b42a0-5154-434b-8b0a-c5d123b1374b,2025-08-09,2025-09-08,1439.84,86.4,1526.24,Issued,SampleGen
INV-b5419293-b384-4bca-b199-077d755bf012,ID208954,CID-512,b5419293-b384-4bca-b199-077d755bf012,2025-09-09,2025-10-09,3847.76,230.88,4078.64,Issued,SampleGen
INV-dc14f423-260b-4e43-b0f4-c44ce3d1837d,ID208955,CID-512,dc14f423-260b-4e43-b0f4-c44ce3d1837d,2025-09-16,2025-10-16,1463.72,87.84,1551.56,Issued,SampleGen
INV-00c7068e-24c9-4f3f-8a35-95c3dac2b4c5,ID208956,CID-512,00c7068e-24c9-4f3f-8a35-95c3dac2b4c5,2025-10-12,2025-11-11,2519.84,151.2,2671.04,Issued,SampleGen
INV-a8942910-b456-4919-a255-c9747cedabee,ID208957,CID-512,a8942910-b456-4919-a255-c9747cedabee,2025-10-29,2025-11-28,3211.78,192.72,3404.5,Issued,SampleGen
INV-a1e9c071-12be-4f63-b73d-66fe516d20ac,ID208958,CID-512,a1e9c071-12be-4f63-b73d-66fe516d20ac,2025-10-25,2025-11-24,545.82,32.76,578.58,Issued,SampleGen
INV-5faf62ac-0545-4d95-afe7-c58240a33474,ID208959,CID-512,5faf62ac-0545-4d95-afe7-c58240a33474,2025-11-17,2025-12-17,647.88,38.88,686.76,Issued,SampleGen
INV-a4da3cf4-977b-4b9c-b1fb-85a6fb266240,ID208960,CID-512,a4da3cf4-977b-4b9c-b1fb-85a6fb266240,2025-11-29,2025-12-29,3479.72,208.8,3688.52,Issued,SampleGen
INV-018e4d9c-4910-4821-bf80-68f0e41f5f2e,ID208961,CID-512,018e4d9c-4910-4821-bf80-68f0e41f5f2e,2025-12-14,2026-01-13,1795.86,107.76,1903.62,Issued,SampleGen
INV-49eadc57-a698-450b-a66f-56af5d9dc066,ID208962,CID-512,49eadc57-a698-450b-a66f-56af5d9dc066,2025-12-28,2026-01-27,3511.76,210.72,3722.48,Issued,SampleGen
INV-a99c3aad-ee82-4336-9b8b-43d027bb9044,ID208963,CID-512,a99c3aad-ee82-4336-9b8b-43d027bb9044,2025-12-17,2026-01-16,1003.84,60.24,1064.08,Issued,SampleGen
INV-195de743-6389-4ff3-af0f-6ab48481c732,ID208964,CID-512,195de743-6389-4ff3-af0f-6ab48481c732,2026-01-15,2026-02-14,2013.82,120.84,2134.66,Issued,SampleGen
INV-e9411337-730e-4e64-8edd-a5eec0801543,ID208965,CID-512,e9411337-730e-4e64-8edd-a5eec0801543,2026-01-16,2026-02-15,951.84,57.12,1008.96,Issued,SampleGen
INV-56569524-2fe0-472b-8e81-4dbe2f5023ea,ID208966,CID-512,56569524-2fe0-472b-8e81-4dbe2f5023ea,2026-01-22,2026-02-21,865.78,51.96,917.74,Issued,SampleGen
INV-4d333bde-d456-4c25-be01-15e6281381db,ID208967,CID-512,4d333bde-d456-4c25-be01-15e6281381db,2026-01-12,2026-02-11,3635.82,218.16,3853.98,Issued,SampleGen
INV-db8400c8-54b7-4849-9ee9-ed6b771a66f0,ID208968,CID-512,db8400c8-54b7-4849-9ee9-ed6b771a66f0,2026-02-22,2026-03-24,3399.76,204.0,3603.76,Issued,SampleGen
INV-f7874091-3506-4eef-b7e5-756de8c71b8a,ID208969,CID-512,f7874091-3506-4eef-b7e5-756de8c71b8a,2026-02-08,2026-03-10,411.92,24.72,436.64,Issued,SampleGen
INV-a340ba2a-8a57-4a41-a936-2b511e4a4f0b,ID208970,CID-512,a340ba2a-8a57-4a41-a936-2b511e4a4f0b,2026-03-01,2026-03-31,789.84,47.4,837.24,Issued,SampleGen
INV-757af73c-4072-4bd3-80b4-c4b72c7987a1,ID208971,CID-512,757af73c-4072-4bd3-80b4-c4b72c7987a1,2026-03-03,2026-04-02,1287.74,77.28,1365.02,Issued,SampleGen
INV-512192b4-a346-45d3-9537-84312c5b28e3,ID208972,CID-512,512192b4-a346-45d3-9537-84312c5b28e3,2026-03-03,2026-04-02,1731.84,103.92,1835.76,Issued,SampleGen
INV-889fec9a-2c1a-4489-af69-9c1aea109dba,ID208973,CID-512,889fec9a-2c1a-4489-af69-9c1aea109dba,2026-03-17,2026-04-16,863.76,51.84,915.6,Issued,SampleGen
INV-4897df72-a2a0-40e6-aafe-ae517ac395dc,ID208974,CID-512,4897df72-a2a0-40e6-aafe-ae517ac395dc,2026-03-18,2026-04-17,1799.82,108.0,1907.82,Issued,SampleGen
INV-7a43ba0e-1d2e-451c-8871-6820e5589c1e,ID208975,CID-512,7a43ba0e-1d2e-451c-8871-6820e5589c1e,2026-04-30,2026-05-30,1907.7,114.48,2022.18,Issued,SampleGen
INV-7c2dc21f-e33d-4924-9ae7-dd5d180f7708,ID208976,CID-512,7c2dc21f-e33d-4924-9ae7-dd5d180f7708,2026-04-21,2026-05-21,177.9,10.68,188.58,Issued,SampleGen
INV-3852427e-a05a-42ee-9636-81ad1fd24ac8,ID208977,CID-512,3852427e-a05a-42ee-9636-81ad1fd24ac8,2026-04-29,2026-05-29,1459.86,87.6,1547.46,Issued,SampleGen
INV-194332d2-33d9-4a92-ae32-f89b52f83488,ID208978,CID-512,194332d2-33d9-4a92-ae32-f89b52f83488,2026-04-16,2026-05-16,3811.74,228.72,4040.46,Issued,SampleGen
INV-c8b33383-2752-41e3-93ab-14e36542cb6e,ID208979,CID-513,c8b33383-2752-41e3-93ab-14e36542cb6e,2025-01-02,2025-02-01,459.88,27.6,487.48,Issued,SampleGen
INV-fd207a26-a349-4ba3-9047-9102965938b3,ID208980,CID-513,fd207a26-a349-4ba3-9047-9102965938b3,2025-09-04,2025-10-04,1691.74,101.52,1793.26,Issued,SampleGen
INV-144ed65b-3ed1-4445-8c36-dfad7e7bd0f9,ID208981,CID-513,144ed65b-3ed1-4445-8c36-dfad7e7bd0f9,2025-12-19,2026-01-18,1111.82,66.72,1178.54,Issued,SampleGen
INV-b3dfa8f6-30b7-4120-894c-63420d9a911e,ID208982,CID-513,b3dfa8f6-30b7-4120-894c-63420d9a911e,2026-01-07,2026-02-06,3359.76,201.6,3561.36,Issued,SampleGen
INV-3df02b79-81b8-4d43-92fe-efbe330021de,ID208983,CID-513,3df02b79-81b8-4d43-92fe-efbe330021de,2026-03-30,2026-04-29,1221.82,73.32,1295.14,Issued,SampleGen
